6.11 1280
21.00 104.81 -403.10 379.89 -556.14 -0.74 -0.48 0.69 0.46 0.41 0.01 0.42
5.00 0.19 -540.51 308.30 -342.45 -0.67 0.96 0.39 0.37 0.37 0.69 0.86
15.00 33.94 -391.66 -4.98 -420.77 -0.18 0.43 -0.24 0.34 0.31 0.81 0.87
10.00 16.27 416.68 457.37 3.33 0.27 0.76 0.71 0.56 0.00 0.81 0.07
9.00 1.50 -285.89 258.08 -252.37 0.98 -0.98 -0.31 0.93 0.47 0.53 0.50
15.00 32.06 -510.42 308.76 266.33 0.74 -0.32 0.46 0.17 0.70 0.86 0.32
6.00 9.35 -476.06 -401.12 486.20 -0.05 -0.87 -0.09 0.61 0.82 0.45 0.93
18.00 84.77 75.25 -275.05 -559.02 0.29 0.85 0.26 0.40 0.87 0.73 0.14
9.00 8.38 127.34 482.76 -464.87 -0.97 -0.80 -0.25 0.89 0.58 0.37 0.78
10.00 8.08 440.36 345.59 328.67 0.70 -0.79 0.74 0.38 0.57 0.23 0.36
9.00 17.04 -250.37 -272.11 409.03 -0.63 -0.01 0.65 0.44 0.87 0.49 0.28
22.00 89.19 396.48 201.05 -9.71 -0.02 -0.25 0.20 0.09 0.51 0.79 0.31
8.00 17.12 289.57 -137.91 362.03 -0.19 -0.85 -0.17 0.03 0.12 0.22 0.49
7.00 13.31 498.33 331.16 -331.05 -0.57 0.39 0.99 0.03 0.01 0.01 0.80
19.00 10.55 -83.25 168.21 131.92 -0.01 -0.75 -0.68 0.44 0.12 0.08 0.43
11.00 14.45 413.22 -303.20 314.25 -0.76 -0.75 0.20 0.75 0.78 0.78 0.81
5.00 3.81 67.40 -89.12 160.03 -0.81 0.01 0.68 0.12 0.34 0.40 0.01
7.00 9.74 665.65 76.68 334.79 0.19 0.10 0.27 0.91 0.03 0.81 0.06
6.00 9.09 -286.68 -209.48 -682.28 -0.20 0.13 0.27 0.53 0.90 0.48 0.79
24.00 47.10 291.26 400.80 403.16 0.47 -0.12 0.12 0.70 0.29 0.96 0.60
12.00 15.53 273.89 79.05 -650.04 0.99 0.11 -0.35 0.47 0.65 0.85 0.31
6.00 8.37 -57.39 125.39 -604.57 -0.21 -0.32 0.71 0.52 0.15 0.98 0.60
8.00 5.58 186.47 -577.15 -461.90 -0.51 -0.40 0.70 0.90 0.87 0.03 0.45
9.00 18.76 27.31 -690.43 -238.19 -0.65 0.97 0.25 0.17 0.25 0.42 0.17
8.00 11.18 -147.91 347.67 431.02 -0.23 -0.73 0.01 0.01 0.16 0.27 0.81
6.00 7.47 -401.46 366.92 -451.13 0.44 0.34 -0.16 0.53 0.02 0.54 0.38
17.00 53.65 24.14 -419.65 138.11 0.22 -0.52 -0.43 0.24 0.88 0.92 0.19
34.00 159.72 277.02 523.35 -213.67 -0.61 -0.70 0.52 0.97 0.03 0.04 0.39
9.00 13.81 287.59 359.13 468.70 -0.02 -0.75 0.98 0.69 0.42 0.89 0.56
5.00 5.44 -311.59 -469.43 456.62 0.70 0.60 0.13 0.79 0.87 0.12 0.88
9.00 21.07 -136.81 -429.07 316.62 0.60 0.51 0.39 0.18 0.74 0.09 0.61
21.00 66.21 -538.35 -71.14 -55.33 0.84 0.55 0.20 0.92 0.73 0.53 0.21
10.00 8.70 -39.38 -566.41 505.95 0.58 -0.14 -0.72 0.87 0.96 0.94 0.24
18.00 38.06 197.98 256.25 411.57 0.83 0.81 0.19 0.13 0.29 0.04 0.05
12.00 10.89 641.69 -296.86 364.33 -0.63 0.37 0.81 0.70 0.90 0.34 0.12
14.00 43.44 173.08 -383.41 366.95 0.74 -0.64 -0.30 0.42 0.57 0.79 0.89
6.00 9.19 663.50 -328.59 104.20 0.50 0.63 0.51 0.14 0.58 0.03 0.26
20.00 105.46 461.43 316.78 -554.76 0.35 0.97 -0.86 0.72 0.23 0.36 0.70
5.00 1.16 -446.39 -312.99 -464.23 -0.51 0.52 -0.04 0.75 0.77 0.40 0.10
12.00 12.08 -200.17 -384.34 -171.15 -0.08 0.70 -0.23 0.64 0.30 0.98 0.25
7.00 13.59 259.82 -295.61 -331.13 -0.10 -0.06 0.30 0.24 0.75 0.55 0.43
24.00 76.67 49.49 -470.96 311.59 0.23 0.57 0.00 0.71 0.03 0.31 0.47
5.00 2.75 -714.72 -45.01 -96.44 0.80 0.96 0.62 0.16 0.01 0.82 0.58
16.00 55.49 650.84 -182.66 -283.62 -0.72 -0.54 0.94 0.35 0.14 0.93 0.31
5.00 5.88 -518.90 385.81 -303.21 -0.40 0.69 -0.93 0.24 0.16 0.75 0.65
7.00 7.03 -457.86 -221.70 175.41 0.25 -0.30 -0.57 0.56 0.38 0.21 0.91
6.00 0.71 84.18 726.12 39.90 -0.96 -0.35 0.23 0.49 0.40 0.45 0.45
18.00 5.53 375.08 239.99 491.39 0.79 -0.47 0.77 0.31 0.76 0.16 0.83
6.00 9.54 281.08 -120.58 -262.97 -0.42 -0.40 -0.54 0.20 0.69 0.56 0.58
11.00 21.16 613.77 -132.80 478.72 -0.68 0.90 0.86 0.66 0.93 0.55 0.28
5.00 3.05 -112.00 24.97 162.01 0.56 0.49 -0.47 0.66 0.19 0.46 0.05
17.00 58.90 -194.20 293.33 456.58 0.73 0.66 0.31 0.86 0.41 0.01 0.60
6.00 8.40 -490.84 -71.14 -55.35 0.23 0.14 0.23 0.68 0.42 0.32 0.96
5.00 6.46 556.65 4.18 545.62 -0.68 -0.81 -0.64 0.67 0.63 0.32 0.29
5.00 3.18 -200.37 374.12 -613.80 0.05 0.72 0.50 0.01 0.04 0.19 0.41
5.00 5.26 -203.08 58.97 -551.00 0.70 0.83 0.83 0.10 0.30 0.84 0.45
8.00 14.97 61.94 -419.76 -600.33 -0.06 0.61 0.12 0.39 0.44 0.43 0.03
10.00 24.71 -352.74 596.06 114.69 -0.89 -0.75 0.87 0.32 0.36 0.49 0.17
10.00 24.11 244.12 333.68 -420.20 -0.92 0.18 0.45 0.29 0.80 0.17 0.97
6.00 4.70 56.37 259.59 150.58 -0.82 -0.53 -0.96 0.06 0.69 0.71 0.02
13.00 39.16 -502.17 -97.06 -86.10 0.82 0.67 -0.50 0.41 0.35 0.85 0.16
21.00 38.53 65.42 404.65 -75.86 -0.82 -0.41 -0.87 0.91 0.06 0.88 0.95
11.00 31.40 -203.01 -167.81 707.14 -0.82 -0.81 -0.77 0.07 0.99 0.22 0.86
14.00 52.59 -381.85 -91.93 392.99 0.79 -0.64 0.21 0.25 0.40 0.55 0.77
8.00 1.17 386.29 -457.54 20.34 0.50 -0.34 -0.98 0.20 0.90 0.23 0.65
7.00 8.23 267.40 -149.49 99.63 -0.08 -0.03 -0.98 0.81 0.31 0.80 0.69
6.00 3.78 -688.18 -284.38 -228.09 0.56 0.81 0.39 0.53 0.73 0.65 0.52
39.00 85.94 411.73 346.03 -161.66 -0.41 -0.94 0.65 0.50 0.80 0.85 0.71
7.00 10.14 97.21 118.30 303.68 -0.06 -0.89 0.19 0.41 0.96 0.28 0.70
28.00 112.20 181.06 526.18 -293.52 -0.06 -0.39 0.55 0.04 0.72 0.57 0.10
5.00 2.23 -331.62 231.37 -164.66 -0.19 -0.49 -0.69 0.19 0.66 0.40 0.94
17.00 13.60 -641.28 -159.36 84.46 0.44 -0.88 0.99 0.30 0.86 0.31 0.99
39.00 14.57 -385.87 234.40 -316.11 0.46 -0.53 -0.87 0.58 0.47 0.49 0.43
6.00 7.30 -124.67 -126.39 656.10 -0.06 -0.17 0.39 0.41 0.02 0.47 0.95
11.00 19.51 -187.92 -519.74 -510.07 -0.99 -0.21 0.07 0.05 0.68 0.84 0.17
21.00 30.19 -540.13 574.78 31.01 0.99 -0.96 -0.71 0.22 0.32 0.78 0.08
9.00 14.10 -242.33 89.57 -664.06 -0.77 0.60 0.22 0.30 0.97 0.92 0.96
10.00 17.31 -190.36 61.93 259.86 -0.64 0.40 0.14 0.25 0.32 0.56 0.32
14.00 3.43 -15.66 424.67 -502.80 0.92 -0.54 -0.93 0.55 0.08 0.93 0.95
7.00 5.81 -223.15 -260.76 -110.07 -0.13 0.17 -0.66 0.11 0.01 0.32 0.91
11.00 29.99 -597.94 -509.74 131.66 -0.35 0.05 -0.74 0.24 0.73 0.04 0.75
9.00 18.30 453.36 18.51 320.45 0.21 -0.32 0.40 0.08 0.49 0.67 0.49
8.00 14.88 -426.86 -529.22 22.21 0.86 -0.46 0.24 0.71 0.34 0.15 0.39
7.00 4.72 -611.68 -361.37 -308.29 -0.36 0.66 0.10 0.58 0.65 0.32 0.75
12.00 24.09 646.48 97.73 44.41 -0.25 -0.39 0.33 0.58 0.36 0.84 0.70
5.00 4.22 175.71 627.52 -350.58 0.89 -0.79 0.44 0.83 0.46 0.34 0.75
5.00 0.29 -198.66 18.43 -516.46 0.30 0.06 0.87 0.15 0.13 0.86 0.53
8.00 16.67 -73.05 -136.41 164.89 0.00 0.05 0.10 0.38 0.47 0.20 0.74
6.00 4.43 291.78 176.61 42.32 -0.02 -0.11 0.15 0.04 0.25 0.17 0.84
10.00 21.49 -350.58 -292.53 -190.94 -0.58 0.86 0.29 0.92 0.32 0.51 0.58
10.00 5.54 -68.42 26.58 -312.27 0.15 -0.84 0.05 0.13 0.78 0.39 0.55
8.00 17.44 191.24 297.71 -88.07 -0.24 0.17 -0.40 0.90 0.31 0.06 0.62
6.00 0.15 -144.79 372.01 410.92 0.97 0.40 0.63 0.41 0.18 0.18 0.88
34.00 257.96 239.49 757.71 75.40 -0.03 -0.32 -0.96 0.75 0.81 0.26 0.35
17.00 22.16 -245.53 -704.92 154.75 -0.51 -0.10 0.28 0.61 0.77 0.21 0.43
9.00 18.06 77.95 58.97 -625.83 0.00 0.16 0.47 0.74 0.73 0.02 0.62
33.00 279.91 174.89 10.65 -549.14 -0.59 0.88 -0.27 0.89 0.51 0.19 0.92
24.00 78.99 257.81 -154.27 -654.06 -0.10 0.80 0.39 0.36 0.84 0.77 0.43
13.00 9.25 253.50 -441.36 139.78 -0.89 -0.02 0.61 0.51 0.49 0.84 0.93
14.00 4.35 -597.27 55.62 -38.87 0.02 -0.40 0.01 0.33 0.38 0.05 0.03
6.00 3.63 408.09 466.75 -168.22 0.89 -0.41 -0.77 0.81 0.66 0.57 0.90
10.00 6.63 523.16 -274.66 413.08 0.16 -0.43 0.49 0.16 0.93 0.02 0.02
20.00 67.31 482.22 86.20 -408.31 0.96 0.92 0.06 0.61 0.72 0.95 0.86
5.00 6.32 -751.54 6.14 -200.23 0.20 0.28 0.28 0.41 0.76 0.33 0.44
21.00 87.63 430.62 -598.20 262.77 -0.18 -0.46 -0.62 0.85 0.41 0.46 0.51
7.00 12.86 -34.36 327.55 -338.22 -0.63 -0.45 0.42 0.19 0.99 0.06 0.51
7.00 8.05 -669.38 151.88 -8.31 -0.46 -0.51 -0.78 0.23 0.84 0.11 0.22
10.00 13.98 -279.53 600.56 74.21 0.95 -0.23 0.74 0.40 0.25 0.44 0.31
14.00 30.46 109.29 -97.05 780.40 0.40 -0.32 -0.43 0.30 0.78 0.58 0.06
14.00 47.89 -245.16 215.27 666.28 0.43 -0.80 -0.64 0.39 0.40 0.37 0.70
8.00 12.64 -403.09 -270.66 -225.92 -0.75 0.66 0.10 0.31 0.66 0.24 0.39
30.00 83.83 711.60 -146.58 -103.53 0.33 -0.43 0.84 0.59 0.14 0.35 0.64
34.00 100.63 -95.30 422.83 163.47 -0.61 -0.34 0.87 0.99 0.63 0.35 0.91
5.00 4.70 118.86 627.30 91.58 -0.81 -0.98 0.60 0.36 0.01 0.79 0.36
8.00 10.94 -141.24 59.87 406.65 0.71 -0.90 -0.59 0.79 0.56 1.00 0.65
15.00 57.94 -296.07 -19.28 493.61 0.30 0.83 0.15 0.33 0.93 0.63 0.41
29.00 38.30 75.09 144.14 370.77 -0.08 0.39 -0.75 0.13 0.76 0.40 0.47
6.00 2.18 587.36 -428.17 -12.11 0.77 -0.15 -0.52 0.14 0.87 0.57 0.34
22.00 14.39 273.98 -327.46 441.41 -0.43 -0.86 -0.14 0.24 0.29 0.38 0.33
8.00 8.68 -620.37 -219.38 130.22 0.13 0.53 -0.28 0.02 0.24 0.97 0.62
5.00 0.65 -368.63 105.10 126.71 0.99 -0.75 -0.61 0.20 0.82 0.75 0.44
9.00 21.30 751.78 170.87 -49.50 -0.84 0.36 0.88 0.00 0.66 0.04 0.94
9.00 16.00 566.48 281.91 -244.97 0.75 0.40 -0.84 0.12 0.96 0.75 0.22
7.00 7.47 294.26 468.02 -353.41 0.70 -0.05 0.34 0.28 0.76 0.01 0.91
23.00 130.26 202.28 115.05 -524.95 0.95 -0.84 -0.20 0.48 0.52 0.86 0.80
7.00 7.70 -401.80 255.63 376.07 -0.27 0.71 -0.31 0.10 0.02 0.82 0.39
5.00 0.02 -7.71 506.27 260.80 0.64 0.85 -0.67 0.78 0.65 0.57 0.40
9.00 4.09 -713.25 -84.93 -246.62 -0.16 -0.82 0.24 0.75 0.19 0.29 0.71
16.00 36.96 276.85 -4.17 232.72 0.10 0.43 0.58 0.68 0.40 0.74 0.36
22.00 5.47 -183.84 64.52 -229.43 -0.46 0.93 -0.70 0.52 0.97 0.49 0.31
39.00 396.22 235.87 -271.40 -514.39 -0.62 -0.60 0.39 0.11 0.33 0.80 0.52
23.00 126.88 -466.80 -480.66 -187.16 0.26 -0.46 0.03 0.65 0.00 0.37 0.09
16.00 67.37 -310.44 179.33 25.36 -0.02 0.06 -0.92 0.84 0.78 0.45 0.25
12.00 0.91 -255.93 -144.01 -489.93 -0.70 0.04 -0.20 0.42 0.36 0.54 0.29
20.00 49.52 -62.99 94.94 322.18 -0.52 -0.22 0.94 0.62 0.31 0.74 0.67
7.00 13.42 -324.41 170.55 -121.51 0.56 0.97 -0.13 0.95 0.35 0.17 0.37
11.00 10.07 -66.44 577.35 -337.84 0.82 -0.81 -0.09 0.87 0.29 0.37 0.77
5.00 3.78 -112.38 234.87 -401.35 0.54 -0.21 0.37 0.89 0.10 0.67 0.87
23.00 48.22 -528.70 265.44 33.08 -0.97 -0.48 -0.70 0.21 0.79 0.42 0.31
15.00 60.28 266.89 -610.57 -280.84 0.92 0.06 -0.69 0.90 0.40 0.62 0.39
7.00 2.94 -37.66 591.38 -275.78 -0.02 -0.95 -0.60 0.88 0.98 0.35 0.97
10.00 22.65 -244.96 -380.33 299.24 0.68 0.06 0.21 0.82 0.67 0.84 0.73
5.00 4.45 603.13 3.74 -429.64 -0.24 -0.00 -0.45 0.77 0.45 0.65 0.73
11.00 24.03 -316.81 -205.59 281.89 0.90 -0.29 -0.51 0.53 0.21 0.42 0.23
15.00 0.23 -380.09 -72.74 492.81 0.83 0.01 -0.30 0.28 0.92 0.46 0.19
5.00 0.14 -44.62 -531.17 251.57 -0.02 -0.02 -0.93 0.81 0.72 0.03 0.74
9.00 19.41 -10.56 500.50 554.99 -0.77 -0.68 -0.35 0.75 0.24 0.17 0.40
7.00 8.37 -489.96 -340.37 -221.93 0.37 -0.92 -0.56 0.90 0.08 0.52 0.47
14.00 34.59 -235.04 -219.21 -325.26 -0.31 0.43 -0.81 0.12 0.49 0.00 0.41
6.00 9.96 -240.59 -543.65 -263.56 -0.76 -0.86 0.84 0.76 0.73 0.54 0.83
8.00 14.26 -22.87 -136.48 -146.06 0.05 0.87 0.73 0.21 0.72 0.74 0.95
12.00 24.39 -48.64 181.40 183.08 -0.41 -0.61 0.43 0.35 0.07 0.85 0.10
11.00 20.78 55.56 -309.68 390.91 -0.95 -0.55 -0.91 0.78 0.78 0.50 0.21
15.00 31.33 233.67 -324.47 -565.49 -0.70 -0.96 0.84 0.43 0.10 0.82 0.59
6.00 8.48 -70.43 -560.28 -479.27 -0.27 -0.55 0.90 0.92 0.02 0.91 0.56
15.00 34.22 221.25 371.99 -606.25 0.33 0.06 0.42 0.15 0.25 0.84 0.35
17.00 52.17 -289.29 -549.02 -470.94 0.67 -0.86 -0.70 0.31 0.74 0.43 0.76
10.00 11.06 -420.69 -328.92 -512.52 0.63 0.41 -0.42 0.73 0.92 0.41 0.59
5.00 6.40 -515.39 403.47 407.48 -0.55 0.02 -0.70 0.31 0.92 0.78 0.63
15.00 19.24 -47.18 397.41 302.43 -0.79 -0.92 -0.61 0.97 0.37 0.19 0.88
9.00 1.98 -452.99 -488.84 49.11 -0.27 -0.32 -0.10 0.35 0.54 0.71 0.57
16.00 22.18 488.78 472.31 232.36 -0.47 0.38 0.12 0.31 0.89 0.09 0.26
7.00 8.69 202.70 -280.45 -169.28 0.62 0.23 0.88 0.85 0.52 0.53 0.64
13.00 35.22 157.66 -589.61 208.69 -0.04 0.38 0.96 0.82 0.36 0.28 0.16
6.00 4.20 316.03 723.68 53.76 -0.65 -0.68 0.79 0.03 0.97 0.84 0.57
24.00 26.74 -355.19 -240.50 287.98 0.11 -0.60 -0.11 0.29 0.80 0.93 0.15
8.00 8.28 -377.07 -141.21 71.67 0.27 -0.69 0.17 0.94 0.54 0.82 0.72
5.00 4.55 -129.36 659.35 370.64 0.38 -0.75 0.98 0.70 0.47 0.36 0.47
8.00 4.81 179.16 114.25 667.09 0.98 0.32 -0.31 0.04 0.24 0.15 0.24
6.00 10.00 359.86 459.15 -389.16 -0.67 0.21 0.15 0.13 0.31 0.91 0.84
5.00 0.50 278.43 140.02 59.95 -0.58 0.31 0.13 0.89 0.55 0.25 0.49
6.00 8.24 243.95 -539.42 -435.30 0.18 0.11 -0.69 0.60 0.61 0.53 0.41
7.00 12.76 234.21 445.15 -562.05 -0.83 0.45 -0.41 0.45 0.26 0.82 0.26
22.00 41.98 -297.86 558.09 -473.84 -0.45 0.88 0.02 0.10 0.82 0.20 0.37
9.00 16.92 682.74 119.08 -269.40 -0.61 0.25 -0.50 0.59 0.44 0.87 0.69
5.00 4.74 282.01 -524.90 -123.95 0.12 0.46 -0.25 0.57 0.24 0.75 0.34
7.00 0.67 713.04 -148.87 73.21 -0.07 -0.33 -0.07 0.86 0.19 0.23 0.06
9.00 5.10 378.82 -205.25 250.83 -0.95 0.30 -0.33 0.76 0.32 0.16 0.35
7.00 0.41 277.86 -428.19 -546.09 -0.71 -0.48 0.13 0.81 0.01 0.66 0.33
14.00 13.31 379.64 549.89 393.04 0.07 0.43 -0.87 0.92 0.67 0.94 0.37
5.00 4.96 -169.00 698.50 211.08 0.67 0.72 0.99 0.26 0.94 0.43 1.00
10.00 2.70 -611.50 -135.56 215.53 0.13 0.63 -0.60 0.90 0.12 0.52 0.86
23.00 33.80 564.53 335.76 -454.08 0.79 -0.57 0.33 0.60 0.24 0.93 0.78
8.00 0.12 277.37 210.21 102.36 0.55 0.30 -0.08 0.46 0.13 0.77 0.39
10.00 20.31 658.05 93.53 -254.83 0.03 -0.94 -0.71 0.07 0.65 0.34 0.53
7.00 5.55 -246.47 -656.44 291.58 0.80 -0.72 0.98 0.15 0.66 0.30 0.79
5.00 5.99 -100.57 106.77 -407.49 0.99 0.78 0.33 0.50 0.78 0.53 0.63
16.00 68.30 126.86 -104.52 -685.95 0.21 0.37 0.44 0.01 0.63 0.11 0.88
6.00 2.96 763.69 136.43 65.07 -0.95 0.00 0.32 0.03 0.55 0.23 0.40
6.00 7.84 -461.18 -374.59 -229.00 -0.02 -0.87 -0.73 0.75 0.32 0.56 0.27
11.00 14.95 -366.75 -117.38 463.62 0.38 -0.22 0.44 0.16 0.12 0.71 0.77
6.00 5.57 -28.20 253.50 -333.65 -0.53 0.30 0.84 0.10 0.08 0.68 0.77
9.00 16.45 366.95 362.90 -252.67 -0.66 -0.76 0.44 0.96 0.39 0.66 0.37
37.00 74.31 166.52 -1.73 -51.02 0.86 0.42 0.48 0.80 0.05 0.13 0.75
16.00 62.95 -337.78 395.24 93.77 0.25 0.02 -0.67 0.80 0.25 0.78 0.77
15.00 53.23 -592.59 101.80 -424.67 -0.27 -0.68 -0.54 0.53 0.05 0.48 0.97
9.00 18.19 -88.52 -305.08 -194.83 0.89 -0.18 0.52 0.05 0.91 0.12 0.42
27.00 153.34 -522.63 -153.82 -284.75 0.55 0.69 -0.58 0.09 0.14 0.00 0.13
9.00 16.95 -126.16 148.57 472.97 -0.65 0.17 -0.77 0.78 0.68 0.85 0.75
7.00 6.92 -248.75 374.43 299.80 0.94 0.21 0.32 0.80 0.04 0.55 0.71
7.00 10.91 -147.16 65.40 -147.90 0.74 0.58 0.75 0.65 0.26 0.39 0.34
9.00 17.28 118.17 -176.04 747.02 0.86 0.45 -0.78 0.23 0.28 0.62 0.66
9.00 3.12 -33.86 658.10 -127.83 0.73 0.10 -0.31 0.38 0.15 0.13 0.34
5.00 0.34 -156.27 665.92 277.37 0.01 -0.97 -0.86 0.54 0.59 0.52 0.25
29.00 150.66 -197.45 -557.19 484.94 0.02 0.17 0.90 0.53 0.91 0.43 0.13
5.00 5.00 -453.13 -263.29 -64.54 -0.88 -0.70 -0.21 0.26 0.11 0.49 0.23
5.00 1.60 227.88 188.58 685.28 0.03 0.87 0.30 0.10 0.96 0.89 0.05
6.00 2.32 -321.10 -23.70 268.63 -0.45 -0.65 0.96 0.81 0.87 0.90 0.60
5.00 3.05 -543.40 201.03 220.03 0.79 -0.06 0.48 0.47 0.53 0.27 0.10
5.00 3.95 -408.19 -410.43 100.06 -0.60 0.98 -0.44 0.77 0.39 0.08 0.71
8.00 17.85 -478.86 32.34 245.95 0.93 -0.81 -0.62 0.39 0.11 0.31 0.66
17.00 70.33 -278.28 -76.21 -579.31 0.38 0.58 -0.89 0.54 0.34 0.95 0.70
7.00 1.46 -35.33 -100.26 1.73 0.57 -0.86 -0.74 1.00 0.96 0.36 0.12
9.00 3.45 -530.93 112.91 -423.19 0.21 -0.53 0.29 0.72 0.53 0.09 0.74
14.00 13.91 220.01 40.15 -297.08 -0.05 -0.86 0.10 0.74 0.71 0.13 0.04
7.00 13.10 -204.89 652.12 -192.21 0.76 0.46 -0.22 0.34 0.23 0.33 0.30
5.00 6.06 249.81 -53.16 -23.84 -0.50 -0.93 0.34 0.62 0.75 0.12 0.75
35.00 79.81 419.96 -477.76 -303.82 -0.99 -0.99 -0.90 0.12 0.68 0.39 0.21
9.00 16.87 -513.17 180.58 -378.66 -0.27 -0.45 0.96 0.44 0.45 0.64 0.53
9.00 15.60 -640.28 401.66 -8.06 -0.30 -0.23 0.82 0.87 0.84 0.57 0.11
7.00 8.37 644.76 76.15 337.90 -0.66 -0.68 0.04 0.82 0.32 0.88 0.15
6.00 5.65 -474.37 337.57 -312.72 0.07 0.08 -0.56 0.28 0.42 0.05 0.26
9.00 0.91 -173.29 326.08 286.19 -0.98 0.81 0.06 0.96 0.95 0.16 0.83
5.00 0.67 -130.31 -438.11 232.07 -0.91 -1.00 -0.18 0.28 0.35 0.34 0.90
5.00 2.92 215.89 -210.45 537.82 0.41 0.69 -0.12 0.65 0.56 0.94 0.42
9.00 21.37 218.52 553.60 523.34 0.77 0.12 0.19 0.55 0.33 0.14 0.67
21.00 43.95 355.60 641.67 297.78 0.59 0.77 -0.69 0.07 0.63 0.43 0.98
7.00 12.92 -349.51 153.23 143.18 0.79 0.06 -0.34 0.18 0.58 0.78 0.83
7.00 5.87 -229.10 -150.51 92.71 -0.75 0.15 -0.82 0.99 0.71 0.79 0.61
14.00 43.75 -209.72 397.32 580.18 0.47 -0.03 -0.24 0.20 0.22 0.90 0.39
7.00 9.74 -608.16 55.45 -121.00 0.67 -0.78 0.26 0.43 0.09 0.01 0.03
15.00 12.54 -646.43 449.02 -118.46 -1.00 0.26 -0.53 0.38 0.47 0.51 0.81
30.00 177.79 -162.63 -16.10 779.69 -0.23 0.03 0.19 0.90 0.80 0.49 0.77
12.00 25.90 52.74 505.05 77.59 0.80 0.96 0.02 0.36 0.05 0.29 0.26
7.00 3.94 -583.45 -95.51 89.93 -0.57 -0.13 -0.97 0.78 0.05 0.32 0.53
10.00 8.45 363.00 -109.68 -142.59 0.65 0.28 -0.45 0.69 0.94 0.67 0.96
7.00 5.97 349.73 -620.25 158.28 -0.07 -0.38 0.32 0.20 0.25 0.22 0.00
6.00 7.29 -602.16 -137.33 -339.18 -0.75 0.05 0.70 0.36 0.87 0.72 0.27
11.00 10.38 136.78 159.40 65.95 0.88 -0.70 -0.91 0.39 0.85 0.24 0.34
11.00 11.09 272.78 144.84 459.22 -0.81 -0.65 -0.23 0.05 0.36 0.32 0.26
6.00 6.87 425.81 480.29 -113.32 0.89 -0.35 -0.67 0.77 0.52 0.30 0.90
8.00 17.19 276.34 -163.28 142.16 -0.07 -0.28 0.86 0.09 0.42 0.72 0.16
9.00 15.58 435.38 295.12 -50.03 0.80 0.14 -0.16 0.22 0.27 0.81 0.91
19.00 53.00 -376.99 598.68 202.80 -0.31 0.23 -0.55 0.14 0.74 0.82 0.96
8.00 16.91 612.14 220.36 -156.53 -0.78 0.35 -0.80 0.36 0.54 0.49 0.36
10.00 0.68 665.85 296.05 -160.31 -0.32 0.55 -0.62 0.31 0.81 0.14 0.58
10.00 0.33 -336.43 59.44 -347.01 0.06 0.19 0.27 0.92 0.48 0.22 0.52
8.00 7.77 178.98 -103.12 167.89 -0.75 -0.08 0.75 0.07 0.62 0.88 0.53
6.00 4.36 -600.47 37.25 -523.61 0.95 -0.29 0.82 0.24 0.99 0.50 0.19
6.00 4.65 -318.97 197.96 -519.44 0.53 0.42 -0.45 0.29 0.39 0.89 0.38
25.00 153.65 -163.10 766.94 5.84 -0.03 -0.50 0.18 0.06 0.67 0.94 0.19
7.00 4.00 325.56 -198.60 197.57 0.93 -0.22 0.45 0.40 0.72 0.23 0.03
6.00 3.46 -47.29 -276.41 -710.34 -0.92 0.54 0.03 0.41 0.71 0.20 0.24
23.00 113.94 -542.89 190.60 508.72 -0.86 -0.43 0.25 0.28 0.41 0.31 0.20
8.00 11.43 547.56 82.11 -441.26 -0.13 -0.63 -0.73 0.75 0.16 0.61 0.16
16.00 23.68 318.71 -410.67 -105.40 -0.03 -0.33 0.18 0.25 0.17 0.65 0.76
13.00 5.63 -449.62 42.46 275.85 -0.14 0.79 0.66 0.84 0.65 0.32 0.81
33.00 48.78 448.04 -223.19 208.14 -0.46 0.14 -0.79 0.23 0.10 0.75 0.61
12.00 12.07 -374.37 2.82 336.07 0.36 0.41 0.90 0.87 0.39 0.60 0.95
6.00 5.46 60.79 -314.71 583.56 0.44 -0.93 -0.60 0.35 0.98 0.48 0.25
5.00 5.41 -287.80 384.89 120.32 0.72 0.26 -0.78 0.81 0.36 0.97 0.40
12.00 29.91 424.84 -75.99 621.46 -0.83 -0.14 -0.07 0.58 0.76 0.30 0.47
10.00 7.24 128.85 21.25 -502.53 -0.70 0.02 0.05 0.17 0.00 0.19 0.26
6.00 5.25 -293.64 37.63 -160.28 -0.92 -0.40 -0.27 0.74 0.39 0.58 0.03
25.00 143.26 -144.18 -1.83 -217.01 0.07 0.38 0.06 0.86 0.02 0.08 0.67
8.00 1.16 -101.19 311.67 -260.33 -0.02 0.27 -0.84 0.08 0.08 0.23 0.60
9.00 6.49 364.56 -363.99 138.34 -0.83 0.83 0.96 0.12 0.76 0.06 0.04
23.00 136.59 -20.86 742.97 121.83 -0.92 0.47 -0.16 0.66 0.53 0.89 0.09
5.00 5.75 239.05 -170.78 23.77 0.88 0.23 0.42 0.48 0.78 0.39 0.49
6.00 6.31 -567.79 -25.53 -498.08 0.70 -0.05 -0.17 0.97 0.47 0.84 0.47
13.00 34.84 -299.84 74.92 -87.92 0.48 -0.27 0.29 0.30 0.70 0.99 0.47
16.00 60.26 688.13 -217.74 -298.69 0.83 -0.59 0.87 0.10 0.95 0.23 0.91
16.00 64.34 177.89 256.70 -5.08 0.40 -0.63 -0.65 0.25 0.67 0.10 0.52
8.00 11.53 415.59 -85.80 36.66 0.31 -0.15 0.94 0.06 0.90 0.18 0.72
5.00 3.60 -508.29 -144.98 -361.93 -0.28 0.28 0.16 0.38 0.15 0.69 0.03
11.00 3.19 305.54 -211.21 -448.03 -0.35 -0.97 -0.34 0.01 0.98 0.12 0.12
5.00 3.67 -401.43 -99.32 499.29 -0.79 0.48 -0.46 0.26 0.24 0.75 0.60
10.00 1.20 -34.19 36.46 -778.32 0.97 -0.62 0.00 0.57 0.46 0.34 0.44
5.00 3.14 29.15 142.66 177.39 -0.06 0.94 0.02 0.87 0.02 0.86 0.62
20.00 65.43 -302.50 -13.31 130.50 0.68 -0.50 -0.78 0.64 0.90 0.20 0.52
16.00 37.38 17.48 247.88 364.65 0.91 0.92 0.43 0.91 0.48 0.93 0.90
5.00 0.76 -251.43 252.50 634.51 0.93 0.73 -0.49 0.57 0.60 0.51 0.36
37.00 120.59 226.02 -79.46 -247.55 0.12 -0.82 0.06 0.03 0.37 0.46 0.87
12.00 4.40 -227.61 -582.76 132.83 -0.65 0.71 -0.97 0.53 0.37 0.17 0.36
8.00 6.73 579.44 -107.58 -87.83 -0.51 0.90 -0.51 0.80 0.77 0.07 0.54
8.00 16.48 463.72 -151.38 -272.41 0.59 -0.14 0.89 0.83 0.30 0.51 0.22
17.00 35.76 251.04 540.36 -519.14 0.05 -0.49 0.93 1.00 0.38 0.50 0.04
5.00 2.20 87.29 464.39 510.36 0.49 -0.83 -0.96 0.21 0.18 0.37 0.53
15.00 19.48 377.54 5.06 225.34 0.72 -0.50 0.34 0.07 0.69 0.50 0.12
8.00 4.36 54.21 630.82 -1.53 0.26 0.00 -0.81 0.87 0.80 0.70 0.80
5.00 6.52 -428.59 -174.52 227.73 -0.18 -0.56 0.62 0.28 0.14 0.94 0.34
11.00 5.35 -701.34 -190.52 55.03 -0.74 0.20 -0.88 0.69 0.69 0.38 0.66
19.00 31.38 -95.01 -76.63 -624.13 -0.81 -0.22 0.60 0.26 0.08 0.13 0.41
27.00 179.01 38.66 183.37 720.03 -0.28 -0.18 0.42 0.45 0.25 0.15 0.44
6.00 7.74 -43.24 91.14 372.02 -0.55 0.14 0.24 1.00 0.88 0.77 0.07
5.00 3.14 440.39 121.11 -534.03 0.84 -0.56 0.38 0.90 0.88 0.19 0.44
10.00 3.45 152.41 637.31 381.44 -0.58 -0.00 -0.82 0.01 0.49 0.31 0.07
7.00 8.67 365.51 93.51 -401.49 -0.58 -0.27 0.13 0.35 0.41 0.94 0.47
16.00 36.61 -556.09 -83.41 -233.15 -0.20 -0.37 0.29 0.11 0.83 0.99 0.07
30.00 236.49 -263.28 590.08 210.29 -0.44 -0.41 -0.78 0.19 0.17 0.66 0.03
15.00 49.94 127.34 5.81 336.27 0.73 0.02 -0.39 0.47 0.22 0.66 0.71
10.00 3.85 354.96 -279.69 -412.03 0.78 0.91 -0.62 0.04 0.68 0.35 0.94
5.00 5.12 -96.36 723.20 279.18 -0.27 0.68 -0.02 0.45 0.77 0.41 0.58
6.00 0.30 260.94 -618.95 -216.49 -0.10 0.50 -0.94 0.25 0.85 0.33 0.95
5.00 5.41 -333.57 -277.91 -139.52 -0.39 -1.00 1.00 0.16 0.02 0.78 0.95
15.00 20.16 -452.26 -567.39 -169.98 0.45 0.90 -0.43 0.92 0.95 0.84 0.63
9.00 14.03 -173.87 541.54 -245.52 -0.34 0.63 -0.76 0.43 0.39 0.51 0.83
13.00 24.23 538.52 49.08 30.36 0.19 -0.76 -0.13 0.87 0.64 0.57 0.82
21.00 83.52 532.69 -327.33 -109.01 -0.79 -0.40 -0.41 0.59 0.26 0.92 0.82
6.00 9.83 165.02 401.44 435.66 0.93 -0.92 0.40 0.43 0.23 0.08 0.66
5.00 4.33 601.90 105.76 56.37 0.19 0.78 0.62 0.45 0.60 0.09 0.22
6.00 5.06 447.80 306.82 -72.08 -0.88 -0.95 0.09 0.41 0.96 0.47 0.89
18.00 52.42 -88.28 -25.01 -709.14 -0.88 0.33 -0.48 0.18 0.60 0.10 0.84
14.00 26.63 -590.72 288.04 386.94 -0.06 0.58 -0.97 0.19 0.80 0.72 0.49
12.00 17.18 -223.10 354.16 -511.51 -0.02 -0.04 -0.26 0.65 0.65 0.38 0.26
14.00 5.00 248.20 -203.74 -553.75 0.57 -0.08 0.24 0.89 0.91 0.69 0.98
6.00 2.02 644.33 393.01 147.32 -0.54 -0.00 -0.98 0.51 0.92 0.49 0.48
12.00 3.67 764.95 -7.73 83.04 0.67 -0.54 0.91 0.51 0.10 0.24 0.21
8.00 1.43 -172.10 452.04 545.63 0.15 0.00 -0.45 0.65 0.46 0.72 0.24
8.00 6.32 431.27 -545.17 -154.18 0.20 0.33 -0.49 0.58 0.64 0.94 0.29
14.00 37.02 -301.98 15.70 -364.59 0.23 -0.22 0.15 0.12 0.67 0.01 0.58
6.00 4.65 218.16 382.43 -211.23 -0.66 -0.61 -0.26 0.85 0.25 0.51 0.49
6.00 1.73 358.50 -394.31 -110.60 -0.30 0.89 -0.77 0.55 0.62 0.38 0.34
6.00 2.42 528.12 24.50 472.14 0.28 0.99 -0.81 0.70 0.80 0.15 0.59
12.00 20.72 202.59 105.21 559.90 0.09 -0.07 -0.17 0.39 0.91 0.40 0.30
5.00 6.43 213.90 -428.36 -611.06 -0.46 0.78 0.15 0.60 0.05 0.96 0.79
11.00 14.90 -543.51 310.09 0.85 0.53 0.10 0.46 0.33 0.57 0.20 0.13
11.00 14.52 268.41 404.89 -399.22 -0.45 0.85 0.19 0.33 0.65 0.96 0.91
11.00 1.76 -337.61 682.98 -184.60 -0.30 0.35 -0.07 0.08 1.00 0.26 0.60
8.00 5.93 244.61 116.13 178.79 -0.05 -0.13 -0.04 0.35 0.78 0.30 0.79
28.00 183.55 -54.67 378.38 -485.01 0.53 -0.64 0.27 0.99 0.67 0.55 0.06
8.00 9.97 -409.45 220.83 159.90 0.85 -0.15 0.14 0.09 0.48 0.97 0.44
15.00 41.66 75.88 750.15 24.55 0.05 0.95 0.75 0.83 0.91 0.03 0.69
16.00 64.81 620.74 458.68 -150.71 0.01 0.17 0.59 0.45 0.22 0.18 0.99
16.00 4.83 -4.50 35.30 -461.78 -0.51 0.41 -0.33 0.21 0.52 0.01 0.36
17.00 55.16 435.68 -593.28 14.47 -0.63 0.54 0.86 0.55 0.83 0.98 0.32
11.00 26.60 -182.93 585.21 335.67 0.22 -0.92 -0.97 0.91 0.62 0.18 0.27
6.00 8.82 17.57 224.41 389.22 -0.56 0.82 0.81 0.24 0.45 0.96 0.68
26.00 88.07 616.92 39.02 -294.45 -0.34 0.29 0.08 0.18 0.52 0.07 0.41
8.00 11.88 -329.85 250.33 396.79 0.89 0.04 -0.77 0.24 0.93 0.73 0.59
16.00 33.40 546.73 291.12 71.29 0.83 -0.90 -0.40 0.15 0.28 0.02 0.78
7.00 3.66 632.48 132.13 101.85 -0.36 -0.48 0.53 0.02 0.83 0.52 0.54
38.00 366.07 -126.00 87.67 474.09 0.35 -0.70 0.12 0.33 0.52 0.94 0.36
32.00 133.08 286.49 417.59 592.63 -0.17 0.84 0.31 0.42 0.25 0.81 0.31
7.00 9.77 440.44 -452.71 50.90 0.92 0.38 -0.89 0.82 0.06 0.45 0.55
28.00 211.32 305.98 498.56 -528.69 0.08 0.16 -0.58 0.84 0.32 0.41 0.53
7.00 8.76 -94.47 -360.91 104.89 -0.84 -0.65 0.43 0.97 0.10 0.52 0.63
8.00 11.32 -55.79 269.83 237.71 0.26 -0.95 0.94 0.23 0.09 0.40 0.03
8.00 15.36 -645.25 -21.23 -106.79 0.57 0.16 0.57 0.30 0.88 0.51 0.98
29.00 83.14 315.83 163.08 -320.65 0.16 0.73 -0.14 0.16 0.95 0.49 0.41
11.00 23.30 361.17 141.83 393.47 -0.45 0.89 -0.11 0.02 0.07 0.30 0.43
12.00 30.97 209.99 -344.05 -383.71 0.49 0.78 -0.30 0.28 0.82 0.23 0.36
23.00 12.56 -466.79 253.95 530.45 -0.99 -0.47 -0.40 0.70 0.66 0.98 0.15
11.00 30.44 -511.75 -437.28 359.02 -0.31 -0.51 0.78 0.90 0.62 0.78 0.47
7.00 3.87 252.82 -519.29 431.83 -0.42 -0.91 -0.50 0.71 0.21 0.18 0.83
10.00 19.08 -448.16 -31.57 -147.76 0.76 -0.48 -0.45 0.21 0.00 0.24 0.62
8.00 8.38 643.02 118.18 -159.15 -0.74 -0.57 0.76 0.05 0.58 0.00 0.95
29.00 62.14 -411.01 -184.50 -292.21 0.20 -0.99 0.87 0.85 0.56 0.57 0.68
8.00 2.78 260.40 431.84 -111.62 -0.35 0.90 -0.34 0.76 0.49 0.34 0.34
8.00 2.15 -708.54 -34.20 -302.78 0.84 0.35 -0.14 0.60 0.00 0.42 0.43
5.00 4.04 -126.54 612.54 112.52 0.95 -0.07 -0.11 0.71 0.04 0.88 0.51
5.00 3.34 456.69 -359.70 164.27 -0.83 -0.42 -0.28 0.07 0.89 0.85 0.71
17.00 28.92 320.63 593.19 106.98 0.59 0.09 -0.01 0.83 0.49 0.08 0.58
17.00 71.33 -536.80 -35.60 -271.43 -0.84 0.02 0.30 0.23 0.92 0.59 0.94
7.00 5.27 -158.11 -70.83 168.51 0.23 -0.83 -0.86 0.03 0.20 0.55 0.51
6.00 6.89 12.44 -393.71 -310.84 -0.26 0.60 -0.64 0.67 0.68 0.49 0.94
13.00 46.85 708.77 354.73 79.10 -0.98 0.20 -0.92 0.23 0.85 1.00 0.99
17.00 3.87 -143.89 -151.04 385.95 0.10 0.15 0.08 0.49 0.26 0.56 0.94
6.00 1.12 347.93 205.88 504.65 0.45 0.68 -0.97 0.42 0.90 0.40 0.54
5.00 3.19 -138.79 521.88 -393.49 0.32 -0.57 -0.89 0.55 0.01 0.85 0.58
6.00 7.93 -194.46 76.48 143.99 -0.52 -0.80 -0.82 0.22 0.88 0.54 0.74
18.00 5.99 377.41 -485.08 -134.00 0.04 -0.73 -0.31 0.78 0.38 0.28 0.06
18.00 25.52 -424.40 -374.68 119.65 -0.03 -0.01 0.28 0.40 0.88 0.09 0.29
9.00 19.84 43.88 714.42 -186.17 0.62 0.80 0.47 0.31 0.35 0.10 0.68
14.00 31.56 3.22 -121.51 -304.59 0.56 0.53 0.87 0.12 0.13 0.66 0.47
7.00 7.20 -82.98 340.65 128.31 -0.61 0.33 0.21 0.81 0.60 0.63 0.71
6.00 4.46 -263.71 371.07 -100.18 0.29 -0.13 -0.10 0.54 0.22 0.47 1.00
11.00 2.25 523.60 -26.27 -77.73 0.81 -0.83 0.87 0.18 0.78 0.17 0.09
24.00 135.52 -169.46 -465.10 223.85 -0.80 0.63 -0.89 0.37 0.51 0.94 0.43
6.00 2.88 -141.31 355.63 247.08 0.71 0.61 -0.04 0.63 0.21 0.30 0.73
21.00 28.73 555.69 398.80 -229.23 -0.75 0.82 0.49 0.39 0.78 0.33 0.65
14.00 4.08 -320.20 -21.23 36.90 0.65 -0.58 -0.56 0.79 0.91 0.81 0.02
5.00 2.85 36.41 473.51 -500.44 0.59 0.66 0.39 0.23 0.79 0.75 0.04
10.00 23.62 -254.60 685.89 -312.21 0.81 0.10 0.89 0.62 0.51 0.03 0.60
5.00 0.22 -286.98 322.03 619.70 -0.20 -0.43 -0.58 0.70 0.91 0.16 0.48
8.00 1.30 -73.94 503.10 -458.33 -0.97 0.67 -0.78 0.36 0.08 0.89 0.17
5.00 1.41 -99.70 464.88 -602.99 0.27 0.69 -0.88 0.06 0.63 0.04 0.17
15.00 47.93 -260.10 693.38 -265.90 0.50 -0.57 0.34 0.96 0.40 0.37 0.56
6.00 3.36 551.24 -431.72 180.22 0.10 -0.47 0.16 0.76 0.32 0.54 0.74
19.00 68.14 96.58 206.54 -729.36 -0.50 -0.02 -0.52 0.11 0.51 0.80 0.32
10.00 7.07 23.01 297.33 -171.30 0.76 -0.12 -0.98 0.83 0.23 0.34 0.69
5.00 6.67 340.49 88.12 245.18 0.16 0.76 0.88 0.44 0.14 0.72 0.59
8.00 0.12 588.40 -528.22 27.21 -0.35 0.92 0.19 0.36 0.27 0.38 0.33
20.00 33.78 -437.80 76.89 353.97 0.48 0.53 0.17 0.79 0.21 0.13 0.39
24.00 139.57 -360.36 600.74 76.98 -0.78 0.59 0.92 0.47 0.28 0.02 0.19
14.00 53.84 -291.15 296.50 152.16 0.26 0.64 -0.81 0.05 0.94 0.00 0.81
7.00 0.37 -577.06 -202.97 -330.45 -0.29 -0.01 0.57 0.99 0.85 0.94 0.68
14.00 52.31 83.81 325.03 495.00 -0.25 -0.77 -0.20 0.73 0.37 0.97 0.88
12.00 18.51 611.85 8.23 513.32 -0.50 0.83 0.13 0.50 0.51 0.22 0.86
31.00 77.13 -263.55 195.71 399.82 0.71 -0.82 -0.91 0.69 0.39 0.34 0.80
6.00 2.96 8.37 -137.63 703.12 -0.22 -0.06 -0.55 0.76 0.61 0.11 0.83
8.00 15.86 309.20 354.39 446.47 -0.51 0.35 -0.12 0.93 0.71 0.63 0.21
8.00 8.84 -359.95 -208.78 -494.89 -0.24 0.06 -1.00 0.10 0.97 0.38 0.03
8.00 16.94 566.75 -169.57 305.28 0.64 -0.49 0.35 0.36 0.27 0.50 0.39
10.00 4.53 -468.47 106.55 131.03 0.96 -0.54 0.01 0.23 0.47 0.81 0.79
14.00 43.31 659.77 -398.08 -26.78 0.13 -0.86 0.48 0.92 0.41 0.69 0.63
13.00 30.98 -46.25 423.07 -599.59 0.61 -0.44 0.44 0.56 0.48 0.47 0.61
7.00 13.12 -264.91 451.26 -393.37 0.02 0.40 0.31 1.00 0.89 0.10 0.83
11.00 28.37 -525.50 -229.74 301.40 0.89 0.90 -0.20 0.78 0.20 0.12 0.50
7.00 4.86 -174.53 -102.70 -708.24 -0.15 -0.87 -0.27 0.26 0.91 0.76 0.92
11.00 20.96 -170.94 -294.46 -237.13 0.56 0.67 0.55 0.38 0.27 0.53 0.11
11.00 13.72 94.53 -199.40 671.21 -0.85 -0.63 0.82 0.64 0.61 0.35 0.36
10.00 12.59 222.18 131.45 293.82 -0.81 0.46 -0.17 0.23 0.23 0.11 0.09
19.00 31.51 -145.36 -566.28 -77.94 -0.70 -0.06 0.84 0.04 0.86 0.21 0.78
7.00 5.97 -204.67 -282.46 312.47 -0.95 -0.76 -0.13 0.12 0.66 0.52 0.59
5.00 3.06 76.95 -411.34 83.95 0.21 0.30 0.70 0.12 0.75 0.17 0.88
12.00 25.22 322.46 361.59 557.73 -0.67 0.69 0.92 0.13 0.14 0.69 0.60
9.00 21.74 -209.30 -149.98 -314.94 -0.75 -0.18 0.74 0.93 0.13 0.27 0.94
8.00 6.00 -286.56 168.69 -277.86 -0.00 -0.25 0.04 0.94 0.98 0.33 0.12
15.00 59.20 245.47 -721.15 133.25 0.70 0.68 -0.22 0.82 0.67 0.81 0.80
5.00 4.62 -319.76 255.17 -597.59 0.75 -0.53 0.69 0.37 0.44 0.86 0.71
7.00 10.90 485.64 -27.39 348.91 0.26 0.19 0.58 0.16 0.45 0.54 0.18
8.00 6.65 646.30 -311.11 72.94 0.40 0.28 -0.44 0.04 0.69 0.66 0.33
17.00 25.23 174.54 -678.74 33.74 0.29 0.55 0.67 0.98 0.77 0.61 0.54
9.00 11.63 -569.02 40.28 394.35 0.92 -0.09 -0.69 0.63 0.84 0.92 0.29
7.00 11.96 600.50 -54.28 461.50 0.61 0.40 -0.25 0.14 0.59 0.65 0.04
5.00 1.06 312.81 -580.65 8.42 -0.25 0.68 -0.26 0.11 0.09 0.50 0.58
25.00 105.95 53.41 -391.72 672.14 0.56 -0.91 0.22 0.45 0.85 0.88 0.37
9.00 9.00 24.46 573.29 -506.41 0.29 0.08 -0.45 0.78 0.54 0.38 0.14
7.00 7.75 438.43 434.40 3.72 -0.36 -0.59 0.36 0.39 0.58 0.65 0.01
5.00 1.75 -385.48 -53.94 354.16 -0.15 -0.01 -0.56 0.37 0.20 0.68 0.27
24.00 121.43 -320.54 -134.76 526.64 -0.95 0.63 -0.74 0.68 0.28 0.53 0.31
5.00 6.78 42.05 32.99 390.46 -0.89 -0.91 -0.94 0.91 0.77 0.20 0.14
21.00 121.01 -388.96 608.39 320.78 -0.49 0.82 0.89 0.96 0.59 0.21 0.53
14.00 2.47 299.02 602.77 295.24 -0.48 -0.75 -0.25 0.17 0.50 0.56 0.88
13.00 24.61 -421.98 319.42 -403.56 0.55 -0.93 -0.93 0.03 0.42 0.86 0.92
5.00 1.32 -303.25 111.11 -141.49 -0.12 -0.93 -0.80 0.53 0.73 0.12 0.04
25.00 2.42 2.08 610.41 -396.10 -0.96 -0.35 0.78 0.90 0.52 0.83 0.87
12.00 17.54 -96.26 -212.48 -318.19 -0.86 -0.99 0.29 0.37 0.16 0.24 0.59
10.00 5.80 -598.11 143.13 67.69 0.53 0.16 0.99 0.72 0.30 0.79 0.32
6.00 9.15 -626.74 -70.96 222.87 -0.82 -0.11 0.74 0.41 0.30 0.00 0.53
18.00 35.29 311.42 489.56 -280.70 0.45 0.78 0.52 0.60 0.56 0.15 0.59
18.00 34.94 -365.67 581.28 -160.24 -0.72 0.61 -0.59 0.26 0.20 0.56 0.10
11.00 33.68 191.02 345.84 43.25 -0.71 0.33 0.45 0.12 0.98 0.58 0.06
12.00 10.33 -386.18 636.64 -167.06 0.23 -0.09 -0.18 0.65 0.16 0.42 0.07
5.00 5.20 -654.03 -414.61 -59.34 -1.00 -0.61 -0.02 0.88 0.41 0.69 0.37
5.00 2.42 -257.59 68.66 250.70 0.14 0.90 -0.69 0.07 0.07 0.09 0.11
8.00 5.68 -574.04 176.01 196.00 -0.51 -0.95 0.87 0.44 0.81 0.90 0.64
16.00 17.36 726.63 -111.82 -272.58 -0.86 0.03 -0.69 0.41 0.90 0.42 0.17
25.00 125.67 -114.46 -649.50 319.45 -0.60 0.10 -0.61 0.41 0.91 0.85 0.48
5.00 0.96 467.09 -521.28 200.39 -0.59 -0.77 -0.13 0.63 0.73 0.45 0.98
31.00 170.95 218.27 46.14 -436.89 0.99 -0.14 -0.92 0.35 0.83 0.57 0.52
10.00 0.12 -199.87 243.71 51.23 -0.90 0.18 0.67 0.81 0.61 0.25 0.45
6.00 1.70 -377.97 -38.04 475.00 0.99 -0.65 -0.35 0.46 0.46 0.88 0.12
15.00 53.84 -400.95 -202.01 365.29 -0.27 -0.84 -0.88 0.35 0.72 0.59 0.77
10.00 14.21 -45.90 124.80 -78.59 0.01 -0.47 -0.22 0.82 0.64 0.31 0.35
8.00 12.84 -400.86 -547.08 190.41 0.70 0.46 0.47 0.47 0.60 0.96 0.87
8.00 4.06 -311.66 33.70 651.49 -0.84 0.80 0.27 0.99 0.01 0.06 0.63
12.00 12.83 689.20 153.21 107.34 -0.60 -0.59 0.69 0.94 0.17 0.29 0.21
7.00 7.50 399.73 -134.43 -13.16 -0.24 -0.99 0.26 0.05 0.55 0.67 0.27
8.00 9.04 -528.56 -26.09 -589.45 0.66 -0.79 0.40 0.40 0.07 0.43 0.56
6.00 5.27 117.20 -727.30 -46.59 0.78 -0.29 -0.91 0.58 0.25 0.85 0.78
7.00 9.44 -174.65 -741.87 21.46 -0.67 0.38 -0.02 0.71 0.69 0.26 0.05
10.00 27.71 69.36 265.85 3.11 -0.50 0.58 0.64 0.97 0.78 0.32 0.91
9.00 0.43 441.66 456.61 96.97 0.13 -0.13 -0.99 0.50 0.92 0.36 0.78
16.00 38.21 620.80 176.10 -202.53 -0.42 0.54 0.79 0.56 0.85 0.80 0.33
16.00 44.93 628.81 361.10 320.99 0.52 -0.47 -0.04 0.21 0.49 0.22 0.07
12.00 13.35 390.71 402.75 241.58 -0.17 -0.71 -0.25 0.99 0.76 0.38 0.69
9.00 1.53 -235.35 -536.40 -32.09 -0.41 0.13 -0.17 0.69 0.96 0.54 0.01
17.00 28.32 -648.13 -316.34 -233.85 -0.84 0.46 -0.72 0.73 0.51 0.79 0.53
27.00 85.13 298.12 -194.85 297.64 0.01 0.68 0.38 0.74 0.52 0.59 0.82
9.00 20.48 206.15 561.57 -274.27 0.15 -0.05 0.53 0.48 0.90 0.76 0.66
20.00 43.51 48.86 783.79 -128.51 -0.14 0.39 -0.91 0.16 0.49 0.59 0.68
8.00 2.00 -244.58 91.79 163.66 -0.74 0.37 -0.45 0.21 0.76 0.35 0.32
14.00 51.53 487.09 81.12 159.74 -0.14 0.41 -0.70 0.50 0.43 0.12 0.25
13.00 22.13 203.71 -77.38 175.32 0.01 -0.29 0.27 0.17 0.08 0.94 0.47
19.00 74.63 362.38 -594.84 53.85 0.03 -0.15 0.16 0.17 0.77 0.94 0.95
11.00 15.59 -508.55 72.42 -201.37 0.96 -0.90 -0.57 0.85 0.55 0.66 0.36
5.00 5.10 -375.36 -487.83 259.04 0.19 -0.29 -0.37 0.10 0.73 0.98 0.99
5.00 2.21 -597.97 -92.11 354.15 -0.05 -0.31 0.42 0.60 0.51 0.65 0.97
18.00 87.47 345.26 317.14 35.43 0.99 -0.16 -0.27 0.34 0.64 0.71 0.61
13.00 12.33 -248.52 627.31 51.90 0.89 -0.14 -0.11 0.09 0.80 0.36 0.22
35.00 182.45 373.18 -373.40 584.18 0.79 -0.79 -0.37 0.72 0.23 0.48 0.59
12.00 15.94 356.12 505.12 165.82 0.86 -0.17 -0.40 0.99 0.66 0.71 0.79
20.00 69.76 133.44 -593.82 -211.64 -0.26 -0.79 -0.08 0.89 0.96 0.54 0.79
9.00 7.51 -275.65 -59.05 384.29 0.52 -0.57 0.60 0.49 0.65 0.44 0.49
19.00 94.00 -350.88 106.45 -222.62 0.83 -0.34 -0.25 0.41 0.92 0.55 0.44
8.00 12.32 13.65 164.88 -434.83 -0.93 0.93 0.35 0.70 0.96 0.55 0.48
20.00 94.85 -526.51 568.50 118.41 0.82 0.27 0.77 0.79 0.23 0.16 0.04
19.00 57.80 -0.62 -368.29 462.25 -0.51 0.71 0.46 0.68 0.58 0.38 0.89
7.00 2.99 -272.22 -629.56 -85.91 -0.33 0.41 0.76 0.06 0.53 0.41 0.60
16.00 45.09 330.06 326.52 -27.70 0.39 0.11 -0.21 0.14 0.30 0.08 0.09
11.00 8.09 -316.98 202.51 -640.00 -0.03 -0.90 -0.62 0.50 0.75 0.06 0.70
11.00 27.25 -288.22 43.38 -664.89 -0.56 -0.22 -0.03 0.23 0.10 0.93 0.43
22.00 9.02 -437.20 78.80 51.22 0.38 0.17 0.06 0.72 0.21 0.76 0.17
9.00 13.16 134.63 50.23 -232.44 -0.55 -0.68 0.38 0.20 0.69 0.50 0.21
5.00 5.30 -612.54 321.90 375.88 0.20 0.78 -0.37 0.14 0.35 0.61 0.46
15.00 62.24 108.67 498.73 336.49 0.84 0.42 -0.46 0.52 0.17 0.13 0.32
12.00 27.75 -486.16 105.93 568.48 0.93 0.23 -0.08 0.45 0.00 0.79 0.08
28.00 82.95 435.66 -511.45 130.69 -0.17 -0.48 0.79 0.77 0.70 0.94 0.39
8.00 11.47 428.81 336.76 -263.05 0.21 0.46 0.21 0.72 0.53 0.93 0.76
15.00 37.93 -186.49 542.08 -545.50 -0.77 -0.54 0.19 0.70 0.04 0.52 0.11
10.00 26.37 356.29 370.96 -312.41 -0.00 0.56 0.29 0.57 0.83 0.70 0.83
12.00 1.63 15.84 -586.25 332.79 -0.53 0.36 0.95 0.68 0.96 0.20 0.41
19.00 95.56 330.82 -283.60 -564.46 -0.15 0.16 -0.13 0.15 0.11 0.67 0.95
25.00 93.69 138.07 -303.68 -679.37 -0.34 -0.58 -0.95 0.43 0.91 0.25 0.42
11.00 32.05 1.46 477.63 461.47 0.60 -0.72 -0.12 0.31 0.55 0.67 0.93
12.00 29.65 -493.37 -401.34 -354.71 0.02 -0.15 0.60 0.70 0.33 0.21 0.33
12.00 0.10 -66.26 414.59 -323.06 -0.13 0.89 0.10 0.51 0.12 0.02 0.28
5.00 4.55 606.29 323.09 66.74 -0.39 0.63 0.81 0.75 0.05 0.06 0.46
12.00 27.39 64.41 -556.32 -149.83 -0.08 -0.39 0.64 0.80 0.23 0.45 0.98
6.00 0.29 -50.95 403.87 -521.58 -0.88 -0.24 -0.24 0.86 0.66 0.37 0.31
19.00 24.73 466.58 -117.99 -62.70 -0.40 -0.36 0.60 0.09 0.61 0.12 0.94
7.00 8.11 -61.50 275.31 -464.21 -0.51 0.74 0.29 0.03 0.81 0.06 0.65
8.00 6.98 -671.63 210.12 326.62 0.59 0.68 0.29 0.08 0.35 0.24 0.61
12.00 36.08 -516.88 -43.14 209.25 -0.22 -0.74 0.04 0.99 0.40 0.93 0.28
7.00 10.85 396.64 120.35 416.38 -0.44 -0.78 -0.59 0.81 0.48 0.17 0.63
11.00 22.07 -439.18 158.08 216.14 -0.72 -0.98 -0.80 0.40 0.47 0.52 0.53
14.00 53.86 199.37 -30.66 108.33 -0.56 -0.29 0.66 0.98 0.57 0.64 0.92
11.00 32.55 -481.31 171.64 -201.97 0.31 -0.49 0.94 0.30 0.12 0.73 0.85
10.00 19.17 -367.27 219.15 29.45 -0.03 0.02 -0.93 0.17 1.00 0.13 0.80
38.00 275.12 -604.98 -264.30 87.36 0.33 0.10 0.88 0.72 0.86 0.48 0.81
8.00 7.68 359.24 222.92 -426.49 -0.28 -0.83 0.63 0.38 0.00 0.19 0.08
7.00 12.35 -559.86 -273.48 122.50 0.66 -0.66 0.83 0.54 0.06 0.38 0.78
13.00 31.05 319.45 -38.24 -261.78 0.96 0.40 0.27 0.66 0.32 0.85 0.76
8.00 17.51 -275.65 74.01 -543.87 -0.60 -0.68 0.46 0.53 0.43 0.05 0.11
5.00 6.34 -569.22 -115.29 439.03 -0.38 -0.63 0.47 0.94 0.34 0.15 0.41
8.00 4.03 -212.18 -341.15 -387.84 -0.95 -0.86 -0.25 0.93 0.18 0.14 0.67
11.00 30.63 -439.55 -261.08 -302.41 0.03 -0.18 -0.79 0.57 0.14 0.99 0.38
6.00 3.92 -45.41 351.54 288.25 0.75 -0.12 0.84 0.47 0.74 0.01 0.04
23.00 20.72 -590.53 225.29 -253.33 -0.67 -0.27 -0.95 0.06 0.22 0.03 0.59
23.00 32.73 253.51 -374.80 567.64 -0.98 -0.81 -0.73 0.89 0.77 0.79 0.89
10.00 0.37 166.15 677.31 -57.65 -0.46 -0.49 -0.82 0.66 0.69 0.41 0.61
22.00 42.84 -506.20 -126.05 426.77 -0.48 0.89 -0.66 0.70 0.16 0.27 0.36
12.00 37.12 202.73 -288.11 204.54 -0.15 0.98 -0.60 0.19 0.09 0.90 0.43
7.00 8.90 436.16 -524.27 -394.72 -0.83 0.60 0.86 0.47 0.58 0.19 0.57
16.00 3.63 192.03 -77.66 -133.62 0.22 -0.89 0.46 0.40 0.32 0.88 0.53
17.00 17.26 503.09 -126.48 -216.74 0.49 0.89 0.84 0.42 0.94 0.93 0.66
12.00 39.84 -108.88 -625.46 480.59 0.24 0.65 -0.90 0.12 0.45 0.03 0.62
5.00 3.08 469.12 235.15 -322.86 0.17 -0.99 0.16 0.29 0.61 0.75 0.60
6.00 2.38 -634.31 -356.77 245.08 0.02 0.14 0.40 0.03 0.47 0.43 0.29
5.00 5.94 -88.46 -479.30 -213.05 -0.65 0.60 -0.02 0.65 0.89 0.68 0.03
30.00 133.39 -559.82 -135.93 -463.28 -0.27 -0.66 -0.27 0.85 0.93 0.53 0.01
12.00 7.31 -600.83 -88.20 -175.59 0.76 0.31 -0.95 0.87 0.93 0.27 0.08
9.00 1.69 533.83 357.51 -323.45 0.91 0.24 0.35 0.02 0.06 0.27 0.61
12.00 25.70 274.11 -22.12 -450.34 -0.55 -0.73 -0.81 0.99 0.26 0.39 0.46
7.00 6.30 -213.90 8.17 331.90 -0.84 -0.79 -0.08 0.20 0.75 0.17 0.47
11.00 9.74 723.15 -273.06 97.42 -0.68 0.62 -0.02 0.05 0.86 0.42 0.70
7.00 7.17 396.38 -437.33 -524.58 0.71 -0.29 -0.77 0.08 0.68 1.00 0.86
11.00 12.13 -35.38 -247.02 561.60 -0.14 0.87 0.46 0.86 0.21 0.22 0.30
18.00 9.69 487.06 495.16 58.74 -0.13 0.10 0.54 0.17 0.60 0.28 0.80
12.00 27.13 -233.06 -305.28 361.21 0.51 0.77 -0.81 0.89 0.16 0.08 0.95
16.00 34.20 155.73 415.52 -83.77 -0.25 0.13 0.41 0.68 0.49 0.65 0.63
27.00 46.73 596.90 118.75 269.42 0.09 -0.52 -0.03 0.92 0.87 0.19 0.97
7.00 1.62 147.76 -87.07 -259.26 0.67 0.92 0.48 0.10 0.87 0.56 0.33
7.00 9.50 349.49 480.42 414.27 -0.67 0.02 0.01 0.55 0.20 0.95 0.47
6.00 1.01 -54.14 -219.28 -484.45 -0.73 -0.37 0.43 0.08 0.04 0.88 0.99
14.00 43.23 461.66 245.58 -222.47 -0.44 0.37 -0.97 0.95 0.82 0.40 0.07
16.00 30.88 467.68 -172.10 -253.42 0.85 -0.08 -0.48 0.41 0.69 0.41 0.00
8.00 7.46 343.73 -628.51 307.05 0.21 -0.31 -0.64 0.20 0.84 0.44 0.68
5.00 0.64 657.36 -5.37 65.28 0.60 0.98 0.70 0.61 0.38 0.86 0.58
6.00 6.02 704.16 -330.75 77.30 0.00 0.87 -0.94 0.38 0.75 0.82 0.21
22.00 29.29 -319.60 -32.86 -272.00 -0.16 0.49 0.31 0.85 0.10 0.67 0.48
12.00 24.23 157.55 183.24 353.29 -0.08 -0.07 -0.23 0.73 0.07 0.56 0.10
5.00 3.81 -267.11 510.11 -433.43 -0.93 0.62 -0.71 0.76 0.14 0.15 0.71
14.00 27.88 -503.11 -176.23 124.62 -0.49 -0.51 -0.95 0.78 0.36 0.50 0.33
13.00 3.29 -448.51 -548.85 41.59 0.79 -0.89 -0.40 0.71 0.18 0.23 0.61
5.00 4.91 112.58 299.82 328.21 0.52 -0.04 -0.58 0.01 0.45 0.85 0.06
12.00 30.66 102.47 -183.61 -652.89 0.85 0.37 -0.97 0.38 1.00 0.38 0.77
8.00 3.77 -709.43 -181.17 308.26 0.06 0.83 -0.69 0.35 0.60 0.10 0.31
14.00 10.12 38.42 664.14 -228.08 -0.10 -0.24 0.55 0.04 0.68 0.08 0.98
10.00 21.36 297.80 89.57 -101.64 0.30 -0.99 -0.38 0.24 0.95 0.60 0.27
6.00 7.76 357.86 657.56 -101.52 -0.50 -0.12 -0.53 0.65 0.99 0.20 0.83
10.00 4.65 -593.33 -420.71 81.43 -0.26 0.14 -0.45 0.66 0.16 0.25 0.57
10.00 11.06 641.80 307.46 365.26 0.59 -0.10 -0.08 0.85 0.03 0.87 0.03
16.00 21.68 243.40 -124.41 397.54 -0.15 -0.42 0.87 0.96 0.64 0.34 0.74
8.00 9.51 457.33 -249.13 406.71 0.62 0.39 -0.66 0.52 0.45 0.41 0.88
7.00 4.98 208.58 -305.44 697.88 -0.89 -0.24 -0.14 0.43 0.92 0.82 0.26
5.00 5.70 -135.35 34.38 279.80 0.01 -0.50 0.76 0.52 0.86 0.94 0.43
13.00 40.73 453.30 104.52 34.90 0.92 0.83 0.48 0.33 0.14 0.21 0.35
15.00 3.99 6.96 -585.82 -514.62 -0.33 -0.32 0.77 0.15 0.06 0.51 0.89
26.00 155.07 -312.53 -188.18 -363.06 -0.46 -0.01 0.21 0.17 0.89 0.10 0.53
5.00 6.51 -262.87 -285.25 -602.26 0.14 -0.54 0.45 0.37 0.49 0.23 0.86
10.00 24.44 -123.64 96.88 140.71 -0.17 0.50 0.29 0.24 0.90 0.80 0.68
6.00 4.83 153.47 629.59 284.62 0.48 -0.25 0.15 0.58 0.47 0.29 0.44
10.00 18.94 -419.44 328.66 170.97 -0.41 0.65 -0.61 0.36 0.80 0.44 0.02
10.00 2.02 -145.73 37.66 -224.03 0.00 -0.99 -0.71 0.89 0.12 0.23 0.33
24.00 84.77 -676.95 -62.81 -400.50 -0.30 0.19 0.20 0.40 0.90 0.70 0.86
6.00 5.25 639.67 242.48 -115.39 -0.69 -0.35 0.63 0.87 0.53 0.71 0.83
13.00 5.47 219.43 450.76 -145.81 0.22 -0.53 -0.97 0.31 0.13 0.43 0.27
10.00 20.58 482.56 251.59 -277.47 -0.33 -0.84 -0.40 0.69 0.12 0.98 0.59
6.00 1.44 -330.79 115.24 -372.55 0.17 0.53 0.18 0.57 0.10 0.23 0.24
10.00 26.85 269.71 343.01 80.66 0.91 -0.64 0.60 0.21 0.47 0.73 0.01
6.00 2.83 218.05 -92.86 74.10 0.18 0.75 0.14 0.26 0.59 0.99 0.35
11.00 5.80 -215.61 239.86 -493.87 -0.15 0.82 -0.75 0.36 0.49 0.75 0.80
5.00 6.63 50.06 -649.43 -345.08 -0.98 0.04 -0.76 0.27 0.14 0.63 0.71
10.00 6.57 262.54 -685.06 70.64 0.14 -0.90 0.03 0.39 0.57 0.99 0.63
13.00 16.81 589.31 94.80 43.22 0.53 0.05 -0.86 0.99 0.86 0.76 0.97
14.00 15.47 -33.61 -305.21 625.77 0.94 -0.28 0.08 0.39 0.43 0.51 0.99
10.00 0.05 -142.75 -559.57 95.47 -0.46 -0.24 -0.66 0.80 0.54 0.33 0.13
20.00 16.11 165.06 -146.31 355.15 0.34 -0.72 -0.27 0.96 0.16 0.68 0.62
5.00 6.82 69.64 489.48 -12.90 -0.97 0.52 -0.79 0.71 0.92 0.49 0.86
20.00 4.41 -408.35 -279.16 -287.87 0.25 -0.29 0.25 0.51 0.58 0.02 0.52
24.00 151.47 -141.96 204.25 -710.88 0.49 0.89 -0.03 0.87 0.43 0.06 0.94
18.00 16.66 79.32 -428.34 -186.93 -0.13 0.28 -0.33 0.27 0.21 0.20 0.94
6.00 9.47 155.47 149.63 636.32 0.77 0.95 0.91 0.14 0.77 0.59 0.31
10.00 8.38 -102.05 -118.14 270.85 -0.08 0.87 -0.73 0.37 0.40 0.50 0.07
24.00 43.47 -485.01 -330.00 -381.44 -0.95 0.15 0.23 0.90 0.56 0.01 0.80
11.00 19.50 370.13 401.31 377.65 0.30 -0.78 -0.62 0.76 0.02 0.16 0.74
11.00 33.74 457.70 -43.47 -499.44 0.44 -0.51 -0.51 0.57 0.38 0.31 0.62
8.00 7.82 -183.39 6.69 -379.66 0.13 0.87 -0.62 0.84 0.15 0.14 0.62
19.00 52.19 268.24 103.22 479.46 0.17 0.35 0.44 0.67 0.69 0.50 0.25
6.00 2.01 -45.08 467.15 -101.02 -0.32 0.74 -0.51 0.80 0.78 0.52 0.23
24.00 136.11 242.18 -703.54 -43.28 0.54 0.80 -0.47 0.64 0.84 0.83 0.64
8.00 6.71 515.62 221.62 -461.56 -0.42 -0.21 -0.39 0.88 0.34 0.82 0.60
8.00 3.43 -94.30 351.35 -491.95 -0.54 0.75 0.16 0.27 0.42 0.03 0.91
12.00 24.54 -298.02 378.44 -30.66 0.96 -0.32 0.63 0.27 0.18 0.95 0.64
12.00 11.17 5.76 107.27 -729.01 0.60 0.61 0.36 0.79 0.06 0.07 0.09
7.00 7.67 -655.55 330.07 299.73 -0.36 0.31 -0.30 0.15 0.12 0.23 0.61
24.00 33.90 -71.70 174.90 -318.57 -0.27 -0.29 -0.14 0.82 0.55 0.37 0.91
5.00 5.57 -145.15 663.26 -112.14 0.84 -0.09 -0.31 0.85 0.78 0.76 0.59
15.00 59.61 129.57 -261.14 228.71 0.37 0.07 -0.39 0.95 0.29 0.68 0.72
11.00 14.84 -701.84 -163.90 -160.01 -0.58 -0.68 0.20 0.93 0.30 0.84 0.01
17.00 72.22 104.83 -580.01 194.70 -0.41 0.26 0.19 0.41 0.99 0.26 0.67
5.00 3.66 455.68 277.61 483.46 0.44 0.31 -0.58 0.60 0.37 0.50 0.89
8.00 7.81 269.97 273.05 211.11 -0.66 0.74 0.40 0.80 0.12 0.44 0.52
14.00 9.86 -457.72 -56.71 -489.79 1.00 0.59 -0.48 0.94 0.93 0.46 0.85
9.00 6.01 369.21 181.98 220.19 0.37 0.41 -0.45 0.40 0.82 0.87 0.94
8.00 17.16 572.87 -266.75 -7.45 0.70 -0.60 0.19 0.41 0.01 0.29 0.04
5.00 1.34 405.99 -221.78 -261.44 0.74 0.01 0.75 0.08 0.25 0.30 0.48
7.00 6.16 124.40 -153.39 94.84 -0.07 0.53 0.85 0.07 0.74 0.18 0.97
9.00 10.25 489.85 560.17 -137.51 0.99 -0.08 0.30 0.64 0.25 0.86 0.44
7.00 10.03 56.14 442.43 -653.88 0.88 0.87 -0.22 0.90 0.31 0.11 0.30
7.00 6.93 586.45 14.92 -203.10 -0.81 -0.68 0.73 0.57 0.50 0.20 0.25
7.00 1.33 -292.94 -78.68 82.76 0.35 0.40 0.40 0.32 0.72 0.69 0.72
19.00 36.29 -184.73 284.50 -80.21 0.61 0.81 0.46 0.60 0.49 0.35 0.74
6.00 4.82 140.14 360.65 -164.36 -0.07 -0.85 0.92 0.11 0.78 0.04 0.13
12.00 19.39 -67.93 -212.34 545.53 0.96 0.35 0.39 0.21 0.58 0.37 0.78
8.00 10.48 -98.86 -298.23 -277.96 -0.50 -0.69 0.17 0.37 0.93 0.59 0.96
9.00 10.70 -120.93 -634.62 28.62 -0.59 0.28 -0.44 0.94 0.26 0.55 0.60
16.00 38.31 -303.41 -93.67 -343.00 -0.81 0.56 0.26 0.44 0.55 0.77 0.14
8.00 1.78 240.75 98.85 -461.37 0.69 -0.55 -0.61 0.95 0.76 0.35 0.59
9.00 0.82 -67.39 -644.39 277.82 0.60 -0.64 0.39 0.95 0.84 0.22 0.35
22.00 41.41 -237.70 -4.30 -88.00 0.39 0.40 -0.19 0.65 0.50 0.93 0.22
12.00 4.19 -569.30 56.61 -158.14 0.09 -0.21 -0.16 0.26 0.59 0.30 0.16
13.00 29.29 230.30 -392.95 -39.43 -0.28 -0.63 -0.67 0.62 0.37 0.68 0.03
5.00 6.21 2.40 -451.96 584.11 -0.03 0.40 0.82 0.73 0.65 0.96 0.83
13.00 7.34 377.74 385.28 317.84 -0.43 0.42 0.25 1.00 0.92 0.39 0.19
11.00 20.63 -175.12 239.42 705.53 -0.88 0.23 0.26 0.76 0.48 0.26 0.64
13.00 41.05 248.33 677.23 -105.84 0.05 -0.44 0.62 0.89 0.58 0.73 0.40
14.00 16.77 -282.86 357.39 -220.35 -0.99 -0.60 0.56 0.02 0.89 0.53 0.38
28.00 197.86 91.39 307.05 -606.80 -0.20 -0.26 -0.48 0.70 0.13 0.19 0.11
30.00 191.27 -335.98 216.81 434.25 -0.80 -0.80 -0.72 0.82 0.64 0.74 0.78
15.00 41.68 -158.73 -495.51 41.00 0.34 0.93 0.43 0.53 0.08 0.06 0.12
14.00 39.84 -119.21 376.76 140.30 0.38 0.48 -0.32 0.34 0.31 0.44 0.60
5.00 2.42 140.16 -477.87 -47.55 0.58 0.43 -0.27 0.66 0.74 0.68 0.99
9.00 5.94 119.07 -768.02 61.43 0.82 0.71 -0.30 0.15 0.73 0.83 0.26
19.00 65.87 47.13 94.64 -493.51 0.07 -0.67 -0.47 0.24 0.12 0.45 0.00
9.00 9.41 206.76 254.43 182.74 0.32 -0.13 0.57 0.55 0.24 0.81 0.17
14.00 26.87 46.43 -425.83 -659.28 -0.28 -0.63 -0.64 0.07 0.69 0.81 0.54
19.00 16.18 346.22 304.90 -131.44 -0.61 -0.82 0.96 0.29 0.62 0.94 0.27
7.00 1.55 607.13 269.01 -322.64 -0.30 -0.90 0.20 0.71 0.26 0.47 0.29
5.00 0.25 -241.78 -115.89 -646.82 -0.57 0.57 0.48 0.76 0.19 0.73 0.85
8.00 7.09 -420.28 6.72 13.54 -0.53 -0.92 -0.73 0.49 0.18 0.22 0.31
5.00 3.00 -181.76 -460.16 23.43 -0.35 -0.66 -0.75 0.01 0.70 0.48 0.87
15.00 61.48 -433.93 -267.06 -518.33 0.19 -0.86 0.63 0.00 0.63 0.66 0.53
21.00 101.08 31.59 -261.56 700.37 0.56 0.36 0.86 0.78 0.06 0.87 0.21
16.00 28.89 609.69 412.74 23.46 -0.71 0.87 -0.08 0.10 0.11 0.35 0.87
11.00 1.36 61.22 388.97 499.16 -0.54 -0.37 -0.24 0.82 0.94 0.60 0.42
16.00 24.62 -120.45 261.43 235.47 0.38 0.55 -0.23 0.85 0.78 0.40 0.07
26.00 35.50 -15.56 -570.67 354.46 -0.14 0.74 0.12 0.22 0.97 0.53 0.15
6.00 8.60 202.78 -185.38 498.23 -0.74 -0.94 0.69 0.53 0.01 0.41 0.33
6.00 7.85 90.57 31.33 168.97 -0.78 -0.88 0.73 0.32 0.80 0.99 0.28
17.00 65.92 24.01 -730.46 202.79 0.95 -0.79 -0.88 0.38 0.63 0.41 0.95
5.00 3.60 158.51 -240.00 -107.03 -0.03 -0.32 0.61 0.28 0.56 0.91 0.79
5.00 6.94 286.44 264.87 323.23 0.72 -0.40 0.86 0.35 0.02 0.77 0.32
13.00 16.83 524.89 478.95 -53.72 -0.64 0.07 -0.39 0.71 0.27 0.61 0.17
21.00 63.98 -203.71 526.58 -208.35 -0.33 -0.32 -0.34 0.38 0.34 0.33 0.48
12.00 32.69 -116.05 257.68 -204.40 0.76 -0.23 -0.60 0.86 0.38 0.99 0.95
37.00 118.76 171.95 -414.51 -475.05 0.84 0.25 0.47 0.40 0.30 0.86 0.07
10.00 15.00 158.37 -190.50 632.76 0.80 -0.85 -0.27 0.68 0.17 0.34 0.00
20.00 33.78 -251.09 302.86 546.54 -0.86 -0.65 -0.59 0.16 0.09 0.50 0.13
9.00 22.43 -35.08 631.23 233.05 -0.73 0.60 0.75 0.93 0.48 0.35 0.93
15.00 40.22 -208.81 -186.79 567.72 -0.93 0.71 -0.96 0.22 0.34 0.49 0.04
5.00 4.06 -344.17 325.55 -628.97 -0.73 -0.27 0.42 0.29 0.15 0.63 0.77
7.00 13.44 -694.57 221.97 -127.08 0.50 -0.97 -0.30 0.03 0.13 0.03 0.78
5.00 3.82 135.81 -230.74 -374.96 0.79 -0.86 0.73 0.08 0.21 0.98 0.21
5.00 6.13 231.53 -328.11 -411.02 -0.27 0.79 0.87 0.52 0.28 0.52 0.02
29.00 60.37 -373.33 11.88 -366.72 -0.39 0.96 -0.50 0.62 0.79 0.80 0.99
12.00 2.69 460.08 87.04 -140.92 0.96 -0.55 0.91 0.54 0.13 0.94 0.27
16.00 4.43 66.53 -375.21 236.35 0.27 -0.26 0.95 0.45 0.72 0.28 0.82
31.00 0.59 -297.71 489.39 -133.84 0.11 0.75 0.87 0.36 0.59 0.11 0.57
7.00 12.64 451.27 -234.95 -571.81 0.22 0.41 0.93 0.91 0.36 0.10 0.75
16.00 35.09 -182.99 568.68 -319.37 -0.24 -0.97 0.77 0.62 0.34 0.44 0.00
22.00 134.54 454.67 -495.46 -191.85 0.83 -0.72 0.28 0.31 0.60 0.60 0.88
20.00 43.75 -180.15 255.11 -19.35 -0.14 0.73 -0.06 0.75 0.41 0.76 0.94
8.00 1.28 109.81 203.19 181.47 -0.10 -0.25 -0.87 0.72 0.23 0.17 0.14
5.00 0.39 -417.51 -236.53 -125.76 -0.45 -0.62 0.47 0.47 0.31 0.53 0.73
7.00 0.60 282.03 -310.65 618.30 0.18 -0.35 0.62 0.50 0.67 0.45 0.06
16.00 21.86 458.93 -159.42 -540.63 -0.12 -0.21 0.84 0.50 0.56 0.54 0.27
28.00 14.89 280.16 439.48 88.87 -0.13 -0.33 -0.35 0.16 0.66 0.53 0.77
22.00 11.10 -640.48 -397.70 -85.94 -0.95 -0.97 0.44 0.48 0.15 0.74 0.83
16.00 1.03 425.33 458.52 491.73 -0.91 -0.25 -0.58 0.95 0.68 0.75 0.38
19.00 9.35 536.12 517.02 -147.43 0.12 0.26 0.48 0.90 0.39 0.36 0.22
14.00 48.70 313.30 -42.30 -187.96 -0.19 -0.91 -0.94 0.03 0.92 0.02 0.81
23.00 146.45 -559.91 -86.41 305.32 -0.04 0.46 0.07 0.61 0.38 0.14 0.72
23.00 98.63 -157.16 232.27 162.82 -0.39 0.71 0.16 0.55 0.20 0.98 0.25
6.00 7.64 33.68 -128.49 512.44 -0.58 0.15 -0.94 0.39 0.68 0.62 0.35
5.00 1.86 -234.86 611.27 189.30 -0.96 0.86 0.64 0.71 0.29 0.16 0.88
7.00 6.56 341.87 -544.64 292.74 0.68 -0.29 0.22 0.42 0.97 0.22 0.60
7.00 2.96 -374.81 367.03 450.52 0.98 0.70 -0.59 0.13 0.78 0.97 0.45
10.00 14.95 432.64 -192.24 -636.55 0.62 0.21 -0.04 0.23 0.57 0.02 0.24
9.00 7.82 23.86 527.01 -383.45 -0.67 -0.44 0.22 0.86 0.17 0.80 0.74
8.00 1.46 -523.92 379.43 -409.87 0.07 -0.30 -0.07 0.52 0.07 0.96 0.52
9.00 2.86 16.76 -250.63 587.30 -0.18 -0.59 -0.52 0.87 0.37 0.81 0.98
5.00 1.98 252.06 -3.60 451.77 -0.87 -0.15 -0.78 0.85 0.92 0.19 0.23
9.00 2.89 -183.82 -736.95 -112.62 -0.99 0.90 -0.11 0.80 0.84 0.16 0.90
9.00 5.18 471.24 177.07 10.52 0.06 -0.36 -0.35 0.45 0.47 0.85 0.14
8.00 0.58 110.48 -83.68 382.98 -0.06 0.48 0.22 0.44 0.76 0.12 0.23
13.00 11.50 -465.22 -347.77 529.87 0.47 0.36 0.01 0.67 0.10 0.39 0.74
17.00 34.84 -673.21 -120.18 -55.73 -0.57 -0.81 -0.32 0.59 0.58 0.53 0.02
13.00 28.03 -27.70 -344.12 -85.60 0.97 0.99 -0.89 0.00 0.74 0.28 0.48
38.00 194.34 216.56 202.42 -213.43 0.50 -0.72 -0.33 0.35 0.91 0.61 0.91
13.00 34.10 -189.01 -622.15 227.57 0.58 -0.30 0.07 0.16 0.44 0.34 0.03
13.00 39.26 -6.54 -401.10 265.75 0.74 0.13 -0.15 0.35 0.88 0.52 0.82
15.00 9.76 -478.33 -69.75 -17.61 0.54 -0.40 -0.55 0.52 0.66 0.38 0.81
8.00 2.99 -55.23 -433.79 1.71 -0.99 0.77 -0.28 0.13 0.88 0.88 0.49
13.00 46.88 305.43 -587.67 -333.18 -0.39 0.31 -0.10 0.36 0.70 0.19 0.06
16.00 15.35 -53.70 32.74 151.57 0.66 0.83 -0.56 0.81 0.61 0.86 0.98
32.00 36.81 26.00 108.52 527.17 0.12 0.45 -0.38 0.00 0.77 0.12 0.56
12.00 17.79 -128.27 -784.93 -37.18 -0.86 -0.15 -0.91 0.54 0.15 0.12 0.42
8.00 11.78 543.48 -533.25 -88.84 0.27 0.70 0.29 0.99 0.37 0.37 0.64
5.00 1.37 604.26 220.37 306.70 0.47 -0.01 0.43 0.25 0.15 0.00 0.79
31.00 64.71 545.04 -104.33 164.73 -0.43 0.34 0.63 0.92 0.71 0.09 0.06
8.00 4.45 -286.28 -406.94 -196.23 -0.22 -0.91 -0.51 0.41 0.60 0.12 0.89
20.00 62.65 -514.83 200.21 -327.54 0.71 -0.34 0.26 0.16 0.07 0.24 0.41
10.00 17.71 86.48 -394.99 624.53 0.11 0.42 0.19 0.25 0.76 0.01 0.76
7.00 8.84 -401.07 -189.99 -521.86 -0.23 0.02 0.41 0.32 0.77 0.65 0.71
12.00 30.41 -649.61 27.02 69.32 0.36 0.91 0.99 0.80 0.10 0.64 0.85
20.00 94.94 130.77 246.69 -274.04 0.08 -0.16 -0.47 0.96 0.50 0.43 0.86
13.00 17.54 58.55 405.67 532.18 0.08 -0.58 -0.88 0.91 0.21 0.54 0.11
19.00 98.31 -125.59 -695.99 -312.35 -0.82 0.78 0.28 0.31 0.76 0.29 0.48
9.00 19.09 -271.91 -681.95 288.83 0.34 -0.79 -1.00 0.22 0.88 0.11 0.72
16.00 11.50 504.60 -238.06 -387.10 -0.99 0.46 -0.54 0.22 0.25 0.60 0.28
17.00 42.79 -658.19 184.29 -6.13 0.30 0.21 -0.68 0.65 0.35 0.69 0.06
6.00 2.37 371.83 168.25 154.47 0.93 0.59 0.99 0.96 0.78 0.81 0.02
30.00 16.48 25.61 -466.85 -213.08 -0.65 0.55 0.34 0.27 0.07 0.87 0.96
12.00 20.00 -33.05 609.63 330.33 -0.11 -0.67 0.62 0.23 0.63 0.41 0.18
7.00 0.82 141.51 51.65 -173.75 0.82 0.59 -0.87 0.41 0.30 0.84 0.57
22.00 22.18 -175.38 -668.12 234.93 0.79 0.71 0.91 0.62 0.90 0.80 0.33
6.00 2.05 -168.77 324.23 546.41 0.92 0.15 0.34 0.47 0.32 0.23 0.77
12.00 25.41 -335.16 -190.28 -122.08 0.41 -0.46 0.05 0.72 0.70 0.50 0.42
5.00 1.48 188.05 -46.67 170.59 -0.55 0.03 0.54 0.85 0.28 0.52 0.34
13.00 4.78 533.04 -338.65 -384.54 -0.09 -0.38 -0.39 0.70 0.47 0.34 0.19
16.00 13.18 -39.68 -351.48 -120.15 0.74 -0.45 -0.29 0.38 0.15 0.30 0.49
12.00 3.89 490.82 -553.64 211.95 0.44 0.10 0.10 0.20 0.91 0.45 0.35
9.00 6.70 242.72 363.04 123.06 -0.79 -0.61 -0.15 0.26 0.18 0.54 0.89
14.00 29.57 -110.82 68.92 -705.14 0.07 -0.68 -0.20 0.49 0.37 0.77 0.98
15.00 30.09 556.83 338.77 73.30 0.06 0.32 0.85 0.72 0.40 0.93 0.55
6.00 8.49 -429.44 3.75 -87.22 -0.35 0.62 -0.87 0.57 0.72 0.84 0.60
12.00 27.30 375.55 560.09 -117.02 0.50 -0.93 0.67 0.49 0.50 0.38 0.43
7.00 9.02 308.18 450.17 -232.03 0.53 0.23 0.36 0.68 0.65 0.17 0.44
5.00 4.24 251.86 308.01 160.83 0.51 0.09 -0.85 1.00 0.31 0.04 0.78
26.00 38.71 -16.85 -451.48 -4.67 -0.98 0.54 0.86 0.98 0.79 0.22 0.55
11.00 11.72 -280.75 359.46 -184.79 0.27 0.89 0.43 0.03 0.72 0.87 0.79
6.00 5.52 380.79 156.71 376.82 0.33 -0.38 0.26 0.36 0.94 0.34 0.02
15.00 47.76 455.92 -245.30 2.70 0.93 -0.75 0.08 0.70 0.16 0.56 0.34
9.00 6.47 -510.88 592.88 -117.27 -0.12 0.20 0.27 0.59 0.86 0.46 0.60
14.00 3.44 -349.40 -245.07 -495.54 -0.30 0.01 -0.49 0.34 0.36 0.47 0.71
6.00 6.49 -163.66 137.78 592.79 -0.94 0.38 0.46 0.55 0.70 0.15 0.31
10.00 26.07 -513.55 -191.26 350.05 -0.95 0.08 0.88 0.63 0.97 0.77 0.71
12.00 28.14 -482.99 84.34 -100.94 0.22 0.92 -0.49 0.22 0.31 0.97 0.11
6.00 8.56 -99.94 -195.44 447.23 0.85 0.57 0.83 0.81 0.03 0.09 0.14
24.00 64.31 74.03 -158.13 743.61 -0.86 -0.49 -0.10 0.62 0.89 0.09 0.92
5.00 6.68 -517.24 572.28 6.94 0.64 -0.62 -0.66 0.25 0.68 0.76 0.17
12.00 20.38 -146.36 313.68 545.77 0.02 0.41 -0.65 0.08 0.26 0.56 0.37
25.00 65.95 82.97 243.02 465.34 0.53 -0.99 -0.20 0.74 0.80 0.07 0.83
15.00 41.47 -369.91 -421.53 -454.37 -0.45 -0.77 -0.83 0.05 0.88 0.72 0.41
7.00 9.06 289.02 -181.67 -157.44 0.64 0.50 0.97 0.43 0.95 0.85 0.18
14.00 48.57 436.99 -490.85 -150.03 -0.86 -0.47 -0.56 0.07 0.62 0.07 0.71
5.00 4.46 -230.32 -638.04 37.09 0.79 0.12 -0.83 0.55 0.89 0.02 0.71
6.00 8.87 104.46 341.29 495.99 0.85 -0.44 -0.32 0.07 0.25 0.11 0.80
6.00 1.99 -218.49 76.98 523.65 -0.68 -0.95 -0.28 0.52 0.43 0.70 0.93
7.00 2.87 -205.07 -657.83 217.01 -0.21 -0.62 -0.56 0.39 0.96 0.09 0.64
5.00 6.45 109.86 -633.32 191.93 -0.43 0.25 -0.07 0.90 0.46 0.33 0.63
10.00 24.29 360.56 -593.38 -108.64 0.65 0.70 -0.11 0.20 0.46 0.18 0.10
21.00 49.70 596.11 -140.87 344.43 0.33 -0.97 -0.74 1.00 0.31 0.73 0.61
10.00 5.63 84.17 496.12 -455.72 -0.14 -0.76 -0.22 0.70 0.93 0.71 0.78
5.00 5.07 -477.69 -286.04 -138.17 -0.44 0.03 -0.52 0.89 0.21 0.45 0.28
26.00 175.46 161.43 -215.06 -418.70 0.59 -0.97 -0.04 0.61 0.18 0.86 0.26
5.00 6.89 140.04 -114.71 -87.37 0.81 0.56 0.19 0.35 0.40 0.99 0.38
7.00 6.66 234.74 -505.04 -227.63 -0.95 -0.11 -0.56 0.83 0.10 0.71 0.84
11.00 27.19 -297.09 -421.31 -141.40 0.41 0.03 -0.43 0.82 0.15 0.31 0.04
5.00 2.42 -183.86 552.14 363.92 -0.62 -0.33 0.72 0.84 0.92 0.28 0.93
13.00 42.37 -236.93 386.77 238.22 0.11 -0.92 0.79 0.54 0.67 0.29 0.36
12.00 34.46 254.72 296.55 -438.99 0.97 -0.04 -0.62 0.14 0.82 0.95 0.35
14.00 11.97 -301.65 84.33 495.00 0.68 0.91 -0.85 0.09 0.26 0.99 0.65
30.00 214.84 -272.60 300.05 -301.90 -0.84 -0.74 0.05 0.88 0.23 0.01 0.90
7.00 8.94 15.41 468.81 -512.27 0.59 -0.23 -0.59 0.46 0.33 0.37 0.30
13.00 34.97 -610.99 206.66 -313.48 0.86 0.51 0.14 0.77 0.79 0.37 0.71
16.00 29.79 -261.29 664.71 150.98 -0.04 -0.06 0.66 0.85 0.08 0.22 0.52
13.00 10.31 -386.31 69.40 -295.39 -0.51 -0.46 -0.84 0.22 0.42 0.81 0.36
6.00 5.12 -432.27 350.00 417.66 -0.58 -0.85 -0.12 0.75 0.87 0.77 0.72
5.00 4.88 274.38 124.94 395.53 0.52 -0.16 0.97 0.83 0.21 0.34 0.78
10.00 17.62 -734.09 -233.94 -91.45 0.53 -0.91 -0.04 0.75 0.50 0.86 0.23
10.00 5.76 107.14 -635.64 -202.97 0.30 -0.32 0.66 0.86 0.40 0.76 0.53
12.00 35.00 -1.88 -248.59 -18.12 -0.98 -0.20 -0.48 0.88 0.82 0.77 0.89
30.00 20.92 -163.77 10.71 -626.87 0.24 -0.29 0.16 0.30 0.76 0.81 0.02
6.00 9.73 -57.36 -497.88 -461.92 0.72 -0.20 -0.10 0.19 0.58 0.46 0.23
13.00 37.88 113.13 -455.95 -340.43 -0.77 -0.78 -0.17 0.45 0.17 0.72 0.66
12.00 24.37 -270.68 -172.17 -146.46 0.89 0.41 -0.35 0.03 0.32 0.61 0.03
9.00 15.45 19.57 515.55 -600.96 -0.05 -0.37 -0.59 0.94 0.93 0.18 0.34
5.00 4.27 -255.08 -694.63 -17.33 0.19 -0.68 -0.69 0.06 0.11 0.10 0.42
11.00 4.39 -239.31 174.89 -86.76 -0.53 0.49 0.22 0.83 0.91 0.48 0.87
9.00 3.21 -155.45 -581.72 401.30 0.35 0.74 -0.04 0.97 0.69 0.96 0.27
13.00 44.85 419.23 33.76 674.36 -0.39 0.77 0.47 0.39 0.85 0.64 0.15
5.00 4.85 -430.54 -354.36 177.35 -0.24 -0.61 -0.08 0.62 0.32 0.13 0.12
10.00 3.65 -394.57 242.72 19.26 0.02 0.98 -0.12 0.10 0.85 0.46 0.12
8.00 4.59 -511.48 -367.68 135.67 0.82 -0.26 0.06 0.02 0.85 0.21 0.11
14.00 30.15 362.58 116.12 0.56 -0.75 -0.68 0.05 0.13 0.55 0.39 0.08
23.00 79.48 -271.46 -538.36 -162.70 0.63 0.09 -0.49 0.19 0.57 0.15 0.33
5.00 3.04 -87.12 -154.08 -661.69 0.99 0.41 -0.57 0.33 0.49 0.48 0.97
6.00 9.37 326.05 227.81 -33.65 -0.55 0.14 0.39 0.00 0.98 0.45 0.30
5.00 0.69 -143.86 -441.93 185.07 0.20 -0.80 -0.35 0.57 0.49 0.57 0.98
17.00 16.81 26.08 173.56 54.61 -0.84 -0.63 0.08 0.41 0.50 0.23 0.73
16.00 31.55 42.30 -76.30 180.29 -0.32 -0.45 0.65 0.62 0.39 0.77 0.44
8.00 4.81 424.16 -236.16 -451.25 0.87 -0.53 0.78 0.29 0.82 0.85 0.07
29.00 17.58 160.47 -373.99 -191.30 -0.64 0.71 0.78 0.36 0.46 0.36 0.41
5.00 3.45 -379.26 645.10 -34.33 -0.06 -0.82 0.98 0.25 0.64 0.98 0.98
25.00 22.74 -59.52 -206.22 304.13 -0.80 0.94 -0.21 0.66 0.61 0.35 0.74
31.00 6.02 -426.02 -12.32 675.74 0.63 -0.88 0.43 0.15 0.72 0.12 0.27
10.00 6.69 -192.86 -35.98 654.66 -0.22 0.58 -0.78 0.71 0.27 0.12 0.99
13.00 28.52 392.72 35.16 567.02 -0.28 0.85 0.35 0.86 0.58 0.31 0.13
17.00 76.64 39.63 613.25 49.89 0.93 -0.03 -0.82 0.26 0.92 0.46 0.18
15.00 58.42 -775.88 -96.79 99.16 0.84 -0.77 0.67 0.28 0.06 0.12 0.82
18.00 54.16 0.50 648.42 332.21 0.79 -0.23 0.00 0.94 0.13 0.03 0.33
30.00 133.12 -511.70 417.08 -128.17 0.87 0.09 0.78 0.81 0.97 0.19 0.12
11.00 1.53 -109.60 -492.81 -354.01 -0.03 0.64 -0.17 0.70 0.78 0.60 0.34
6.00 9.01 293.00 41.88 113.61 -0.49 -0.81 -0.94 0.43 0.57 0.77 0.07
6.00 5.10 -53.87 756.13 -159.60 0.37 -0.01 0.74 0.83 0.06 0.83 0.21
5.00 2.84 -599.51 -299.87 300.21 -0.44 0.17 -0.65 0.71 0.91 0.57 0.61
15.00 21.40 -431.12 -301.09 -184.62 -0.73 0.72 -0.44 0.43 0.96 0.44 0.54
14.00 46.65 317.81 425.65 -511.01 0.92 -0.86 -0.10 0.52 0.19 0.49 0.13
35.00 9.22 185.75 -155.83 69.12 0.59 0.29 -0.29 0.40 0.93 0.36 0.90
13.00 11.83 -47.39 -114.10 -354.24 -0.90 -0.84 -0.42 0.00 0.63 0.23 0.29
18.00 85.51 -6.30 148.17 -463.66 -0.85 -0.27 -0.69 0.92 0.38 0.32 0.33
7.00 11.20 236.54 -586.31 325.68 0.08 0.15 0.63 0.39 0.07 0.59 0.57
7.00 10.22 -83.20 385.52 282.44 -0.32 -0.26 0.96 0.92 0.97 0.16 0.99
13.00 28.52 43.02 -46.03 155.47 -0.17 0.49 -0.57 0.49 0.27 0.32 0.37
5.00 6.06 -127.09 86.24 554.57 0.66 0.80 -0.34 0.09 0.54 0.83 0.91
5.00 5.36 -16.92 674.98 54.47 0.48 0.79 -0.97 0.83 0.50 0.01 0.01
9.00 0.58 32.84 -30.81 668.64 -0.04 0.90 -0.23 0.93 0.22 0.88 0.09
6.00 7.28 577.83 -351.53 24.67 -0.06 0.28 0.36 0.19 0.88 0.51 0.22
16.00 62.35 555.16 23.37 506.25 -0.86 -0.71 0.05 0.85 0.39 0.39 0.06
7.00 5.52 278.35 287.96 119.78 -0.48 -0.38 0.37 0.61 0.43 0.94 0.22
16.00 27.56 161.38 -470.85 -315.27 -0.17 0.18 -0.49 0.03 0.73 0.18 0.05
8.00 15.49 484.43 -126.75 -272.43 -0.26 -0.40 -0.94 0.54 0.01 0.98 0.85
8.00 12.43 225.31 -665.56 -234.69 0.69 -0.25 0.25 0.33 0.25 0.41 0.04
22.00 54.94 306.36 -111.03 -304.50 0.53 -0.15 -0.61 0.49 0.26 0.87 0.97
15.00 5.73 232.39 -247.51 353.50 -0.59 0.79 0.39 0.94 0.90 0.05 0.54
16.00 52.87 -537.29 134.56 524.07 -0.77 0.10 -0.46 0.14 0.97 0.89 0.28
6.00 1.86 337.51 -465.59 -115.02 -0.42 -0.49 0.31 0.41 0.38 0.89 0.64
32.00 183.46 -173.15 238.92 -672.12 0.34 -0.87 -0.38 0.36 0.26 0.64 0.29
8.00 1.75 670.70 26.68 72.58 0.57 0.97 0.97 0.69 0.05 0.85 0.25
9.00 3.72 584.26 -394.43 -266.57 -0.40 0.55 -0.37 0.09 0.44 0.67 0.02
7.00 9.60 -722.33 235.51 53.80 -0.90 -0.62 -0.25 0.30 0.15 0.51 0.19
14.00 13.11 -627.33 -356.18 281.61 0.46 0.48 -0.75 0.98 0.20 0.11 0.93
7.00 7.11 -333.91 -225.70 -253.62 -0.26 0.04 0.31 0.75 0.98 0.89 0.13
6.00 2.50 -512.18 -109.11 244.59 -0.11 -0.13 0.68 0.12 0.65 0.14 0.64
7.00 3.23 -576.04 -326.99 -124.57 0.87 -0.42 0.70 0.13 0.35 0.88 0.81
17.00 72.07 -36.35 538.18 590.69 -0.66 -0.98 -0.37 0.54 0.62 0.01 0.08
5.00 2.40 53.77 -485.50 16.69 0.13 -0.32 -0.87 0.80 0.79 0.75 0.78
7.00 5.73 77.15 -794.86 -33.84 -0.45 0.97 0.21 0.12 0.39 0.84 0.15
5.00 5.12 -503.41 320.10 61.23 -0.99 -0.29 0.21 0.06 0.29 0.87 0.00
12.00 33.71 -707.76 18.98 31.53 0.85 0.33 -0.19 0.09 0.28 0.26 0.91
24.00 55.03 638.24 282.28 53.52 0.12 0.44 -0.48 0.06 0.62 0.42 0.86
6.00 0.35 -432.29 -212.33 572.61 0.94 -0.05 -0.36 0.85 0.77 0.15 0.15
5.00 4.45 174.18 -196.51 -350.87 0.77 0.74 0.30 0.11 0.28 0.77 0.69
13.00 31.95 -77.07 70.26 -139.78 -0.55 -0.77 0.14 0.63 0.31 0.86 0.60
7.00 8.06 -296.94 -571.63 13.67 0.86 0.93 -0.46 0.59 0.07 0.92 0.52
16.00 29.92 -234.24 -370.70 -487.26 -0.40 -0.22 0.62 1.00 0.64 0.50 0.55
7.00 0.44 -38.30 67.13 41.09 -0.44 -0.00 -0.88 0.95 0.76 0.44 0.24
6.00 7.99 50.86 -152.89 117.37 0.05 0.76 -0.05 0.56 0.05 0.31 0.00
6.00 9.63 -554.93 401.56 -330.45 -0.10 0.08 0.09 0.44 0.28 0.98 0.84
29.00 112.20 421.55 360.73 48.15 0.96 -0.87 -0.89 0.28 0.33 0.79 0.01
6.00 5.23 681.10 312.80 -180.48 -1.00 -0.19 -0.88 0.81 0.31 0.78 0.75
18.00 51.37 192.33 204.50 113.17 0.84 -0.07 -0.75 0.59 0.28 0.57 0.26
7.00 6.50 -121.70 -360.29 328.25 -0.71 -0.51 0.79 0.84 0.63 0.79 0.11
26.00 20.11 316.18 -430.78 315.67 0.37 -0.17 -1.00 0.10 0.47 0.17 0.56
7.00 3.95 -464.33 -588.43 -117.04 0.01 0.38 -0.90 0.01 0.04 0.72 0.89
7.00 6.00 206.12 234.80 691.05 0.96 -0.71 0.75 0.55 0.94 0.90 0.56
8.00 7.18 -611.96 386.41 27.70 0.32 0.13 -0.89 0.31 0.08 0.37 0.79
17.00 46.81 6.54 387.80 -438.05 -0.24 -0.18 -0.71 0.43 0.60 0.86 0.51
14.00 34.43 405.65 -72.90 -178.39 0.32 -0.42 -0.73 0.87 0.92 0.35 0.55
9.00 0.97 -431.60 -208.21 -125.67 -0.32 -0.95 -0.97 0.81 0.14 0.17 0.71
10.00 24.27 228.69 111.65 -261.97 -0.25 0.23 -0.81 0.52 1.00 0.24 0.62
8.00 5.34 -479.66 -210.78 234.49 -0.04 -0.19 -0.05 0.50 0.67 0.21 0.17
38.00 248.35 -170.32 324.79 111.37 -0.84 -0.99 -0.17 0.68 0.62 0.71 0.79
22.00 91.85 413.39 -307.65 -283.44 0.67 0.98 -0.27 0.21 0.76 0.94 0.13
15.00 34.88 489.93 241.17 573.93 -0.13 0.03 -0.01 0.56 0.56 0.14 0.04
5.00 3.82 -164.86 45.79 35.66 -0.76 -0.06 -0.57 0.28 0.80 0.31 0.93
7.00 1.91 -189.08 21.16 -370.50 0.90 0.47 -0.97 0.82 0.69 0.50 0.34
12.00 5.04 -363.73 422.28 -259.73 -0.66 0.47 0.19 0.08 0.14 0.17 0.76
9.00 17.87 43.50 213.04 -134.80 0.74 -0.48 -0.05 0.67 0.21 0.31 0.53
6.00 2.26 30.84 -659.15 444.10 0.62 -0.39 0.58 0.57 0.90 0.45 0.70
12.00 2.49 441.41 -419.72 446.70 0.38 0.72 0.29 0.70 0.91 0.16 0.88
6.00 7.49 217.61 342.90 327.93 0.86 -0.24 -0.16 0.71 0.82 0.43 0.44
7.00 4.94 112.20 597.70 227.81 -0.33 -0.14 0.01 0.01 0.68 0.25 0.58
8.00 3.23 -377.77 -227.27 -409.20 -0.57 -0.13 0.61 0.29 0.60 0.91 0.68
8.00 8.29 717.45 -152.21 4.82 0.92 0.58 0.98 0.21 0.35 0.59 0.96
5.00 6.25 -235.87 163.03 -104.59 0.63 -0.18 -0.07 0.81 0.33 0.48 0.60
5.00 1.21 -363.24 145.51 -58.99 -0.49 0.45 -0.22 0.10 0.51 0.82 0.15
15.00 13.78 -570.25 -240.65 471.53 0.74 0.69 -0.65 0.13 0.02 0.36 0.74
21.00 84.17 -478.18 409.05 480.44 0.69 -0.34 0.12 0.98 0.55 0.01 0.12
8.00 11.80 329.15 -369.44 -590.80 -0.13 0.37 0.52 0.91 0.87 0.63 0.48
11.00 23.79 51.91 -234.96 610.65 -0.38 0.17 -0.85 0.52 0.96 0.87 0.64
5.00 4.92 -254.02 121.43 10.16 -0.26 0.28 -0.44 0.42 0.16 0.66 0.67
5.00 2.46 -231.08 665.88 172.20 -0.86 -0.25 0.75 0.79 0.82 0.58 0.35
33.00 264.85 -680.80 -150.38 -211.08 -0.69 -0.16 0.16 0.08 0.98 0.97 0.68
14.00 20.67 -441.72 527.56 213.77 0.64 -0.84 0.36 0.05 0.38 0.77 0.24
10.00 13.66 189.81 -652.62 276.96 0.78 0.17 0.67 0.41 0.25 0.52 0.01
8.00 3.90 228.08 -230.45 -565.41 0.69 0.60 -0.14 0.27 0.74 0.69 0.90
10.00 20.39 199.98 61.76 -267.62 -0.95 -0.59 1.00 0.67 0.72 0.21 0.77
12.00 9.52 302.77 -728.10 58.80 -0.14 -0.46 -0.06 0.56 0.50 0.21 0.17
10.00 6.71 286.37 -395.32 570.88 0.50 -0.41 0.97 0.47 0.86 0.57 0.41
9.00 16.27 -615.12 -312.83 -162.08 -0.64 0.75 0.87 0.72 0.17 0.09 1.00
22.00 46.94 -337.21 261.79 24.83 0.78 0.00 -0.43 0.34 0.68 0.86 0.53
22.00 125.70 -482.39 453.18 -30.12 0.65 -0.94 -1.00 0.76 0.07 0.54 0.10
8.00 4.71 91.05 -502.50 -397.55 -0.81 0.85 -0.51 0.67 0.73 0.11 0.16
7.00 6.43 24.69 -491.74 220.63 -0.18 -0.97 -0.52 0.28 0.70 0.02 0.57
9.00 22.38 -345.77 225.53 591.75 0.69 0.68 -0.49 0.89 0.79 0.95 0.65
7.00 3.88 -299.19 -46.94 -24.63 0.34 0.21 0.06 0.02 0.45 0.82 0.34
8.00 7.49 218.91 -388.64 212.54 0.05 0.28 0.17 0.90 0.36 0.03 0.77
5.00 5.88 -477.47 -42.82 -113.59 -0.94 -0.43 -0.57 0.33 0.59 0.34 0.23
7.00 4.29 498.08 501.97 126.14 0.92 0.60 0.86 0.41 0.17 0.39 0.12
8.00 13.00 -376.41 -497.07 7.80 0.03 0.75 -0.37 0.41 0.16 0.77 0.89
11.00 2.70 550.80 282.11 -432.59 0.55 0.86 0.40 0.11 0.52 0.64 0.30
9.00 2.18 -119.86 -410.59 668.21 0.32 -0.34 0.56 0.35 0.96 0.54 0.53
17.00 73.72 -164.71 736.10 -42.50 0.46 -0.77 0.19 0.53 0.97 0.87 0.68
8.00 5.89 -67.27 -480.74 620.99 -0.39 -0.60 0.24 0.64 0.18 0.81 0.24
30.00 30.99 -556.94 -305.14 -192.40 0.28 -0.29 -0.79 0.93 0.07 0.25 0.28
16.00 36.19 -9.76 -30.41 219.39 -0.83 0.18 -0.36 0.13 0.60 0.29 0.87
6.00 1.36 621.43 -16.86 184.76 -0.23 -0.83 -0.13 0.22 0.68 0.27 0.30
9.00 8.07 73.84 480.87 -65.74 0.08 0.83 0.99 0.64 0.79 0.86 0.94
9.00 19.96 455.24 295.24 392.74 0.39 -0.18 -0.94 0.82 0.88 0.04 0.93
39.00 269.63 -435.03 -653.56 107.24 0.47 -0.21 0.98 0.72 0.93 0.75 0.76
5.00 5.82 388.70 -451.21 85.51 -0.74 -0.96 0.54 0.09 0.06 0.66 0.21
5.00 6.37 -11.56 356.51 -221.39 -0.81 0.51 -0.92 0.70 0.21 0.03 0.36
35.00 276.96 113.88 19.68 -139.84 -0.10 0.80 0.78 0.26 0.31 0.09 0.83
21.00 57.80 -594.65 -492.77 -203.47 -0.51 0.77 -0.06 0.36 0.86 0.46 0.77
11.00 20.36 -87.73 212.05 640.88 -0.22 0.49 0.59 0.83 0.27 0.52 0.57
10.00 11.24 626.84 -95.91 195.99 0.05 -0.22 0.97 0.17 0.71 0.52 0.80
9.00 4.57 -240.59 -277.45 572.69 0.47 -0.09 -0.09 0.13 0.41 0.47 0.17
15.00 13.37 198.30 -740.72 212.60 0.71 0.34 -0.06 0.84 0.34 0.21 0.36
6.00 9.83 -51.51 -619.80 -405.84 -0.48 -0.86 -0.48 0.00 0.80 0.43 0.95
32.00 14.46 68.84 7.83 -207.38 -0.25 -0.84 -0.17 0.44 0.41 0.16 0.01
15.00 27.69 6.21 132.70 699.86 -0.69 -0.23 0.96 0.36 0.12 0.74 0.56
11.00 12.60 564.86 270.02 -360.18 0.70 0.67 0.50 0.49 0.09 0.96 0.85
8.00 3.21 -211.10 -208.64 317.81 -0.58 -0.18 -0.87 0.97 0.42 0.14 0.81
8.00 10.04 210.36 517.95 -8.15 0.87 -0.72 -0.81 0.97 0.08 0.35 0.97
6.00 1.05 -19.04 -563.18 -214.17 0.06 0.55 0.40 0.16 0.38 0.40 0.20
8.00 14.16 30.94 125.11 -337.07 -0.91 -0.45 0.99 0.57 0.08 0.82 0.96
8.00 6.73 -582.65 457.28 71.54 0.62 0.67 0.79 0.74 0.95 0.20 0.03
8.00 7.86 162.73 -577.05 131.65 -0.13 -0.01 0.37 0.92 0.90 0.69 0.78
13.00 12.61 -668.94 201.00 279.73 0.22 0.83 -0.81 0.57 0.27 0.06 0.13
21.00 89.43 -471.14 -211.42 360.46 -0.74 -0.20 0.11 0.22 0.43 0.76 0.10
16.00 64.10 -10.40 -601.45 -426.04 -0.06 -0.06 -0.89 0.05 0.83 0.55 0.90
6.00 2.11 -71.91 -469.19 0.99 -0.69 0.65 -0.23 0.36 0.56 0.74 0.61
10.00 24.58 -606.43 164.94 -477.44 -0.70 0.23 -0.09 0.16 0.03 0.64 0.01
7.00 2.76 -739.51 -277.75 84.70 -0.04 0.25 -0.55 0.09 0.34 0.10 0.80
13.00 44.82 -269.10 -700.51 -181.33 0.37 -0.25 0.15 0.74 0.45 0.28 0.41
23.00 63.74 174.83 -555.80 -305.11 -0.82 0.68 -0.54 0.04 0.48 0.60 0.67
14.00 50.81 -180.36 86.14 489.98 0.69 -0.07 -0.16 0.08 0.80 0.58 0.12
7.00 8.25 -228.73 511.21 -197.10 0.28 0.62 0.16 0.81 0.17 0.56 0.55
12.00 1.08 161.13 14.25 26.20 0.54 0.25 0.45 0.41 0.01 0.38 0.66
12.00 4.68 563.94 121.17 392.48 0.47 0.91 0.93 0.40 0.77 0.48 0.91
17.00 77.09 -274.79 119.99 329.99 -0.65 -0.20 0.41 0.06 0.66 0.16 0.05
13.00 29.27 -268.25 -203.25 -476.62 -0.24 0.78 1.00 0.74 0.62 0.90 0.24
9.00 3.48 226.21 -346.28 10.22 -0.43 0.80 0.47 0.51 0.39 0.58 0.53
10.00 24.15 121.18 218.98 -674.25 -0.04 -0.85 0.19 0.02 0.57 0.94 0.64
16.00 29.03 -666.31 12.29 337.55 -0.31 0.23 0.47 0.74 0.02 0.74 0.54
8.00 2.76 -358.46 -509.12 8.04 0.83 -0.54 -0.43 0.52 0.12 0.76 0.10
25.00 87.90 -297.60 -83.05 -401.14 0.73 0.85 -0.89 0.47 0.83 0.86 0.65
8.00 5.74 -441.97 478.19 -49.95 0.05 0.84 0.92 0.42 0.40 0.42 0.19
5.00 1.70 -358.72 -679.23 202.34 -0.38 0.62 0.90 0.18 0.80 0.07 0.25
23.00 103.65 -303.59 108.55 -621.98 0.70 -0.08 0.05 0.01 0.61 0.07 0.96
7.00 4.61 -715.65 -192.16 -80.50 0.92 -0.28 0.73 0.87 0.36 0.59 0.61
14.00 32.71 -225.23 238.98 226.56 0.65 0.47 0.21 0.84 0.34 0.19 0.78
13.00 22.49 57.62 -118.04 730.66 0.35 0.17 -0.82 0.74 0.52 0.67 0.21
5.00 4.12 -44.23 -217.02 -538.33 -0.14 -0.76 -0.03 0.09 0.95 0.27 0.04
9.00 8.62 596.58 416.69 -328.32 -0.41 0.74 0.33 0.07 0.51 0.69 0.77
18.00 5.26 125.40 354.99 300.94 0.96 -0.45 -0.41 0.62 0.94 0.14 0.48
11.00 16.19 -69.94 -311.93 18.22 0.18 -0.24 0.60 0.40 0.36 0.10 0.63
12.00 14.87 10.24 -155.47 354.57 -0.72 -0.80 0.10 0.82 0.71 0.02 0.14
10.00 25.90 430.87 136.12 17.28 0.46 -0.78 0.19 0.93 0.79 0.99 0.91
5.00 4.82 122.11 -78.15 -151.05 0.08 -0.78 -0.34 0.94 0.34 0.65 0.11
8.00 13.00 112.79 -603.73 245.45 0.96 -0.84 0.07 0.66 0.73 0.68 0.13
10.00 27.94 -75.55 -608.19 -15.76 0.92 -0.67 0.68 0.74 0.62 0.96 0.69
8.00 4.64 221.06 -24.32 459.05 0.50 0.34 -0.67 0.21 0.29 0.44 0.03
8.00 9.15 633.34 343.94 173.65 0.49 -0.07 0.26 0.25 0.01 0.76 0.87
5.00 3.92 -553.08 188.73 109.87 -0.11 -0.71 -0.54 0.77 0.71 0.08 0.60
13.00 41.56 -596.32 -330.30 114.48 -0.20 -0.69 -0.04 0.20 0.27 0.81 0.34
8.00 4.29 -302.61 -557.94 -177.10 0.07 0.40 0.49 0.72 0.23 0.26 0.04
14.00 52.23 279.38 400.03 506.51 -0.02 0.67 0.40 0.03 0.27 0.08 0.35
19.00 51.40 153.61 385.62 661.33 -0.81 -0.80 -0.74 0.82 0.95 0.86 0.37
5.00 2.33 -62.62 214.41 -305.45 0.05 0.71 -0.34 0.88 0.90 0.67 0.20
5.00 6.73 -588.16 -107.65 108.07 0.54 0.63 -0.26 0.71 0.17 0.58 0.08
15.00 45.29 -313.61 3.63 -528.81 0.13 -0.46 -0.20 0.41 0.96 0.33 0.15
16.00 0.91 243.95 -195.29 -234.59 -0.09 -0.34 -0.82 0.45 0.84 0.54 0.88
34.00 244.63 790.94 94.24 34.34 -1.00 0.35 1.00 0.01 0.40 0.87 0.71
10.00 24.37 346.40 -205.67 229.46 0.52 -0.04 0.29 0.30 0.07 0.66 0.00
6.00 3.22 -258.99 269.08 -202.85 0.47 -0.96 -0.70 0.13 0.46 0.69 0.55
28.00 115.06 -696.21 281.69 -108.62 0.42 -0.13 -0.29 0.02 0.22 0.62 0.68
12.00 36.32 -660.69 142.96 -159.91 -0.80 0.30 0.94 0.04 0.67 0.73 0.31
7.00 9.18 -431.90 -379.58 -478.97 -0.27 0.40 -0.33 0.99 0.93 0.93 0.01
6.00 5.73 -245.16 -240.81 -539.14 0.03 0.37 0.72 0.11 0.70 0.51 0.78
8.00 17.11 -633.15 247.70 144.84 0.99 0.51 0.50 0.74 0.81 0.49 0.59
16.00 33.83 -164.62 -278.89 -646.47 -0.64 0.51 0.25 0.19 0.50 0.62 0.55
11.00 18.85 619.83 231.71 -253.57 0.43 0.13 0.90 0.13 0.52 0.68 0.98
6.00 0.50 -218.75 46.54 493.48 0.66 -0.36 -0.52 0.67 0.21 0.88 0.46
8.00 3.18 34.03 222.84 307.72 -0.55 -0.17 0.59 0.93 0.22 0.58 0.84
17.00 74.74 411.86 56.94 646.97 -0.22 -0.08 0.26 0.59 0.67 0.21 0.51
17.00 76.99 -279.54 -32.29 204.88 0.39 0.19 -0.12 0.18 0.45 0.44 0.33
13.00 11.24 -82.92 -242.40 702.73 -0.92 -0.09 0.46 0.34 0.47 0.26 0.35
13.00 37.66 583.60 400.57 -107.65 -0.16 0.61 -0.51 0.35 0.72 0.14 0.83
11.00 25.07 -394.07 -419.95 541.68 -0.74 0.28 0.93 0.82 0.63 0.00 0.22
6.00 0.70 108.25 -671.60 56.56 0.19 -0.35 -0.14 0.88 0.46 0.88 0.49
10.00 7.62 -585.24 389.26 -34.23 -0.66 -0.32 -0.24 0.52 0.55 0.26 0.82
8.00 9.66 -271.26 -39.92 231.85 0.64 0.06 0.20 0.24 0.78 0.04 0.82
7.00 5.37 190.82 610.60 119.23 -0.28 -0.25 0.06 0.24 0.74 0.73 0.91
13.00 14.23 -151.73 550.08 88.20 0.56 -0.91 -0.96 0.57 0.27 0.04 0.65
5.00 5.64 -197.66 89.23 696.72 -0.16 -0.99 -0.70 0.32 0.54 0.34 0.62
11.00 15.88 469.85 380.75 514.94 0.68 0.77 0.42 0.47 0.30 0.61 0.11
19.00 61.80 88.25 315.67 436.71 -0.46 -0.80 -0.96 0.92 0.56 0.43 0.80
9.00 16.13 459.29 -270.83 -225.07 -0.52 -0.85 0.08 0.97 0.32 0.21 0.80
8.00 11.43 309.51 -336.24 -138.75 -0.59 -0.35 0.24 0.94 0.58 0.31 0.69
6.00 8.24 -68.91 -127.35 149.39 0.08 -0.18 0.05 0.69 0.48 0.58 0.93
20.00 72.41 -222.05 480.58 -444.05 -0.33 -0.90 0.83 0.36 0.07 0.76 0.63
9.00 21.44 -67.25 -506.26 369.26 0.13 -0.26 0.43 0.33 0.18 0.19 0.75
6.00 4.41 702.86 281.40 213.24 -0.02 -0.59 -0.31 0.73 0.76 0.69 0.51
5.00 1.10 527.11 -174.93 106.58 -0.01 0.46 0.89 0.45 0.09 0.13 0.47
8.00 6.10 -140.14 -564.83 215.98 0.17 -0.76 0.19 0.21 0.29 0.34 0.74
22.00 62.48 598.32 488.77 55.70 -0.67 1.00 -0.06 0.24 0.03 0.40 0.63
13.00 3.76 -460.46 288.18 -416.42 -0.37 0.70 -0.33 0.11 0.80 0.88 0.80
16.00 10.29 -724.48 268.42 -147.50 -0.79 0.68 -0.73 0.31 0.37 0.06 0.81
6.00 8.01 -592.95 198.88 -82.65 0.46 -0.65 0.62 0.95 0.31 0.49 0.96
10.00 6.38 -276.21 -204.01 351.15 0.05 -0.81 0.39 0.03 0.67 0.74 0.94
8.00 11.40 294.42 390.54 -52.66 0.17 -0.30 -0.27 0.96 0.19 0.15 0.54
10.00 1.05 386.15 -514.36 355.67 0.16 -0.61 -0.88 0.99 0.86 0.14 0.58
7.00 13.67 417.92 62.96 -27.80 -0.49 -0.38 0.48 0.99 0.76 0.26 0.05
9.00 7.34 -278.76 598.41 282.88 -0.91 0.96 0.17 0.57 0.80 0.32 0.45
7.00 12.16 275.93 -696.32 103.30 -0.80 0.22 -0.65 0.59 0.31 0.67 0.77
28.00 120.23 -175.76 -237.93 642.83 0.83 0.42 0.52 0.27 0.84 0.73 0.04
7.00 9.42 39.52 -166.95 -552.64 0.39 -0.53 0.68 0.31 0.05 0.41 0.14
8.00 8.87 -636.46 -59.82 272.37 0.75 0.45 0.78 0.94 0.17 0.12 0.09
16.00 52.59 -132.10 251.89 -724.66 0.95 0.09 -0.34 0.60 0.37 0.22 0.15
9.00 20.33 163.09 -212.35 -731.28 -0.90 -0.55 -0.41 0.39 0.25 0.57 0.86
5.00 2.28 -320.33 -346.61 -628.67 -0.18 -0.30 0.23 0.43 0.17 0.28 0.07
7.00 1.41 311.01 158.68 302.29 -0.89 -0.96 0.16 0.24 0.58 0.97 0.64
10.00 3.12 182.55 144.85 -89.45 0.66 -0.81 -0.92 0.16 0.65 0.78 0.37
22.00 28.03 458.74 153.01 -185.13 -0.19 0.61 0.92 0.46 0.20 0.06 0.13
5.00 6.68 -642.52 164.92 -285.87 -0.26 -0.48 -0.86 0.89 0.32 0.50 0.05
9.00 1.17 547.77 197.26 -9.88 -0.28 -0.45 -0.36 0.96 0.72 0.37 0.80
20.00 92.35 -323.02 206.54 -364.14 0.77 0.94 0.40 0.19 0.85 0.85 0.19
9.00 9.07 589.70 -408.73 133.86 0.21 0.67 0.37 0.04 0.76 0.44 1.00
6.00 2.89 -155.33 439.57 -218.64 -0.19 -0.44 -0.95 0.59 0.52 0.45 0.80
6.00 0.59 -230.63 315.40 -32.08 -0.19 -0.32 0.64 0.17 0.53 0.42 0.28
9.00 0.30 -92.56 240.11 128.31 -0.56 -0.85 -0.10 0.36 0.16 0.93 0.30
13.00 38.97 -637.47 -348.44 149.35 0.36 -0.81 -0.04 0.80 0.94 0.66 0.61
6.00 0.31 51.98 406.63 334.39 0.81 0.43 -0.15 0.45 0.38 0.68 0.19
21.00 62.75 219.42 41.25 -50.61 -0.15 -0.73 0.30 0.63 0.63 0.89 0.63
24.00 95.86 311.97 -440.05 578.56 -0.83 -0.37 -0.92 0.44 0.16 0.25 0.56
24.00 100.17 305.23 708.90 181.33 0.70 0.95 -0.08 0.02 0.86 0.30 0.45
12.00 37.22 -189.95 363.00 -210.68 0.12 0.68 -0.79 0.88 0.99 0.07 0.05
11.00 29.03 557.14 223.31 -491.74 -0.07 0.85 0.39 0.97 0.16 0.23 0.86
26.00 147.47 633.04 -121.52 241.23 -0.39 0.88 0.98 0.22 0.83 0.80 0.21
5.00 4.60 207.98 274.91 67.51 0.13 0.26 -0.83 0.05 0.53 0.73 0.51
5.00 3.66 297.36 -392.94 296.63 -0.31 -0.31 0.64 0.39 0.77 0.30 0.96
32.00 235.07 450.67 -458.89 394.90 -0.59 -0.49 -0.55 0.49 0.31 0.32 0.66
7.00 11.10 206.18 -596.49 241.97 -0.67 -0.37 0.03 0.73 0.38 0.36 0.38
9.00 10.59 -338.16 575.64 -79.87 0.20 -0.83 -0.48 0.30 0.75 0.93 0.78
9.00 21.40 171.50 -196.85 729.80 0.60 0.80 0.11 0.96 0.20 0.65 0.20
12.00 20.63 -50.69 -82.38 -258.82 0.67 0.10 -0.92 0.33 0.93 0.41 0.57
14.00 11.73 -7.53 -232.55 18.19 0.17 0.21 0.16 0.27 0.56 0.53 0.14
10.00 24.27 42.18 -427.64 333.60 -0.69 0.45 0.29 0.11 0.39 0.40 0.58
12.00 32.14 -521.91 -384.91 -283.22 0.52 -0.20 0.32 0.85 0.53 0.21 0.44
7.00 8.10 334.46 -192.04 166.45 -0.44 0.69 0.61 0.18 0.52 0.57 0.25
20.00 24.58 -360.84 -217.82 -549.01 -0.12 -0.44 0.36 0.59 0.19 0.72 0.95
16.00 16.63 -455.61 35.80 427.01 -0.11 -0.08 0.41 0.89 0.06 0.04 0.11
6.00 3.06 -576.46 -235.91 -327.36 0.82 0.08 0.02 0.50 0.25 0.85 0.45
7.00 13.23 434.73 -634.28 153.83 0.37 -0.88 -0.22 0.07 0.63 0.39 0.59
17.00 34.62 -161.24 -391.26 -555.06 -0.95 -0.52 -0.38 0.60 0.60 0.15 0.08
7.00 3.61 247.48 -607.36 -306.43 0.22 0.29 -0.14 0.48 0.63 0.19 0.44
12.00 3.35 -478.21 99.01 405.44 0.94 -0.57 0.86 0.87 0.90 0.19 0.40
12.00 29.57 -762.70 -63.23 210.17 -0.67 -0.87 -0.17 0.50 0.82 0.52 0.28
12.00 27.34 -109.17 -79.33 283.23 -0.18 0.43 -0.43 0.62 0.28 0.89 0.80
12.00 16.59 57.60 -401.22 107.84 -0.95 -0.34 0.32 0.32 0.36 0.97 0.30
9.00 4.72 -356.51 -273.28 -340.89 -0.60 0.06 0.05 0.85 0.26 0.85 0.41
16.00 39.24 421.99 -233.44 -25.88 0.25 0.56 0.58 0.29 0.75 0.38 0.80
11.00 3.85 -21.61 34.81 164.56 -0.49 -0.00 -0.05 0.87 0.63 0.31 0.93
16.00 14.99 -177.48 -68.21 543.94 -0.20 0.57 -0.95 0.40 0.38 0.72 0.29
22.00 118.89 660.91 161.53 308.85 0.21 -0.42 -0.15 0.26 0.22 0.55 0.62
29.00 198.26 -34.96 -11.63 -372.16 0.16 -0.39 0.35 0.79 0.36 0.18 0.09
10.00 25.80 393.05 164.15 -534.06 -0.65 0.96 -0.74 0.82 0.31 0.45 0.22
17.00 44.74 114.59 620.86 35.30 0.02 -0.98 0.79 0.98 0.38 0.18 0.12
6.00 3.83 -190.89 -377.35 82.08 -0.53 0.21 -0.48 0.90 0.51 0.26 0.27
9.00 18.29 81.81 -309.19 270.71 0.21 0.64 -0.72 0.30 0.58 0.79 0.73
17.00 61.12 83.11 -91.26 110.33 0.97 -0.40 -0.27 0.49 0.80 0.88 0.65
7.00 11.31 -684.65 39.43 -152.71 -0.32 -0.80 -0.60 0.85 0.94 0.91 0.08
17.00 1.53 302.77 182.00 521.21 -0.73 -0.05 0.84 0.67 0.80 0.88 0.15
5.00 4.42 575.44 18.45 467.37 -0.40 0.51 0.51 0.52 0.15 0.25 0.82
14.00 49.31 136.33 -348.41 311.90 0.46 0.31 -0.71 0.22 0.36 0.58 0.98
9.00 10.96 -26.91 86.29 -152.20 0.24 0.82 0.33 0.29 0.95 0.40 0.89
6.00 2.82 -306.09 299.03 644.42 0.70 0.25 0.62 0.51 0.47 0.97 0.08
16.00 14.12 110.69 -725.10 280.26 0.21 -0.43 -0.93 0.46 0.87 0.19 0.25
8.00 5.47 528.61 -446.38 315.94 -0.65 -0.83 -0.01 0.60 0.47 0.36 0.72
6.00 2.81 -135.60 -638.17 198.24 0.79 0.56 0.81 0.64 0.69 0.13 0.69
10.00 3.77 -132.87 17.00 593.09 0.40 0.80 -0.35 0.49 0.86 0.69 0.74
12.00 28.37 126.33 -541.78 313.12 0.62 0.02 0.68 0.43 0.93 0.85 0.49
20.00 7.23 92.84 -24.89 -78.09 -0.95 0.93 -0.18 0.59 0.62 0.96 0.94
7.00 6.93 -184.15 406.92 -618.43 0.74 -0.77 -0.51 0.40 0.73 0.55 0.06
6.00 1.82 125.05 -367.57 94.85 -0.40 0.50 -0.03 0.99 0.59 0.76 0.01
15.00 1.95 153.63 -149.64 188.19 0.98 0.55 -0.84 0.31 0.77 0.26 0.16
11.00 6.33 54.75 288.41 583.75 0.34 -0.76 0.32 0.15 0.29 0.24 0.30
7.00 7.34 -195.95 -145.65 -639.57 0.38 0.40 -0.53 0.56 0.02 0.80 0.58
21.00 20.96 -216.20 -599.35 -274.84 0.25 -0.11 0.25 0.22 0.15 0.93 1.00
31.00 63.78 -336.45 30.97 80.71 0.81 0.14 -0.50 0.62 0.35 0.02 0.31
5.00 4.33 -135.47 143.71 679.37 0.02 0.40 0.29 0.10 0.30 0.54 0.56
27.00 63.87 -269.76 417.77 314.45 0.70 0.29 0.04 0.79 0.34 0.92 0.37
7.00 4.68 655.75 -238.53 244.86 -0.28 -0.04 -0.20 0.92 0.32 0.70 0.61
9.00 1.41 -262.69 -600.17 -268.62 -0.41 0.42 -0.42 0.52 0.43 0.87 0.87
7.00 3.07 349.21 640.67 172.15 0.25 -0.73 -0.49 0.04 0.96 0.07 0.69
5.00 4.04 239.20 -291.10 403.84 -0.13 -0.61 0.08 0.56 0.23 0.40 0.38
8.00 7.47 -608.40 441.12 -251.38 -0.73 0.80 0.79 0.43 0.13 0.96 0.46
24.00 61.25 -45.26 -686.70 402.07 0.73 -0.61 -0.41 0.96 0.20 0.65 0.34
18.00 36.45 -6.79 32.21 -129.64 0.75 0.69 -0.50 0.78 0.36 0.44 0.32
9.00 11.93 683.69 346.79 -227.76 -0.05 0.88 0.64 0.56 0.87 0.81 0.69
7.00 6.91 -534.20 261.82 -359.95 0.25 -0.83 -0.80 0.66 0.23 0.40 0.08
6.00 6.71 -689.71 -303.89 182.10 -0.59 -0.34 0.15 0.19 0.22 0.28 0.71
10.00 16.01 -524.61 199.70 251.87 -0.55 0.74 -0.02 0.33 0.85 0.61 0.01
9.00 11.12 -116.81 91.29 -128.21 -0.99 -0.11 -0.06 0.44 0.13 0.42 0.71
7.00 5.00 319.37 -670.89 -271.78 -0.00 -0.59 0.40 0.08 0.31 0.92 0.01
9.00 18.84 -209.97 709.88 4.84 -0.00 -0.74 -0.62 0.85 0.30 0.37 0.85
8.00 5.45 233.66 93.90 150.13 0.67 0.42 0.02 0.59 0.16 0.73 0.64
13.00 19.27 -143.02 -65.13 -339.60 -0.94 -0.77 -0.90 0.17 0.78 0.73 0.59
11.00 17.97 293.03 608.44 158.82 0.26 -0.96 -0.49 0.99 0.66 0.08 0.41
6.00 1.40 -311.57 57.93 -119.78 -0.08 0.46 -0.58 0.07 0.99 0.99 0.10
17.00 19.71 -483.71 -186.57 473.11 0.62 0.13 -0.72 0.93 0.12 0.33 0.76
22.00 95.58 -574.75 286.09 -377.88 0.10 0.73 -0.27 0.83 0.87 0.09 0.78
7.00 0.68 23.96 -0.35 597.69 -0.93 -0.05 -0.17 0.71 0.53 0.20 0.51
18.00 29.05 56.10 462.07 -514.71 -0.63 -0.56 -0.09 0.48 0.64 0.49 0.14
10.00 12.57 351.93 -429.93 -340.06 0.59 0.21 -0.54 0.35 0.32 0.50 0.92
17.00 44.46 -186.61 -163.49 -663.07 0.54 0.28 0.21 0.05 0.32 0.97 0.37
9.00 5.14 -211.93 251.15 -531.05 -0.22 -0.72 0.10 0.53 0.68 0.50 0.08
6.00 0.37 -680.86 283.05 -72.04 0.60 0.47 -0.60 0.54 0.39 0.28 0.27
7.00 7.09 -144.50 -94.99 -530.96 0.52 0.96 0.78 0.38 0.23 0.63 0.00
6.00 4.70 281.74 22.49 -410.18 0.25 0.57 0.96 0.08 0.67 0.14 0.64
10.00 5.00 -583.33 1.23 -303.42 -0.00 -0.06 0.74 0.25 0.62 0.77 0.58
11.00 22.72 -467.55 54.12 290.80 -0.06 0.68 0.43 0.71 0.02 0.29 0.17
6.00 2.63 55.69 -371.58 -571.55 -0.72 0.99 -0.14 0.78 0.51 0.04 0.63
9.00 0.97 -159.92 313.90 430.02 0.56 0.18 -0.95 0.09 0.66 0.23 0.34
19.00 22.86 -686.87 266.41 108.51 0.61 -0.11 -0.39 0.98 0.73 0.72 0.77
10.00 20.21 -583.07 -25.70 34.43 0.07 -0.37 -0.12 0.90 0.87 0.60 0.93
5.00 2.86 -441.15 -90.63 654.50 0.70 0.09 0.93 0.89 0.48 0.55 0.41
12.00 19.82 68.38 415.96 -557.61 -0.92 0.83 0.73 0.93 0.29 0.40 0.00
27.00 36.38 494.45 76.50 -171.58 -0.92 0.36 0.50 0.15 0.59 0.32 0.12
5.00 3.98 372.77 314.00 -551.37 -0.34 0.32 0.84 0.14 0.51 0.39 0.38
6.00 2.06 -144.28 -112.99 -405.45 -0.59 0.32 -0.68 0.64 0.81 0.59 0.39
15.00 10.90 -285.36 270.54 -32.03 -0.50 -0.77 0.79 0.30 0.55 0.50 0.16
6.00 3.24 589.94 295.83 -431.67 0.29 -0.78 -0.46 0.24 0.48 0.67 0.98
8.00 0.70 433.02 -319.06 36.86 -0.18 0.62 0.89 0.20 0.54 0.56 0.08
12.00 20.16 -569.78 -231.62 -37.55 0.50 0.87 0.95 0.02 0.69 0.16 0.97
11.00 6.64 50.25 559.12 -298.31 0.61 0.08 -0.45 0.77 0.13 0.39 0.85
13.00 5.72 -56.21 132.76 516.15 -0.03 -0.99 -0.06 0.59 0.59 0.51 0.43
8.00 11.35 -92.11 50.79 416.68 -0.97 -0.63 -0.58 0.11 0.39 0.30 0.86
12.00 33.60 503.04 -464.36 -330.14 0.71 -0.88 -0.96 0.08 0.20 0.47 0.92
6.00 7.51 -0.27 535.88 -95.56 -0.36 -0.23 -0.08 0.70 0.18 0.64 0.91
6.00 6.34 381.07 -55.61 231.91 -0.89 0.92 -0.40 0.96 0.28 0.37 0.76
6.00 9.49 -268.86 -543.44 81.65 0.08 0.49 0.72 0.22 0.81 0.22 0.51
8.00 8.08 -103.69 178.75 -167.66 0.53 -0.86 -0.34 0.40 0.60 0.51 0.33
11.00 6.48 459.51 171.45 241.15 -0.25 0.58 0.35 0.65 0.90 0.63 0.26
10.00 14.73 -225.23 227.62 450.94 0.03 -0.89 0.19 0.31 0.90 0.37 0.53
10.00 14.23 220.23 -523.01 501.64 -0.74 -0.85 0.58 0.17 0.53 0.44 0.03
11.00 14.14 -86.06 152.05 -619.93 -0.85 -0.48 0.37 0.10 0.69 0.08 0.61
11.00 17.05 -272.85 -538.50 120.42 0.58 -0.76 0.27 0.45 0.75 0.13 0.66
11.00 15.14 -287.91 -405.84 -106.82 -0.09 0.78 0.45 0.55 0.11 0.74 0.72
8.00 17.45 443.09 -317.12 542.72 -0.77 -0.82 0.87 0.61 0.87 0.73 0.29
9.00 5.61 13.22 -83.87 -269.80 0.20 0.06 -0.56 0.59 0.99 0.56 0.22
14.00 43.46 301.76 -157.84 -423.14 -0.70 1.00 0.12 0.64 0.29 0.36 0.71
7.00 5.06 -252.82 -221.90 529.41 0.27 -0.13 0.81 0.13 0.15 0.25 0.77
5.00 4.32 -495.56 -561.41 -50.91 -0.90 -0.31 -0.73 0.47 0.45 0.97 0.86
7.00 0.72 38.51 -588.65 118.60 0.81 0.93 0.94 0.73 0.93 0.34 0.45
5.00 5.37 -54.19 31.43 -524.68 0.81 -0.27 -0.16 0.35 0.32 0.85 0.76
10.00 22.95 -146.95 -94.23 644.24 0.41 -0.29 0.72 0.68 0.46 0.78 0.27
6.00 3.51 -208.63 249.79 -274.27 0.27 -0.08 -0.09 0.18 0.04 0.59 0.20
17.00 30.23 -170.85 -515.53 -320.65 0.91 0.95 0.21 0.13 0.93 0.73 0.20
14.00 45.63 215.62 253.23 -610.64 -0.48 -0.82 -0.83 0.96 0.67 0.40 0.56
9.00 6.03 109.49 -411.86 -72.17 -0.56 -1.00 -0.23 0.46 0.39 0.66 0.12
14.00 3.87 128.81 557.95 -308.08 -0.48 0.31 0.61 0.19 0.31 0.02 0.72
19.00 72.46 122.74 14.25 158.65 0.13 -0.06 -0.81 0.36 0.00 0.88 0.48
6.00 1.70 -345.43 367.85 426.09 -0.83 0.26 0.93 0.20 0.55 0.18 0.62
8.00 7.50 -292.62 586.62 -183.51 -0.17 -0.04 0.47 0.50 0.33 0.32 0.41
12.00 23.32 505.64 -195.03 138.47 -0.75 -0.77 0.27 0.80 0.87 0.35 0.88
6.00 5.29 393.54 -191.83 -99.56 -0.63 0.02 0.66 0.32 0.90 0.36 0.24
7.00 11.66 24.43 186.97 -634.36 0.69 -1.00 -0.43 0.85 0.48 0.25 0.95
9.00 4.71 -525.51 170.65 455.46 -0.05 -0.10 -0.34 0.39 0.50 0.41 0.29
12.00 30.55 -496.08 72.17 492.56 -0.14 -0.47 -0.56 0.32 0.20 0.33 0.67
12.00 31.98 73.91 469.96 484.85 -0.76 -0.44 -0.19 0.17 0.94 0.46 0.91
5.00 4.70 -203.86 -56.84 648.07 0.46 -0.13 -0.80 0.37 0.11 0.08 0.62
13.00 26.46 -141.24 526.58 404.44 -0.14 -0.86 0.50 0.93 0.13 0.72 0.71
6.00 5.93 646.56 -262.03 338.87 -0.78 0.55 0.38 0.38 0.22 0.33 0.30
9.00 8.82 606.03 410.55 242.59 0.44 -0.79 0.08 0.73 0.54 0.35 0.95
5.00 4.09 754.03 -197.41 27.39 -0.38 -0.60 0.12 0.25 0.80 0.94 0.10
6.00 9.36 -422.05 280.67 397.11 0.41 0.28 -0.73 0.14 0.75 0.50 0.74
10.00 16.30 383.68 -571.03 95.53 0.93 -0.98 0.76 0.64 0.35 0.61 0.96
13.00 16.74 -662.75 -173.91 55.97 0.81 -0.98 0.27 0.07 0.98 0.98 0.24
10.00 18.47 174.97 483.62 193.39 -0.45 0.30 -0.11 0.18 0.57 0.03 0.16
24.00 153.99 -67.21 -378.20 -317.87 -0.57 -0.41 0.18 0.12 0.81 0.04 0.14
5.00 6.85 -171.26 -162.20 -26.84 0.01 0.65 0.07 0.15 0.38 0.59 0.13
10.00 15.07 408.77 484.89 174.44 0.90 -0.07 0.99 0.56 0.96 0.13 0.41
7.00 2.12 -146.40 703.21 -186.23 0.16 0.61 0.08 0.91 0.41 0.68 0.14
15.00 37.46 -75.99 415.84 454.10 -0.46 0.27 -0.20 0.83 0.08 0.49 0.20
17.00 26.89 358.45 500.52 14.32 -0.15 -0.09 -0.51 0.99 0.42 0.87 0.71
6.00 5.46 720.56 -108.85 117.46 -0.63 -0.92 -0.75 0.78 0.33 0.60 0.96
10.00 14.96 59.24 -74.93 460.55 -0.20 -0.25 0.08 0.77 0.63 0.64 0.95
20.00 11.90 -241.86 -83.31 -88.04 -0.53 0.99 0.33 0.18 0.01 0.46 0.37
14.00 5.37 360.89 -310.29 -14.42 -0.21 -0.10 0.81 0.93 0.00 0.50 0.49
8.00 13.00 -459.55 -405.86 -288.12 0.69 0.46 0.20 0.16 0.45 0.29 0.17
8.00 3.06 -704.40 127.75 -246.65 0.59 -0.12 -0.75 0.61 0.22 0.97 0.22
7.00 0.77 375.52 105.59 -40.56 0.44 -0.63 0.86 0.88 0.39 0.80 0.38
9.00 13.76 450.74 -292.31 -51.57 0.46 0.20 0.86 0.77 0.53 0.88 0.75
7.00 5.92 525.69 -410.28 46.32 -0.95 0.85 -0.35 0.26 0.30 0.54 0.90
7.00 6.11 -617.01 203.70 -81.46 0.38 -0.62 -0.94 0.79 0.16 0.63 0.73
32.00 227.14 -226.33 39.68 222.57 0.27 0.57 -0.58 0.22 0.51 0.55 0.82
6.00 9.92 -275.65 75.47 -480.68 0.92 -0.36 0.58 0.25 0.36 0.89 0.73
6.00 5.62 561.79 -164.78 -485.49 -0.27 -0.32 -0.88 0.78 0.63 0.80 0.09
6.00 7.25 330.90 -694.33 -2.51 0.50 -0.89 0.72 0.55 0.05 0.20 0.98
7.00 13.37 -42.77 238.78 -457.18 0.14 -0.19 -0.19 0.88 0.55 0.34 0.42
9.00 13.32 -117.69 92.65 -226.23 0.87 -0.34 0.96 0.63 0.25 0.48 0.12
7.00 8.40 656.12 -288.73 87.87 0.81 -0.68 0.06 0.22 0.02 0.47 0.77
6.00 1.43 610.75 260.15 -397.46 -0.95 0.31 -0.59 0.57 0.99 0.74 0.37
36.00 269.97 143.81 244.09 180.99 -0.15 0.96 -0.74 0.57 0.27 0.90 0.87
7.00 12.17 -303.53 -19.38 52.25 -0.05 0.31 0.02 0.57 0.35 0.77 0.16
9.00 1.72 -11.21 -166.70 507.70 -0.96 0.69 -0.90 0.32 0.45 0.67 0.42
5.00 1.46 -380.34 -348.60 25.86 0.04 0.47 -0.55 0.36 0.87 0.75 0.60
14.00 46.21 -242.06 -186.34 -668.15 0.20 0.62 0.66 0.67 0.80 0.49 0.14
13.00 35.86 362.79 400.79 105.41 -0.99 -0.74 0.99 0.63 0.21 0.47 0.79
8.00 10.58 -154.95 -446.22 -139.18 0.88 -0.93 -0.38 0.39 0.77 0.95 0.09
11.00 27.79 15.31 529.54 -532.36 -0.34 0.41 0.16 0.41 0.64 0.29 0.13
9.00 20.66 233.85 -661.82 -53.38 0.94 -0.21 0.75 0.80 0.34 0.14 0.03
20.00 36.10 -389.91 283.48 -92.57 -0.14 0.46 0.41 0.19 0.20 0.53 0.99
15.00 7.60 -255.04 -386.86 -88.38 -0.13 -0.54 -0.50 0.25 0.44 0.19 0.33
9.00 2.51 -165.44 409.16 83.34 0.29 -0.62 -0.77 0.97 0.11 0.86 0.98
15.00 1.23 -214.95 66.80 -507.31 0.22 -0.26 -0.83 0.32 0.51 0.95 0.72
5.00 0.75 633.87 -332.89 -174.01 -0.50 0.08 0.65 0.32 0.64 0.68 0.99
30.00 130.11 182.65 -431.39 564.55 -0.60 0.01 0.46 0.81 0.18 0.57 0.56
7.00 12.10 -61.88 -304.48 531.48 0.34 0.67 0.78 0.45 0.70 0.05 0.91
7.00 6.08 -326.26 67.98 287.65 -0.10 0.38 -0.81 0.52 0.26 0.57 0.82
5.00 2.02 70.38 488.48 -527.67 -0.86 0.10 0.42 0.50 0.10 0.52 0.09
17.00 33.80 622.14 -239.33 -325.83 0.64 -0.73 0.30 0.87 0.83 0.21 0.03
36.00 260.36 -60.04 635.73 10.77 0.93 0.46 0.84 0.82 0.08 0.29 0.60
8.00 7.61 220.91 49.98 641.62 -0.32 0.50 0.43 0.77 0.45 0.54 0.29
5.00 2.67 -340.42 254.51 -546.36 -0.56 -0.86 -0.58 0.10 0.36 0.69 0.02
13.00 10.46 -439.38 -67.52 -288.67 0.30 -0.51 -0.56 0.30 0.79 0.91 0.62
22.00 91.20 -286.72 -572.50 184.51 0.71 0.48 0.14 0.23 0.81 0.97 0.96
10.00 24.17 -465.91 -193.13 136.79 -0.58 0.15 0.35 0.61 0.73 0.97 0.48
13.00 38.97 -32.45 -131.77 59.89 -0.10 0.78 0.33 0.48 0.73 0.57 0.81
18.00 75.82 -183.03 233.31 -448.13 0.65 0.01 0.76 0.51 0.40 0.08 0.72
33.00 108.75 -639.26 -136.77 354.18 -0.07 0.17 -0.50 0.43 0.87 0.96 0.59
8.00 14.13 77.10 194.33 647.32 -0.99 -0.86 -0.70 0.03 0.56 0.29 0.48
5.00 4.17 108.34 -187.55 -380.58 0.58 0.90 -0.02 0.86 0.93 0.53 0.11
5.00 5.32 254.44 -293.52 -602.85 0.75 -0.52 -0.01 0.86 0.46 0.13 0.86
6.00 2.64 -674.85 140.76 310.04 -0.69 -0.08 -0.05 0.55 0.78 0.60 0.78
7.00 2.69 -60.73 -548.21 -128.92 0.91 -0.55 -0.78 0.56 0.09 0.72 0.46
10.00 23.02 -269.72 590.19 390.83 0.16 0.37 -0.54 0.73 0.09 0.06 0.45
7.00 7.54 -362.95 288.27 118.34 -0.42 -0.41 0.74 0.30 0.64 0.26 0.30
13.00 21.37 460.34 152.88 493.80 0.27 -0.13 -0.81 0.74 0.37 0.90 0.76
6.00 5.31 709.21 24.56 136.80 0.56 -0.75 -0.49 0.46 0.75 0.66 0.27
7.00 11.42 -135.71 664.14 -338.41 -0.67 -0.75 -0.67 0.69 0.29 0.37 0.30
18.00 82.29 -564.22 542.55 47.55 0.57 0.28 -0.77 0.79 0.04 0.98 0.91