17.51 1138
25.00 109.77 634.35 -244.91 -56.96 0.73 0.84 0.10 0.40 0.92 0.52 0.63
11.00 26.08 346.22 -61.06 586.76 0.91 0.33 0.96 0.63 0.09 0.33 0.26
8.00 6.65 64.37 462.64 -617.93 0.79 0.16 0.91 0.56 0.12 0.34 0.12
6.00 5.96 -138.58 339.75 -277.35 0.07 -0.47 -0.27 0.90 0.81 0.92 0.96
7.00 0.70 611.24 68.45 503.48 0.63 -0.05 -0.18 0.93 0.09 0.19 0.60
13.00 23.32 -241.00 -516.52 -174.42 0.52 -0.62 -0.73 0.40 0.78 0.26 0.85
7.00 5.39 491.83 -269.01 -506.09 -0.56 0.84 -0.90 0.66 0.55 0.09 0.69
6.00 9.46 155.47 149.63 636.32 -0.54 -0.16 -0.45 0.19 0.21 0.59 0.89
29.00 184.71 -196.71 -571.92 319.09 -0.54 -0.88 -0.55 0.21 0.03 0.53 0.50
11.00 26.58 129.47 -546.21 -334.79 -0.49 -0.35 -0.93 0.31 0.94 0.63 0.54
5.00 2.04 -211.90 142.45 63.80 0.40 -0.61 0.76 0.84 0.29 0.27 0.12
8.00 0.15 -420.28 6.72 13.54 -0.61 0.22 0.99 0.36 0.85 0.20 0.73
13.00 22.99 -96.32 241.59 -674.72 -0.36 -0.96 -0.35 0.94 0.30 0.10 0.86
12.00 14.47 600.25 450.84 185.03 -0.68 -0.22 -0.46 0.79 0.23 0.49 0.36
19.00 77.81 -39.44 140.28 -274.84 0.60 0.97 -0.56 0.50 0.67 0.33 0.49
8.00 14.68 359.24 222.92 -426.49 0.69 -0.02 -0.22 0.20 0.08 0.51 0.02
11.00 16.44 -84.90 324.92 589.76 0.23 0.93 -0.77 0.53 0.73 0.25 0.09
15.00 29.15 514.01 -495.27 99.30 -0.30 -0.45 0.48 0.30 0.46 0.77 0.28
6.00 5.22 148.00 -362.07 -121.73 -0.63 -0.76 -0.84 0.56 0.13 0.67 0.56
5.00 0.36 -267.03 261.03 473.96 -0.49 -0.16 0.59 0.51 0.11 0.48 0.71
14.00 39.11 105.52 386.90 488.21 -0.04 -0.77 -1.00 0.30 0.95 0.02 0.60
6.00 9.38 -11.66 311.72 -319.62 -0.58 0.91 0.11 0.89 0.92 0.03 0.69
9.00 11.27 566.48 281.91 -244.97 -0.79 -0.29 0.49 0.70 0.49 0.57 0.75
7.00 8.07 -750.13 -39.04 -46.11 0.08 0.61 -0.13 0.94 0.96 0.69 0.61
9.00 10.53 -388.69 242.19 -144.28 -0.14 0.81 -0.08 0.25 0.23 0.15 0.26
21.00 23.03 432.97 -376.77 -154.75 0.81 0.78 0.17 0.15 0.78 0.03 0.29
12.00 29.02 525.92 178.65 272.92 0.30 -0.20 -0.44 0.44 0.11 0.72 0.67
5.00 4.26 -190.07 -100.28 434.48 -0.45 -0.43 -0.38 0.78 0.25 0.17 0.77
14.00 17.80 537.73 42.48 -268.83 -0.60 0.49 -0.16 0.89 0.18 0.51 0.09
15.00 11.06 -413.56 35.10 498.11 0.98 0.38 -0.06 0.95 0.37 0.35 0.12
25.00 45.62 -340.50 572.67 -16.51 -0.34 -0.10 -0.41 0.07 0.07 0.69 0.28
12.00 22.98 -243.50 429.38 372.81 0.22 0.38 -0.54 0.22 0.96 0.10 0.16
11.00 20.74 -308.41 422.94 -207.45 0.84 0.53 0.04 0.89 0.66 0.38 0.02
12.00 41.17 -395.31 1.61 -490.95 0.43 0.11 -0.03 0.47 0.11 0.79 0.01
14.00 35.40 268.42 -640.67 56.17 0.88 -0.41 0.89 0.30 0.68 0.16 0.07
19.00 37.27 -25.29 -113.30 -434.67 0.51 -0.01 -0.02 0.37 0.11 0.44 0.01
8.00 9.37 -129.94 46.64 11.83 0.43 -0.97 -0.27 0.50 0.09 0.45 0.03
5.00 5.85 -299.05 -576.74 307.28 0.12 -0.95 0.97 0.37 0.53 0.18 0.56
20.00 98.10 -238.47 -141.30 692.65 -0.67 -0.27 0.76 0.68 0.60 0.36 0.89
18.00 66.34 138.58 -749.65 -163.11 0.76 -0.80 0.27 0.89 0.79 0.89 0.99
5.00 1.00 184.44 78.52 398.95 0.93 0.81 0.90 0.29 0.50 0.44 0.36
17.00 37.93 307.92 -349.46 -194.24 -0.15 0.98 0.17 0.21 0.81 0.04 0.48
9.00 7.39 -620.81 -230.98 -3.37 -0.06 0.56 -0.09 0.21 0.70 0.41 0.72
10.00 19.17 238.68 489.46 -212.64 -0.51 0.07 0.26 0.22 0.35 0.42 0.12
7.00 2.70 564.87 -139.85 175.43 -0.12 -0.54 0.03 0.44 0.91 0.45 0.77
6.00 7.89 616.61 -369.61 -120.44 -0.51 -0.72 -0.21 0.37 0.41 0.47 0.73
28.00 154.82 4.49 -376.85 519.62 0.36 0.70 -0.52 0.43 0.94 0.18 0.81
5.00 6.11 -285.37 -257.47 302.92 0.99 0.18 -0.37 0.06 0.74 0.33 0.44
15.00 10.64 -410.83 230.00 120.60 0.23 -0.87 -0.76 0.04 0.97 0.75 0.53
11.00 19.14 396.17 432.97 -310.12 0.82 -0.82 -0.76 0.00 0.79 0.72 0.99
8.00 17.69 28.46 -556.42 -446.55 -0.71 0.00 -0.78 0.56 0.11 0.25 0.46
11.00 2.05 571.55 19.69 90.98 0.93 -0.87 0.15 0.85 0.62 0.50 0.36
8.00 15.69 -372.67 -228.44 -81.24 -0.58 -0.47 -0.84 0.09 0.43 0.08 0.21
8.00 16.36 610.87 197.00 442.83 0.95 0.91 -0.73 0.26 0.09 0.30 0.46
11.00 34.42 155.32 -757.51 132.61 0.61 -0.05 -0.91 0.63 0.59 0.46 0.06
7.00 11.33 259.98 443.20 -449.02 0.96 0.69 -0.73 0.00 0.21 0.20 0.75
21.00 65.03 364.02 189.05 332.37 0.66 -0.62 -0.96 0.57 0.82 0.83 0.31
17.00 59.22 199.24 -394.39 512.81 0.82 -0.13 0.80 0.75 0.39 0.44 0.49
11.00 31.22 213.16 -277.14 127.57 -0.48 0.73 -0.82 0.19 0.17 0.88 0.96
10.00 29.49 493.63 -363.02 117.66 -0.31 -0.15 0.87 0.88 0.43 0.32 0.23
6.00 9.46 8.42 647.02 -383.12 -0.75 0.98 -0.12 0.09 0.20 0.76 0.96
15.00 55.82 -372.96 -582.63 299.79 0.02 -0.09 0.50 0.29 0.82 1.00 0.20
8.00 16.96 132.14 106.77 -570.73 -0.50 -0.44 0.67 0.59 0.85 0.72 0.21
10.00 5.64 237.57 -276.94 -403.78 0.34 -0.90 -0.21 0.86 0.31 0.20 0.55
10.00 20.43 -181.15 262.22 109.53 0.92 0.76 0.12 0.95 0.70 0.92 0.01
18.00 50.04 284.00 625.56 318.01 -0.64 0.02 -0.03 0.55 0.78 0.62 0.74
12.00 0.06 -152.86 -292.44 355.12 0.90 0.98 -0.51 0.90 0.82 0.97 0.83
9.00 11.17 365.10 -12.92 -459.78 -0.20 0.74 0.87 0.92 0.87 0.14 0.24
14.00 26.89 268.69 17.07 291.03 -0.86 0.78 -0.22 0.27 0.93 0.54 0.33
10.00 14.44 486.39 -427.08 101.01 0.58 0.48 -0.73 0.82 0.20 0.55 0.53
12.00 2.95 -90.83 -779.82 78.03 -0.48 -0.57 -0.87 0.06 0.57 0.27 0.61
13.00 22.41 -329.71 266.18 235.24 0.31 0.82 0.38 0.81 0.09 0.93 0.66
6.00 4.60 -401.94 -322.15 -92.86 0.51 0.63 0.84 0.17 0.13 0.04 0.83
13.00 30.66 -404.03 -97.01 551.72 -0.10 0.83 0.50 0.89 0.88 0.15 0.35
14.00 33.08 66.47 378.13 -435.21 -0.34 0.85 0.38 0.10 0.71 0.75 0.25
11.00 16.72 715.72 205.77 -275.76 0.65 -0.69 -0.71 0.47 0.09 0.21 0.38
7.00 9.63 -577.35 452.64 -231.71 -0.17 0.24 0.04 0.04 0.60 0.78 0.80
8.00 5.66 -82.04 -69.02 43.57 -0.34 0.68 -0.50 0.00 0.51 0.94 0.54
10.00 6.49 -179.09 -281.44 -96.21 -0.53 -0.71 -0.85 0.56 0.78 0.10 0.31
13.00 0.93 222.35 -304.12 332.54 0.35 -0.71 0.18 0.87 0.68 0.49 0.47
5.00 5.40 414.11 -60.66 345.11 0.96 0.44 0.66 0.23 0.24 0.28 0.51
15.00 58.18 90.86 -11.53 -432.98 -0.05 0.81 0.49 0.85 0.31 0.54 0.90
5.00 3.19 630.12 280.38 -133.86 0.28 -0.29 0.00 0.53 0.71 0.61 0.54
9.00 4.22 -447.24 -243.37 -373.75 -0.95 0.51 -0.70 0.77 0.41 0.54 0.92
22.00 30.91 -350.19 -210.82 24.93 0.78 -0.27 -0.22 0.90 0.17 0.98 0.78
9.00 4.90 -604.18 -146.93 409.24 -0.45 -0.59 0.98 0.65 0.44 0.06 0.79
15.00 15.99 67.98 -347.13 -654.76 0.83 -0.38 -0.04 0.17 0.82 0.81 0.70
5.00 0.91 -417.51 -236.53 -125.76 0.64 -0.95 -0.17 0.69 0.13 0.98 0.78
7.00 12.75 -177.81 201.48 674.70 -0.31 0.07 -0.89 0.78 0.84 0.82 0.00
5.00 4.76 -538.81 -27.10 -398.73 -0.85 -0.12 -0.54 0.61 0.81 0.37 0.03
16.00 73.68 504.47 313.25 443.66 -0.44 0.67 -0.94 0.34 0.99 0.40 0.35
6.00 7.14 -1.62 -591.05 -450.88 0.74 -0.20 -0.82 0.06 0.79 0.87 0.33
15.00 25.40 595.19 -195.91 390.31 0.92 0.68 0.67 0.45 0.33 0.25 0.10
6.00 6.59 -499.37 184.42 -450.75 0.79 -0.23 0.17 0.39 0.23 0.81 0.94
5.00 1.75 -697.38 388.01 17.88 -0.01 -0.39 -0.15 0.31 0.11 0.67 0.92
6.00 9.94 -238.07 173.90 148.25 -0.49 -0.41 0.59 0.94 0.86 0.39 0.12
11.00 21.59 132.74 -317.07 624.51 0.81 0.78 -0.58 0.57 0.37 0.53 0.25
14.00 30.19 -242.06 -186.34 -668.15 0.41 -0.20 0.35 0.74 0.90 0.59 0.49
14.00 55.16 539.76 -144.09 -245.72 0.62 -0.88 -0.69 0.00 0.59 0.58 0.81
10.00 18.53 8.43 419.08 -416.20 -0.86 -0.62 0.65 0.62 0.43 0.67 0.14
9.00 1.76 211.04 -42.14 12.63 0.65 -0.82 -0.18 0.86 0.51 0.09 0.82
8.00 0.80 -144.14 668.73 -368.91 -0.19 0.73 -0.50 0.32 0.09 0.96 0.03
7.00 3.15 -448.89 -131.11 -614.27 -0.34 0.66 0.80 0.93 0.49 0.10 0.16
15.00 65.61 -711.08 345.44 -121.99 0.83 0.10 0.52 0.73 0.26 0.89 0.27
12.00 7.99 -86.30 -198.90 -430.82 0.54 -0.87 -0.25 0.47 0.66 0.63 0.33
11.00 27.18 101.07 239.46 -634.10 0.39 -0.70 0.50 0.43 0.07 0.40 0.10
12.00 32.91 -47.16 -235.47 -329.11 0.26 -0.02 0.73 0.89 0.46 0.27 0.45
7.00 10.77 261.87 244.50 68.12 0.56 -0.69 -0.25 0.28 0.07 0.90 0.02
6.00 3.75 165.87 156.34 -610.70 0.69 -0.72 -0.54 0.67 0.61 0.85 0.32
8.00 2.48 156.32 -391.63 568.42 0.50 -0.11 0.26 0.05 0.18 0.11 0.01
37.00 39.60 131.36 184.22 -244.97 -0.78 -0.03 -0.96 0.02 0.56 0.62 0.71
13.00 44.21 -249.14 714.09 -231.49 -0.63 0.47 0.69 0.74 0.92 0.37 0.83
12.00 2.07 101.35 -685.08 177.38 0.02 -0.99 0.38 0.06 0.30 0.23 0.67
7.00 4.13 -40.96 177.53 643.11 0.17 -0.42 0.66 0.19 0.14 0.31 0.13
5.00 1.07 398.34 92.85 -13.81 0.98 -0.08 -0.81 0.12 0.89 0.28 0.53
8.00 7.80 -709.43 -181.17 308.26 -0.33 0.17 -0.66 0.30 0.82 0.43 0.47
6.00 6.25 118.49 -81.55 -67.14 0.45 -0.92 -0.08 0.94 0.74 0.87 0.47
10.00 14.84 -717.19 -346.14 -0.58 0.45 -0.85 -0.64 0.24 0.17 0.46 0.78
6.00 3.23 -503.63 497.72 370.57 0.85 0.34 0.75 0.72 0.98 0.92 0.56
5.00 4.93 495.05 -189.55 420.40 0.70 0.41 -0.22 0.81 0.51 0.44 0.79
13.00 9.03 -260.02 491.86 -93.36 0.63 0.68 -0.82 0.44 0.89 0.07 0.02
8.00 1.81 -526.94 147.87 -387.34 0.50 -0.17 -0.76 0.07 0.83 0.27 0.32
5.00 2.67 -319.75 -569.89 -244.06 -0.73 0.63 -0.53 0.31 0.40 0.94 0.45
6.00 2.67 330.90 -694.33 -2.51 0.06 0.15 0.49 0.15 0.96 0.21 0.13
5.00 4.74 -413.19 179.22 -659.13 -0.40 0.90 0.96 0.93 0.12 0.22 0.86
8.00 5.22 -3.68 376.44 -239.99 0.88 0.73 -0.17 0.38 0.92 0.47 0.37
10.00 15.85 -100.82 -674.00 85.07 -0.87 -0.56 0.03 0.48 0.21 0.40 0.92
18.00 89.03 -172.39 277.32 -159.66 0.18 -0.06 0.03 0.39 0.89 1.00 0.27
7.00 8.10 -306.96 592.73 -33.86 0.61 0.03 0.46 0.80 0.28 0.52 0.42
11.00 11.04 -23.66 -127.82 153.94 0.96 0.22 -0.26 0.65 0.32 0.48 0.04
32.00 259.67 -362.54 -342.07 -52.17 -0.23 0.64 0.71 0.03 0.39 0.14 0.57
11.00 18.91 -353.43 -411.87 183.02 -0.06 0.12 0.72 0.95 0.95 0.08 0.95
7.00 2.95 -610.40 -421.39 -193.53 0.73 0.73 -0.03 0.71 0.82 0.97 0.47
5.00 0.25 -158.97 89.04 -39.68 -0.34 0.15 -1.00 0.88 0.21 0.33 0.77
10.00 4.12 356.29 370.96 -312.41 0.39 -0.07 0.36 0.98 0.41 0.99 0.43
9.00 19.03 13.46 -490.88 602.92 -0.98 -0.61 0.51 0.40 0.22 0.28 0.92
6.00 4.77 11.92 147.87 153.34 0.12 -0.31 0.67 0.10 0.18 0.53 0.19
7.00 10.77 -279.84 -260.10 104.70 0.30 -0.44 -0.71 0.79 0.59 0.81 0.84
6.00 6.07 249.60 496.22 14.23 0.44 0.17 0.68 0.46 0.70 0.68 0.85
25.00 2.76 351.47 -472.51 -539.17 -0.09 -0.14 0.88 0.36 0.66 0.97 0.18
11.00 5.18 -303.06 -689.73 -56.31 0.94 -0.42 -0.95 0.53 0.93 0.03 1.00
8.00 9.68 -346.48 -279.95 251.10 -0.59 -0.50 0.40 0.76 0.43 0.63 0.57
9.00 19.73 238.31 -210.66 -259.26 0.76 -0.21 -0.77 0.68 0.17 0.59 0.10
11.00 35.75 573.50 -504.53 237.26 0.59 -0.37 -0.09 0.08 0.63 0.96 0.87
15.00 1.87 665.69 -191.03 -96.69 0.30 0.11 0.10 0.37 0.57 0.80 0.52
5.00 7.30 91.12 -229.16 -594.35 -0.41 0.99 0.95 0.27 0.01 0.32 0.90
6.00 0.86 -655.21 92.72 146.97 -0.91 -0.85 0.19 0.62 0.93 0.21 0.40
6.00 4.43 567.27 -44.99 110.30 -0.96 -0.30 0.21 0.62 0.75 0.84 0.83
20.00 41.27 -476.33 -353.36 -450.71 0.00 -0.13 0.31 0.57 0.39 0.68 0.94
23.00 40.07 -161.88 559.80 310.05 0.63 0.33 0.25 0.25 0.31 0.35 0.04
10.00 5.84 423.31 -179.91 -373.04 -0.76 -0.51 0.60 0.54 0.63 0.61 0.28
23.00 81.89 -559.91 -86.41 305.32 0.42 -0.47 0.23 0.85 0.33 0.73 0.78
7.00 3.77 612.07 -389.67 206.43 0.86 -0.97 0.09 0.74 0.23 0.82 0.11
9.00 23.26 -290.43 110.04 -364.93 0.42 -0.49 -0.57 0.33 0.58 0.04 0.85
13.00 45.28 277.78 -205.69 180.74 0.05 0.09 -0.78 0.20 0.55 0.04 0.55
17.00 63.96 -161.24 -391.26 -555.06 0.59 0.06 0.64 0.15 0.51 0.30 0.17
20.00 53.66 19.55 -34.33 -660.57 0.67 0.53 0.15 0.10 0.85 0.48 0.06
20.00 30.97 -362.81 -257.29 47.07 -0.14 0.82 0.09 0.27 0.99 0.88 0.64
23.00 11.33 -387.01 18.23 251.36 -0.33 0.99 0.30 0.21 0.78 0.05 0.99
12.00 9.08 179.39 101.81 225.62 0.05 -0.08 0.25 0.63 0.11 0.89 0.20
9.00 23.05 450.74 -292.31 -51.57 -0.82 0.55 -0.53 0.75 0.64 0.03 0.28
13.00 24.26 600.22 169.25 -459.98 0.34 -0.24 -0.28 0.78 0.48 0.74 0.58
13.00 41.95 -367.75 -185.65 -103.18 0.05 0.56 0.30 0.29 0.18 0.12 0.39
21.00 68.54 -561.03 -246.10 -512.41 -0.47 -0.75 0.58 0.46 0.93 0.42 0.32
10.00 27.88 437.85 -495.29 -434.35 -0.08 0.64 -0.04 0.05 0.87 0.72 0.62
12.00 5.38 70.46 -64.19 741.42 -0.33 0.69 0.35 0.06 0.11 1.00 0.69
10.00 27.01 180.65 -298.36 -304.05 0.97 -0.12 0.11 0.15 0.28 0.16 0.30
10.00 4.90 463.72 57.56 -543.07 -0.79 -0.47 0.80 0.38 0.13 0.00 0.89
10.00 1.17 -557.48 292.04 279.84 -0.08 0.58 0.47 0.82 0.01 0.65 0.36
6.00 8.23 -169.77 -337.78 -280.10 -0.34 0.30 -0.69 0.90 0.69 0.86 0.42
24.00 26.41 -134.68 -491.99 -183.83 -0.84 -0.49 -0.73 0.84 0.13 0.51 0.91
8.00 3.76 349.85 131.30 481.24 0.16 0.70 0.98 0.61 0.68 0.61 0.54
10.00 11.74 488.79 -188.82 364.92 0.84 0.19 -0.37 0.46 0.06 0.55 0.73
30.00 123.92 474.19 -136.35 560.89 -0.73 0.34 0.10 0.10 0.33 0.35 0.04
11.00 12.46 -185.51 163.19 138.61 0.66 -0.69 -0.51 0.26 0.49 0.11 0.85
11.00 34.85 -25.19 303.53 108.83 -0.61 0.07 -0.83 0.50 0.20 0.24 0.88
11.00 10.64 -442.03 -573.04 -47.23 0.22 -0.68 -0.87 0.28 0.39 0.59 0.33
10.00 0.16 -289.91 510.39 -318.86 0.49 -0.70 -0.71 0.16 0.45 0.56 0.60
23.00 93.24 -517.60 213.51 -458.16 0.92 -0.53 0.83 0.22 0.49 0.87 0.05
12.00 18.83 357.63 463.22 438.02 0.91 0.60 0.72 0.71 0.80 0.54 0.36
10.00 25.85 -215.39 214.76 -719.11 0.33 -0.23 0.47 0.29 0.07 0.12 0.79
10.00 10.64 129.64 -6.01 672.54 -0.18 0.59 0.18 0.85 0.72 0.43 0.74
17.00 20.90 124.61 381.89 112.92 0.88 0.73 -0.76 0.38 0.15 0.48 0.20
7.00 0.25 -170.70 -272.25 274.32 -0.67 -0.18 -0.69 0.12 0.09 0.22 0.94
12.00 42.00 -302.37 -601.29 100.82 0.48 0.01 -0.08 0.96 0.21 0.61 0.49
21.00 24.45 92.33 -324.90 -689.59 -0.58 0.35 0.95 0.75 0.25 0.42 0.09
6.00 6.19 -145.71 -133.92 -119.19 0.51 0.63 -0.87 0.78 0.38 0.09 0.09
7.00 13.49 241.83 361.60 -377.29 -0.82 0.44 -0.54 0.29 0.86 0.04 0.40
14.00 17.70 -467.36 202.91 585.38 -0.48 0.61 0.43 0.07 0.32 0.37 0.74
22.00 60.55 -207.36 -25.90 290.81 0.08 0.97 0.79 0.80 0.39 0.25 0.34
6.00 3.99 288.55 134.72 693.82 -0.88 0.56 0.92 0.25 0.95 0.90 0.32
23.00 152.19 -84.39 146.92 -102.31 -0.77 -0.38 0.21 0.32 0.39 0.63 0.38
6.00 1.84 423.58 406.37 -537.97 0.96 0.43 0.47 0.24 0.60 0.71 0.79
18.00 69.12 45.08 734.54 297.23 0.20 -0.63 0.22 0.08 0.17 0.88 0.60
15.00 8.69 74.06 -585.29 317.83 0.39 0.33 -0.48 0.71 0.70 0.51 0.69
6.00 6.68 299.61 220.32 -591.03 -0.06 0.11 0.76 0.57 0.75 0.95 0.25
7.00 14.40 479.36 -138.83 -0.21 0.84 -0.43 0.01 0.17 0.58 0.96 0.36
10.00 3.34 -552.52 151.90 -474.31 -0.94 -0.21 0.32 0.08 0.44 0.44 0.22
25.00 29.98 115.25 -322.00 -631.63 -0.91 0.70 -0.69 0.69 0.98 0.28 0.33
7.00 11.62 -185.44 266.86 701.88 -0.51 0.71 0.92 0.20 0.60 0.07 0.66
19.00 72.83 561.80 -394.89 67.22 0.34 -0.28 -0.03 0.77 0.95 0.91 0.15
5.00 1.86 150.93 662.58 -150.92 0.32 0.44 0.26 0.36 0.11 0.35 0.38
20.00 49.67 108.91 252.23 741.82 -0.24 0.04 0.99 0.04 0.14 0.17 0.81
20.00 86.68 83.23 82.40 -418.33 0.61 0.12 -0.04 0.92 0.60 0.70 0.18
7.00 2.90 77.98 448.93 -97.55 -0.92 -0.74 -0.91 0.51 0.76 0.71 0.24
13.00 29.21 346.25 587.66 410.04 0.15 -0.47 -0.59 0.50 0.28 0.13 0.82
7.00 2.37 511.37 -511.72 52.25 -0.40 0.24 0.89 0.59 0.21 0.05 0.38
10.00 7.17 -213.33 295.41 -105.90 0.53 -0.03 -0.63 0.60 0.75 0.75 0.01
32.00 215.80 -492.09 424.75 -352.06 -0.28 -0.77 -0.82 0.80 0.57 0.34 0.83
21.00 32.78 -61.30 -473.69 69.47 -0.15 0.89 0.26 0.56 0.61 0.15 0.86
5.00 3.21 -779.86 88.32 -21.75 -0.13 -0.44 -0.34 0.54 0.69 0.81 0.90
14.00 27.87 276.63 253.31 -94.70 0.80 -0.95 -0.25 0.44 0.07 0.95 0.27
13.00 31.93 -71.59 581.34 414.32 -0.74 0.30 0.57 0.29 0.11 0.72 0.11
6.00 5.11 397.28 610.92 -286.35 0.40 0.40 0.45 0.07 0.52 0.82 0.13
17.00 17.26 439.69 332.37 458.44 -0.16 -0.80 -0.77 0.71 0.08 0.31 0.99
18.00 50.91 406.99 74.69 -423.14 0.07 0.92 -0.57 0.79 0.59 0.16 0.54
13.00 27.64 -346.98 -396.31 -81.19 -0.76 0.22 0.86 0.80 0.28 0.21 0.55
15.00 52.00 308.79 -94.74 -551.53 0.24 -0.43 0.75 0.18 0.18 0.02 0.19
11.00 33.46 -213.10 124.06 104.32 0.22 0.21 0.92 0.21 0.35 0.22 0.97
14.00 39.06 -338.52 -328.81 250.91 0.03 -0.05 -0.10 0.12 0.96 0.56 0.23
10.00 19.24 -420.17 455.37 -181.23 0.50 -0.27 0.57 0.10 0.92 0.49 0.66
9.00 4.86 447.76 398.79 308.90 -0.32 -0.02 -0.49 0.86 0.75 0.15 0.86
6.00 6.87 -90.96 215.69 -236.16 0.82 0.37 0.44 0.34 0.95 0.09 0.81
10.00 2.49 367.42 98.30 171.96 -0.66 -0.35 0.52 0.18 0.10 0.20 0.35
10.00 3.97 -309.10 273.51 599.15 0.64 0.26 0.53 0.75 0.14 0.72 0.63
8.00 14.74 47.24 -775.69 92.35 0.47 0.63 0.18 0.76 0.30 0.27 0.50
11.00 27.41 -412.61 135.94 534.09 -0.05 0.62 -0.51 0.71 0.92 0.83 0.30
7.00 14.35 66.61 765.94 -8.50 -0.07 0.39 -0.76 0.36 0.03 0.52 0.11
6.00 4.36 -394.90 -385.15 306.36 -0.34 -0.33 -0.44 0.21 0.93 0.23 0.87
14.00 14.69 -128.27 628.23 -273.09 0.94 -0.60 0.88 0.23 0.52 0.90 0.18
7.00 13.21 -297.84 -109.01 534.09 -0.07 -0.48 0.45 0.95 0.26 0.55 0.08
10.00 23.63 678.92 -253.58 62.18 -0.25 0.60 0.49 0.97 0.82 0.31 0.72
14.00 29.22 39.18 -179.00 93.57 0.55 0.10 -0.15 0.61 0.54 0.62 0.06
9.00 14.04 -452.84 10.43 -406.45 -0.74 -0.10 -0.69 0.84 0.90 0.88 0.57
7.00 11.68 -233.90 531.82 -290.27 0.60 -0.98 -0.17 0.52 0.38 0.75 0.73
16.00 0.40 -749.09 -25.98 -243.88 -0.37 -0.08 -0.63 0.18 0.83 0.50 0.75
16.00 33.46 87.72 255.85 247.91 -0.15 -0.08 -0.30 0.62 0.30 0.20 0.99
10.00 0.59 -367.27 219.15 29.45 -0.70 -0.37 0.21 0.60 0.50 0.49 0.66
18.00 25.63 207.47 235.12 -133.90 0.87 0.72 0.01 0.36 0.05 0.29 0.52
8.00 8.23 -440.49 -276.52 -74.54 -0.74 -0.54 -0.45 0.43 0.87 0.98 0.79
11.00 7.79 -14.68 -47.96 -167.69 0.88 -0.57 -0.56 0.42 0.72 0.20 0.33
9.00 10.52 706.04 -279.44 -79.72 -0.08 -0.45 0.62 0.08 0.89 0.23 0.03
20.00 48.35 117.94 -277.33 -74.31 0.26 -0.65 -0.20 0.51 0.22 0.80 0.69
7.00 7.49 -788.43 55.22 2.28 -0.69 -0.69 0.61 0.17 0.64 0.98 0.74
5.00 1.00 -306.37 539.56 121.78 0.67 0.03 -0.05 0.45 0.59 0.22 0.12
31.00 45.41 -7.26 517.54 318.33 -0.65 -0.20 -0.69 0.50 0.73 0.95 0.05
11.00 1.04 327.69 -398.08 -267.92 -0.51 -0.09 0.89 0.98 0.16 0.22 0.80
10.00 23.19 158.37 -190.50 632.76 -0.02 0.13 0.55 0.58 0.30 0.69 0.53
11.00 11.96 362.57 144.72 -180.10 0.66 -0.90 -0.10 0.31 0.11 0.15 0.03
12.00 28.66 -488.71 -489.11 252.07 -0.94 0.30 -0.27 0.87 0.99 0.15 0.28
10.00 10.29 -93.89 167.80 -600.08 0.91 -0.24 0.88 0.28 0.58 0.22 0.77
14.00 26.16 379.42 442.22 -147.39 -0.03 0.35 -0.34 0.31 0.26 0.48 0.90
6.00 1.60 -554.93 401.56 -330.45 -0.37 -0.91 -0.74 0.15 0.01 0.02 0.25
22.00 48.02 -310.42 -308.20 643.28 -0.25 0.21 0.02 0.26 0.52 0.80 0.95
12.00 1.24 561.52 145.30 -486.81 0.19 0.86 0.59 0.18 0.43 0.93 0.58
12.00 36.51 -546.73 532.91 124.36 -0.61 0.23 -0.02 0.32 0.97 0.37 0.33
21.00 74.55 -179.35 -725.23 184.98 -0.54 0.72 0.39 0.13 0.02 0.99 0.87
13.00 21.29 -228.31 -590.25 -403.87 0.15 -0.15 -0.28 0.40 0.64 0.55 0.13
6.00 1.34 -340.99 215.11 -287.83 -0.69 -0.88 0.47 0.67 0.41 0.03 0.76
7.00 0.88 665.65 76.68 334.79 0.26 -0.19 0.70 0.18 0.09 0.24 0.96
5.00 7.24 589.47 -39.11 487.09 0.78 0.78 -0.81 0.77 0.11 0.46 0.62
10.00 1.55 19.65 -706.57 -193.27 -0.89 -0.48 0.19 0.62 0.19 0.74 0.39
6.00 3.66 108.54 -389.89 101.73 -0.10 0.26 0.03 0.05 0.21 0.16 0.74
14.00 24.81 -323.82 -571.16 141.42 -0.47 0.65 -0.91 0.87 0.90 0.49 0.05
16.00 3.29 -608.86 171.11 -295.06 0.38 -0.01 0.62 0.83 0.79 0.36 0.85
8.00 12.07 309.20 354.39 446.47 0.51 -0.99 0.21 0.51 0.52 0.42 0.93
19.00 80.04 -326.98 -29.49 583.25 -0.81 0.39 0.96 0.29 0.56 0.18 0.11
26.00 188.26 -113.77 -192.27 174.23 -0.97 0.65 0.86 0.80 0.42 0.96 0.16
8.00 2.21 450.33 -279.00 555.51 -0.81 -0.34 0.59 0.78 0.07 0.78 0.14
11.00 11.74 291.35 559.68 -451.88 -0.94 0.73 -0.48 0.93 0.69 0.23 0.02
20.00 82.50 -478.71 618.18 -10.82 0.18 0.36 -0.76 0.15 0.90 0.81 0.20
11.00 16.66 -88.27 253.66 185.16 -0.14 0.34 -0.04 0.64 0.73 0.56 0.50
30.00 76.55 595.02 -345.95 -391.34 -0.65 -0.75 0.16 0.27 0.70 0.08 0.12
10.00 13.78 -278.96 -425.01 -396.46 0.94 0.36 -0.23 0.41 0.50 0.62 0.28
6.00 6.58 -380.07 -384.30 231.77 -0.68 0.10 0.18 0.86 0.39 0.31 0.91
7.00 14.17 58.38 214.34 354.56 0.65 -0.06 -0.42 0.29 0.80 0.88 0.50
10.00 1.28 86.26 -15.40 -274.47 -0.65 -0.66 -0.62 0.77 0.07 0.10 0.02
14.00 32.50 -469.40 -486.05 -233.71 -0.25 -0.15 0.54 0.80 0.77 0.64 0.59
5.00 3.25 515.30 194.77 134.82 0.30 -0.52 0.97 0.19 0.78 0.90 0.91
5.00 5.07 263.97 -515.42 467.10 0.52 0.52 -0.19 0.26 0.07 0.47 0.98
10.00 0.84 -190.57 469.35 -325.08 0.55 0.72 -0.54 0.19 0.64 0.78 0.63
29.00 26.17 409.81 -91.27 299.50 0.60 -0.65 -0.27 0.09 0.30 0.13 0.86
14.00 12.73 -323.46 -188.18 525.44 0.66 0.27 0.23 0.98 0.52 0.69 0.59
22.00 21.07 506.08 240.11 -413.32 -0.12 0.42 0.65 0.16 0.91 0.66 0.45
9.00 9.92 323.82 -60.70 532.83 -0.63 0.72 0.09 0.57 0.04 0.35 0.67
7.00 13.14 -205.73 322.96 -57.22 0.62 0.64 -0.86 0.56 0.36 0.41 0.36
7.00 13.23 213.09 166.70 154.05 0.21 -0.56 -0.69 0.35 0.41 0.06 0.35
10.00 17.97 568.91 -444.79 147.19 -0.66 0.53 -0.44 0.36 0.04 0.51 0.13
5.00 1.05 -337.15 61.07 -449.89 -0.81 -0.91 -0.64 0.78 0.06 0.59 0.47
8.00 17.88 66.59 -88.03 -712.98 0.19 0.11 0.04 0.92 0.15 0.95 0.02
12.00 37.14 577.59 206.31 -490.53 -0.27 -0.16 -0.95 0.56 0.37 0.87 0.85
6.00 1.15 452.24 483.50 37.80 -0.88 -0.40 -0.09 0.46 0.77 0.08 0.17
25.00 100.62 324.78 169.18 -77.13 -0.09 0.78 -0.35 0.25 0.47 0.33 0.78
20.00 64.09 -193.55 -564.65 -255.25 0.94 0.64 -0.43 0.79 0.39 0.89 0.14
6.00 4.43 402.37 262.80 -348.48 -0.34 -0.36 0.61 0.63 0.25 0.96 0.46
6.00 1.15 249.19 -265.04 -66.70 0.86 -0.66 0.44 0.30 0.82 0.31 0.77
8.00 14.85 110.83 226.33 594.90 -0.30 -0.30 -0.55 0.97 0.07 0.06 0.35
24.00 82.83 129.62 -10.44 482.14 0.26 -0.27 0.45 0.37 0.03 0.91 0.04
9.00 7.79 192.48 -586.52 -485.71 0.85 0.47 -0.32 0.37 0.86 0.55 0.43
9.00 3.28 -570.09 212.51 343.46 0.63 0.31 0.75 0.06 0.65 0.61 0.28
6.00 10.28 -511.06 314.06 -210.21 -0.39 0.40 0.19 0.62 0.91 0.38 0.76
14.00 18.94 338.16 35.54 691.18 -0.83 0.68 -0.40 0.24 0.49 0.48 0.56
14.00 13.37 66.31 276.73 555.82 -0.11 0.69 -0.14 0.92 0.28 0.63 0.26
5.00 7.11 -380.65 134.09 46.41 -0.13 0.39 -0.23 0.70 0.11 0.49 0.09
11.00 7.77 -689.69 125.57 -226.86 -0.45 -0.80 0.49 0.23 0.40 0.75 0.31
24.00 90.32 43.36 350.69 -22.16 -0.78 0.06 -0.29 0.90 0.92 0.53 0.73
6.00 6.05 -376.49 -269.25 119.23 0.17 0.24 0.32 0.66 0.51 0.07 0.56
14.00 4.07 14.16 311.86 -262.32 -0.16 0.95 -0.81 0.02 0.70 0.60 0.56
11.00 1.92 -98.90 212.53 -72.51 0.85 -0.44 -0.11 0.75 0.83 0.69 0.10
12.00 18.96 262.39 -177.81 -420.71 0.55 -0.29 -0.65 0.10 0.20 0.07 0.94
11.00 12.74 273.57 236.37 633.89 -0.90 -0.77 -0.86 0.34 0.92 0.75 0.71
20.00 88.50 385.35 -312.98 88.87 -0.52 -0.09 -0.41 0.33 0.26 0.64 0.55
13.00 25.64 -332.01 136.34 263.67 0.71 -0.69 0.82 0.09 0.32 0.32 0.78
12.00 10.95 167.13 89.19 563.94 -0.97 -0.82 0.48 0.88 0.03 0.87 0.58
5.00 0.69 62.70 -262.66 469.03 0.96 0.78 -0.33 0.76 0.41 0.87 0.58
24.00 146.51 -219.06 -304.53 495.43 0.92 0.43 -0.07 0.71 0.32 0.91 0.30
8.00 8.72 430.50 -155.37 -110.84 0.14 -0.05 0.11 0.52 0.52 0.17 0.27
5.00 0.16 390.50 166.34 163.41 -0.32 0.98 0.17 0.67 0.71 0.30 0.59
5.00 0.54 -404.90 413.49 -113.08 0.39 -0.31 -0.85 0.03 0.41 0.29 0.32
10.00 23.60 -458.53 -74.04 350.21 -0.43 0.10 0.80 0.09 0.73 0.51 0.38
6.00 0.46 -96.72 -445.50 181.98 0.74 -0.74 0.29 0.44 0.03 0.74 0.17
23.00 146.65 -657.08 -16.02 1.55 -0.33 0.62 0.98 0.78 0.18 0.51 0.41
9.00 10.06 115.31 162.33 169.41 0.19 -0.84 -0.17 0.12 0.06 0.89 0.64
13.00 12.34 -251.53 171.72 -674.60 -0.28 0.09 -0.44 0.07 0.40 0.66 0.71
6.00 7.66 266.26 -228.57 615.35 0.14 0.03 0.38 0.14 0.98 0.52 0.80
12.00 32.51 145.85 -515.13 -497.24 -0.95 -0.84 0.50 0.62 0.89 0.74 0.34
20.00 98.48 -160.84 510.22 456.03 -0.69 0.07 -0.41 0.64 0.10 0.22 0.56
6.00 6.79 -399.74 432.43 515.90 -0.87 0.00 0.86 0.81 0.51 0.04 0.70
13.00 47.41 351.70 -468.33 3.81 -0.33 -0.08 0.35 0.01 0.05 0.99 0.38
14.00 55.77 -355.02 -504.65 407.49 -0.04 -0.50 0.30 0.49 0.25 0.76 0.00
6.00 8.26 -353.18 -288.62 7.44 0.30 0.74 0.64 0.37 0.55 0.52 0.18
24.00 127.22 194.34 334.64 572.17 -0.07 -0.34 0.13 0.58 0.70 0.42 0.84
6.00 9.44 176.05 442.21 28.40 0.00 0.26 0.31 0.07 0.04 0.86 0.67
24.00 154.23 -12.92 -690.68 -373.16 0.35 0.87 -0.76 0.88 0.09 0.93 0.25
11.00 13.41 515.50 129.30 172.97 -0.32 -0.84 0.18 0.21 0.58 0.42 0.87
18.00 64.20 -9.09 469.07 271.93 -0.48 0.48 -0.15 0.52 0.69 0.30 0.34
11.00 33.12 -342.29 134.41 -545.25 -0.40 -0.50 0.98 0.28 0.99 0.44 0.70
14.00 30.76 -69.66 178.60 623.74 -0.13 -0.52 0.88 0.13 0.00 0.61 0.29
13.00 12.02 -52.11 20.26 23.67 -0.90 0.55 -0.00 0.78 0.52 0.94 0.46
5.00 5.65 -287.59 -32.14 -213.78 -0.27 0.41 -0.93 0.51 0.28 0.38 0.82
27.00 198.25 -123.52 -314.88 -251.27 0.85 0.99 0.89 0.31 0.72 0.98 0.62
5.00 2.94 -311.03 174.57 -421.83 0.57 0.95 0.15 0.17 0.11 0.36 0.17
5.00 5.40 17.91 -191.90 581.23 -0.98 0.19 -0.32 0.59 0.71 0.76 0.13
6.00 3.31 -659.58 10.24 18.51 0.15 -0.29 -0.46 0.38 0.29 0.86 0.64
7.00 10.98 -596.20 -60.50 332.66 -0.48 -0.21 -0.72 0.78 0.83 0.57 0.35
9.00 11.23 -368.48 -62.03 -223.12 -0.31 -0.54 -0.84 0.10 0.96 0.51 0.26
5.00 0.10 -208.12 118.62 -730.84 -0.43 0.93 -0.27 0.48 0.44 0.64 0.34
6.00 5.98 471.88 -139.92 -499.89 0.07 0.24 -0.39 0.50 0.33 0.38 0.97
14.00 34.72 -11.22 553.23 -157.51 0.52 -0.84 0.33 0.38 0.18 0.35 0.31
12.00 28.62 -187.43 571.09 -445.64 0.59 0.76 -0.02 0.63 0.92 0.09 0.77
5.00 0.90 271.22 -265.54 -346.96 0.31 -0.35 0.36 0.21 0.59 0.09 0.48
8.00 9.17 184.12 -51.64 316.22 -0.31 0.38 0.01 0.70 0.52 0.92 0.31
15.00 58.84 270.81 50.53 217.41 0.62 -0.16 0.56 0.67 0.24 0.71 0.56
16.00 26.18 -354.82 -289.05 -131.76 -0.53 -0.68 -0.28 0.21 0.25 0.95 0.18
17.00 39.00 -720.06 -319.59 -80.73 -0.16 -0.98 -0.49 0.95 0.53 0.43 0.72
9.00 18.08 -355.25 -318.91 48.31 0.04 0.87 0.25 0.03 0.83 0.38 0.90
12.00 1.46 -142.42 -91.43 617.10 -0.19 -0.39 -0.71 0.81 0.41 0.81 0.54
7.00 7.21 -456.17 -22.89 230.06 -0.00 -0.06 0.69 0.39 0.34 0.93 0.89
34.00 217.44 507.68 449.28 309.12 -0.15 0.43 0.40 0.64 0.16 0.18 0.60
18.00 54.49 -640.24 55.07 -127.00 0.37 0.06 -0.42 0.74 0.62 0.93 0.95
14.00 13.52 292.30 228.46 -136.32 -0.35 -0.95 0.35 0.15 0.53 0.37 0.73
14.00 17.18 282.50 -210.97 572.00 -0.24 0.96 0.67 0.59 0.37 0.36 0.92
9.00 12.24 -13.01 -515.85 142.76 0.47 0.17 0.62 0.94 0.59 0.34 0.56
5.00 4.27 612.54 184.03 201.09 0.27 -0.36 -0.96 0.72 0.86 0.73 0.33
7.00 9.06 -501.83 -385.80 -267.93 0.71 0.92 -0.13 0.21 0.37 0.72 0.63
5.00 7.37 576.31 -53.40 -255.78 0.85 -0.87 -0.65 0.26 0.99 0.06 0.09
12.00 24.64 -357.34 8.23 25.77 -0.77 -0.57 -0.84 0.45 0.39 0.58 0.37
8.00 14.27 -341.53 80.76 -411.03 0.02 0.55 -0.68 0.30 0.31 0.50 0.45
5.00 6.85 328.04 -439.00 410.51 0.84 -0.44 0.68 0.51 0.24 0.24 0.74
5.00 6.19 -51.72 -19.65 -24.65 0.78 0.27 -0.34 0.60 0.07 0.58 0.82
6.00 0.30 453.11 280.36 -380.58 0.68 0.31 0.21 0.82 0.13 0.56 0.31
11.00 34.87 -343.87 -64.93 67.95 0.63 0.27 0.21 0.66 0.69 0.08 0.95
19.00 87.76 709.54 99.08 229.15 0.08 0.86 0.73 0.24 0.06 0.27 0.06
17.00 81.48 -641.28 -159.36 84.46 0.70 0.74 0.01 0.28 0.22 0.79 0.90
7.00 0.95 -267.68 -532.80 18.61 -0.21 0.21 0.39 0.02 0.96 0.51 0.12
7.00 0.27 -300.39 467.08 421.22 0.07 0.90 -0.75 0.14 0.26 0.01 0.25
13.00 19.38 -99.82 670.46 -254.68 0.15 0.88 -0.12 0.25 0.90 0.13 0.93
15.00 33.08 767.00 61.14 141.72 -0.95 0.17 0.59 0.50 0.78 0.07 0.55
11.00 28.97 -446.60 -496.85 25.64 0.92 -0.65 0.81 0.50 0.86 0.60 0.53
5.00 3.00 48.56 -498.72 152.62 -0.93 0.62 0.26 0.32 0.20 0.48 0.22
13.00 34.85 538.52 49.08 30.36 0.72 -0.81 -0.07 0.63 0.09 0.84 0.52
7.00 10.08 219.33 -272.79 21.60 -0.03 -0.81 0.31 0.24 0.08 0.48 0.11
7.00 0.29 -690.81 -78.40 -23.31 -0.23 0.53 -0.59 0.63 0.19 0.50 0.04
15.00 39.35 -20.47 -393.06 674.32 0.50 0.57 -0.19 0.29 0.79 0.33 0.58
6.00 9.31 -287.54 324.95 372.24 0.74 -0.11 0.66 0.28 0.66 0.84 0.31
7.00 9.05 -457.43 -77.49 -4.27 -0.02 -0.95 -0.26 0.30 0.94 0.98 0.78
9.00 9.20 -492.45 -285.55 -297.77 0.63 0.84 -0.05 0.73 0.55 0.76 0.77
6.00 5.20 -239.42 -721.79 51.06 -0.22 0.95 0.22 0.67 0.06 0.42 0.62
16.00 31.03 243.95 -195.29 -234.59 0.88 0.39 -0.54 0.16 0.55 0.10 0.43
8.00 3.06 -675.50 -390.36 144.24 -0.90 0.73 0.06 0.65 0.80 0.81 0.81
6.00 10.59 69.32 -97.33 282.55 0.24 1.00 -0.92 0.11 0.69 0.92 0.28
25.00 134.32 426.08 302.90 -586.81 0.85 0.00 -0.96 0.38 0.84 0.57 0.37
14.00 32.74 225.93 -154.77 -241.76 0.92 -0.37 -0.51 0.82 0.19 0.45 0.41
13.00 16.47 247.48 -171.07 424.87 0.95 0.99 -0.25 0.82 0.16 0.93 0.87
28.00 172.74 439.62 273.37 -422.24 -0.90 0.39 0.77 0.44 0.58 0.20 0.63
9.00 6.80 -534.29 -339.22 -292.08 0.23 -0.14 0.36 0.05 0.90 0.91 0.52
15.00 53.96 1.22 730.07 -22.15 -0.76 -0.13 0.60 0.65 0.26 0.53 0.86
7.00 6.81 146.97 8.05 188.46 -0.48 0.48 -0.11 0.70 0.74 0.93 0.08
12.00 15.62 236.36 198.37 8.45 0.59 -0.96 -0.58 0.67 0.46 0.44 0.14
21.00 55.14 -649.00 -76.27 416.02 0.86 -0.08 0.88 0.17 0.60 0.50 1.00
6.00 6.08 382.89 342.42 -316.07 0.64 0.17 -0.11 0.62 0.83 0.59 0.26
9.00 19.89 195.32 71.19 649.30 -0.13 0.87 0.63 0.20 0.50 0.97 0.56
8.00 3.53 -346.25 -142.94 -240.74 -0.01 -0.78 -0.41 0.44 0.74 0.22 0.03
5.00 3.84 -333.70 180.58 -219.97 -0.89 0.44 -0.82 0.74 0.10 0.24 0.75
5.00 4.62 -180.23 -601.64 141.40 -0.40 -0.83 -0.21 0.57 0.56 0.84 0.63
6.00 3.44 -314.80 658.89 154.08 -0.32 0.62 -0.65 0.19 0.39 0.72 0.38
11.00 9.44 -166.51 -122.16 -236.78 0.94 -0.21 -0.35 0.46 0.98 0.80 0.50
6.00 4.29 44.01 -607.05 -267.83 -0.19 0.06 0.98 0.45 0.41 0.17 0.76
6.00 10.56 -677.88 386.25 -27.09 0.11 0.41 0.33 0.11 0.04 0.35 0.99
20.00 63.63 -468.43 195.12 -155.34 0.12 -0.14 0.82 0.44 0.80 0.04 0.88
16.00 18.50 -230.48 -216.21 -632.09 0.40 -0.40 0.79 0.03 0.49 0.24 0.16
9.00 3.98 351.07 329.14 -397.04 0.83 0.58 -0.63 0.87 0.21 0.23 0.16
7.00 5.09 334.94 702.02 -10.63 0.73 0.06 0.40 0.54 0.30 0.87 0.06
21.00 77.13 312.90 142.55 -373.47 -0.42 0.84 -0.33 0.55 0.92 0.43 0.26
6.00 2.58 345.92 24.37 -547.51 -0.12 0.67 -0.87 0.10 0.70 0.12 0.92
23.00 119.35 328.55 223.33 668.55 -0.40 0.17 0.31 0.49 0.70 0.54 0.86
24.00 81.74 -41.66 -173.11 153.15 0.16 0.73 -0.57 0.85 0.18 0.83 0.71
8.00 0.77 -543.28 181.53 -418.93 0.02 -0.59 -0.96 0.06 0.14 0.61 0.80
29.00 142.80 14.21 370.55 -192.02 0.25 0.31 -0.19 0.88 0.19 0.03 0.82
15.00 15.94 -276.28 722.85 137.98 0.04 -0.47 -0.99 0.80 0.64 0.57 0.85
8.00 16.00 -53.08 -560.55 409.71 0.20 0.54 0.15 0.96 0.49 0.36 0.01
30.00 163.54 -61.96 -603.16 458.04 -0.73 0.86 -0.49 0.10 0.52 0.28 0.99
23.00 68.02 -343.03 -40.78 -49.89 0.80 0.52 0.35 0.71 0.18 0.49 0.08
18.00 56.98 -3.85 596.56 45.88 -0.94 0.31 0.64 0.39 0.34 0.45 0.50
15.00 36.72 261.21 -113.04 328.34 -0.22 0.36 -0.62 0.85 0.98 0.81 0.68
5.00 6.83 -458.04 405.70 149.91 0.67 -0.77 -0.88 0.10 0.90 0.41 0.59
12.00 21.51 -35.47 384.71 365.43 -0.65 -0.97 -0.30 0.97 0.09 0.99 0.99
5.00 5.58 -211.14 541.03 -268.49 -0.32 -0.50 0.10 0.60 0.81 0.84 0.61
28.00 128.14 -39.79 -8.20 -166.84 0.64 0.98 -0.54 0.59 0.05 0.66 0.02
5.00 5.70 -643.28 183.94 38.85 -0.40 0.32 -0.36 0.04 0.90 0.30 0.11
7.00 12.74 372.54 -138.15 -324.84 0.49 0.68 0.13 0.34 0.67 0.88 0.17
7.00 2.03 -617.83 -159.94 152.52 0.59 0.65 -0.58 0.98 0.92 0.86 0.68
10.00 14.71 -184.69 -444.94 -529.96 0.45 0.57 0.03 0.82 0.43 0.88 0.54
12.00 35.93 -21.37 657.69 305.75 0.24 -0.21 -0.65 0.51 0.37 0.17 0.81
23.00 134.19 140.68 -129.77 287.14 -0.20 0.74 -0.44 0.17 0.90 0.45 0.73
27.00 57.66 -299.42 146.16 -212.70 0.58 -0.80 -0.23 0.88 0.53 0.25 0.58
14.00 41.13 -281.40 -184.59 329.50 0.44 -0.97 -0.09 0.38 0.29 0.37 0.87
7.00 5.93 -710.53 -105.25 48.96 -0.85 0.82 0.54 0.71 0.12 0.70 0.80
7.00 12.77 221.84 -59.78 -73.40 -0.06 -0.26 -0.60 0.71 0.78 0.98 0.52
10.00 12.40 -377.37 493.84 -400.95 0.62 -0.94 -0.23 0.76 0.73 0.54 0.56
21.00 72.47 -771.61 114.40 103.04 -0.55 -0.06 0.50 0.68 0.35 0.89 0.96
12.00 13.09 -728.81 -145.41 219.40 -0.74 0.25 0.48 0.89 0.00 0.62 0.98
6.00 4.44 467.37 69.40 150.45 0.19 -0.98 -0.73 0.63 0.70 0.49 0.06
5.00 3.24 50.06 -649.43 -345.08 -0.41 0.58 0.42 0.85 0.73 0.86 0.02
11.00 5.99 296.14 -530.28 117.90 -0.95 0.11 0.68 0.46 0.71 0.13 0.65
12.00 13.81 99.99 715.04 -313.85 0.06 -0.71 -0.71 0.77 0.43 0.37 0.62
15.00 0.76 224.58 90.24 68.78 -0.80 0.12 0.64 0.32 0.74 0.04 0.08
12.00 4.25 -634.03 -15.65 -295.00 0.45 -0.45 0.48 0.92 0.26 0.61 0.10
18.00 29.84 586.39 -199.82 -272.49 0.72 -0.87 -0.27 0.16 0.14 0.08 0.26
8.00 16.25 319.92 382.43 -32.71 -0.17 -0.33 0.38 0.00 0.65 0.76 0.14
23.00 82.86 329.67 199.05 568.65 -0.22 0.51 0.79 0.97 0.13 0.89 0.89
6.00 0.33 427.72 -460.49 -159.57 -0.30 0.35 -0.18 0.46 0.52 0.19 0.97
6.00 7.13 -531.15 -255.49 91.68 -0.71 -0.21 -0.76 0.19 0.83 0.53 0.10
14.00 8.26 196.89 258.61 570.47 0.81 0.25 0.69 0.88 0.52 0.06 0.24
7.00 8.63 -167.02 -199.79 -657.37 -0.57 0.11 0.77 0.13 0.68 0.76 0.14
13.00 17.02 417.72 613.23 -193.91 0.42 0.47 0.31 0.38 0.69 0.42 0.89
7.00 1.28 401.91 285.01 -55.44 -0.74 0.52 -0.28 0.71 0.21 0.42 0.04
7.00 7.49 379.20 187.15 494.07 0.99 -0.28 -0.87 0.41 0.61 0.51 0.27
19.00 97.41 -508.51 -6.07 -470.58 0.25 0.34 0.49 0.91 0.00 0.27 0.23
6.00 4.87 -104.46 75.31 -727.86 -0.79 -0.54 -0.25 0.68 0.34 0.69 0.47
15.00 16.16 345.64 -531.67 -470.80 -0.62 0.39 -0.92 0.54 0.82 0.59 0.91
15.00 23.31 198.30 -740.72 212.60 0.49 -0.13 0.49 0.77 0.40 0.39 0.85
16.00 30.24 -53.70 32.74 151.57 0.32 -0.35 0.59 0.16 0.21 0.02 0.46
27.00 86.64 -279.63 -29.29 543.07 -0.01 0.43 0.75 0.16 0.45 0.90 0.29
8.00 14.30 -380.02 602.46 -51.92 -0.46 -0.27 -0.09 0.78 0.74 0.53 0.07
6.00 4.66 171.15 299.40 613.06 -0.98 -0.23 -0.51 0.92 0.31 0.05 0.68
9.00 11.54 409.99 -10.08 62.18 0.12 -0.74 -0.71 0.72 0.72 0.98 0.82
25.00 66.76 189.19 573.13 -122.85 -0.74 -0.96 -0.82 0.48 0.90 0.79 0.96
12.00 18.19 -465.12 -474.87 172.02 0.98 0.80 0.16 0.20 0.93 0.52 0.73
13.00 35.92 -707.22 -68.05 247.79 -0.25 0.43 0.61 0.15 0.52 0.44 0.91
7.00 12.36 106.24 53.58 366.32 -0.68 -0.57 0.44 0.47 0.22 0.09 0.26
16.00 22.19 322.80 -196.68 -422.00 0.17 -0.67 -0.12 0.39 0.88 0.12 0.11
8.00 6.96 402.16 -466.98 -414.07 0.83 -0.84 0.79 0.54 0.51 0.59 0.73
8.00 10.32 237.56 85.58 425.44 0.09 0.03 -0.59 0.04 0.54 0.26 0.86
10.00 13.23 -439.51 624.41 216.36 -0.49 0.41 -0.16 0.75 0.46 0.55 0.60
6.00 8.23 472.13 -179.57 -161.42 0.48 -0.78 0.29 0.84 0.33 0.21 0.86
11.00 26.30 223.82 -106.98 291.14 0.92 0.42 0.35 0.44 0.22 0.97 0.42
13.00 19.36 -648.96 352.31 159.61 -0.20 0.08 0.18 0.50 0.91 0.46 0.11
14.00 54.00 -414.62 -121.90 522.58 -0.79 -0.95 0.82 0.20 0.22 0.35 0.96
9.00 1.44 -493.81 121.35 -113.23 -0.23 0.50 0.25 0.06 0.20 0.30 0.21
9.00 19.98 344.88 -618.25 -369.98 0.57 -0.74 -0.64 0.09 0.66 0.13 0.92
6.00 8.75 528.79 -550.35 0.40 0.80 -0.97 -0.11 0.84 0.76 0.74 0.98
7.00 14.09 512.40 -26.18 56.35 -0.97 -0.60 0.51 0.15 0.52 0.28 0.38
5.00 2.59 301.95 277.35 511.91 -0.13 0.12 0.38 0.13 0.29 0.34 0.22
12.00 37.16 -18.19 200.15 -331.57 -0.31 0.60 -0.70 0.14 0.05 0.01 0.26
6.00 6.79 -542.62 -13.93 272.06 -0.06 -0.07 -0.36 0.79 0.88 0.78 0.34
10.00 21.77 172.18 269.22 -252.76 0.87 -0.09 -0.05 0.78 0.18 0.85 0.89
8.00 2.78 -9.80 -638.88 407.54 0.74 -0.55 -0.43 0.94 0.73 0.39 0.46
7.00 10.61 -659.13 37.53 97.53 -0.49 0.68 -0.35 0.48 0.03 0.67 0.65
9.00 21.28 133.70 -182.71 -449.76 0.72 -0.57 0.46 0.94 0.51 0.72 0.50
17.00 69.74 499.31 394.21 294.65 0.77 0.34 0.96 0.55 0.53 0.61 0.80
13.00 7.69 106.61 -400.05 -240.82 -0.66 0.58 0.65 0.72 0.09 0.85 0.62
10.00 10.22 370.36 106.40 229.21 -0.23 -0.14 -0.95 0.98 0.09 0.75 0.92
5.00 1.92 55.63 -499.54 621.31 0.84 -0.85 0.41 0.15 0.27 0.44 0.26
5.00 5.82 431.58 -528.44 -65.40 -0.79 1.00 0.38 0.10 0.65 0.62 0.86
7.00 12.06 -108.51 -466.21 151.47 -0.47 -0.31 0.13 0.68 0.71 0.51 0.39
5.00 0.75 -46.39 -486.72 530.71 -0.73 0.42 -0.70 0.78 0.81 0.23 0.38
5.00 1.25 247.61 -49.34 -109.96 0.97 -0.81 -0.40 0.29 0.56 0.00 0.11
10.00 23.98 -455.42 385.44 163.71 0.44 -0.97 0.16 0.90 0.57 0.97 0.18
13.00 42.79 0.78 293.01 -109.94 0.29 -0.09 0.25 0.28 0.84 0.28 0.31
11.00 8.28 -561.35 197.80 -471.84 0.29 -0.91 -0.30 0.35 0.78 0.72 0.62
19.00 55.01 -78.28 557.76 445.16 -1.00 1.00 0.86 0.88 0.09 0.51 0.71
9.00 0.08 -460.35 -155.02 569.49 -0.65 -0.37 0.49 0.48 0.72 0.81 0.09
38.00 242.29 157.74 -83.63 126.72 0.77 -0.68 -0.86 0.90 0.83 0.99 0.37
5.00 6.44 -473.00 400.00 -387.56 -0.22 -0.85 -0.41 0.21 0.39 0.86 0.39
11.00 30.38 -384.22 -391.10 -518.34 -0.66 -0.04 0.31 0.19 0.46 0.12 0.81
9.00 13.17 -172.83 -215.35 203.62 0.27 -0.92 0.66 0.77 0.31 0.45 0.68
12.00 1.94 -351.32 357.28 32.79 0.03 0.70 0.14 0.60 0.08 0.40 0.78
12.00 11.17 197.81 60.68 105.99 0.27 -0.30 0.88 0.03 0.49 0.44 0.60
26.00 75.71 -465.04 336.03 441.12 0.28 0.70 0.17 0.59 0.78 0.07 0.68
18.00 88.47 -59.61 -490.88 -300.39 -0.43 -0.62 0.84 0.59 0.31 0.31 0.39
30.00 89.20 668.25 433.88 40.95 0.81 -0.15 0.90 0.58 0.30 0.51 0.38
11.00 32.55 692.86 -103.31 -46.51 -0.96 0.03 -0.34 0.29 0.35 0.33 0.46
10.00 13.17 628.06 -141.35 -372.54 -0.05 -0.63 0.65 0.56 0.74 0.26 0.56
17.00 58.07 -73.54 -624.74 196.10 -0.97 0.99 0.23 0.59 0.20 0.78 0.85
22.00 105.53 496.46 542.38 -314.45 -0.71 -0.88 0.33 0.08 0.47 0.02 0.32
15.00 21.94 452.03 118.92 -338.39 0.75 0.60 0.69 0.38 0.90 0.78 0.92
7.00 8.71 -107.57 431.15 -105.28 0.62 0.10 0.44 0.37 0.22 0.96 0.27
14.00 16.03 -153.75 97.70 -588.77 0.45 0.70 -0.87 0.64 0.07 0.76 0.99
10.00 21.02 228.29 -72.22 467.99 -0.82 0.56 0.69 0.08 0.54 0.61 0.67
8.00 12.49 -284.92 -71.45 -173.35 -0.11 0.08 -0.56 0.30 0.30 0.03 0.76
7.00 4.42 267.70 132.61 -457.94 -0.90 0.93 -0.89 0.96 0.61 0.70 0.49
9.00 11.74 345.89 -111.96 -603.42 0.70 -0.42 -0.52 0.58 0.27 0.86 0.74
5.00 4.56 -342.45 233.83 -96.36 0.42 -0.64 -0.07 0.77 0.19 0.02 0.41
9.00 23.91 298.28 -195.12 -70.64 0.96 0.12 -0.54 0.14 0.87 0.65 0.13
11.00 30.75 11.71 304.13 -292.09 0.52 0.19 -0.64 0.46 0.29 0.16 0.04
6.00 4.11 -634.31 -356.77 245.08 -0.49 0.17 0.40 0.98 0.53 0.51 0.98
6.00 5.00 -7.97 403.03 -305.39 -0.72 0.27 -0.19 0.11 0.37 0.45 0.74
11.00 19.79 257.52 71.25 -49.06 -0.92 0.27 -0.73 0.85 0.41 0.18 0.42
6.00 6.62 -288.29 30.23 279.87 0.73 -0.48 0.77 0.24 0.32 0.95 0.90
7.00 7.98 3.81 594.84 167.88 0.42 0.18 0.48 0.61 0.65 0.42 0.97
7.00 9.17 -182.67 535.99 -489.58 0.71 -0.70 0.13 0.92 0.91 0.54 0.26
6.00 1.99 396.78 150.96 -663.83 -0.31 -0.94 -0.99 0.57 0.74 0.30 0.43
23.00 24.36 -110.25 549.53 252.37 0.29 0.98 -0.74 0.12 0.29 0.98 0.28
9.00 2.06 -396.29 237.99 566.36 0.29 -0.31 0.67 0.04 0.62 0.57 0.10
32.00 67.59 2.49 695.24 -393.32 -0.50 -0.95 -0.44 0.82 0.80 0.79 0.24
5.00 3.15 -12.40 244.58 -596.31 0.44 0.80 0.66 0.50 0.83 0.96 0.40
6.00 7.23 -144.28 -112.99 -405.45 -0.28 0.45 0.72 0.69 0.49 0.49 0.63
17.00 42.23 662.45 35.45 378.92 0.22 0.20 0.18 0.33 0.78 0.25 0.43
27.00 135.59 -575.41 -483.79 217.82 -0.70 0.69 -0.34 0.87 0.86 0.30 0.81
7.00 4.55 331.63 688.32 -176.06 -0.46 -0.37 -0.36 0.06 0.02 0.23 0.09
15.00 56.56 452.24 52.42 183.24 0.26 0.71 0.41 0.98 0.34 0.36 0.22
9.00 11.33 -315.71 97.16 250.32 -0.37 -0.29 -0.38 0.10 0.91 0.77 0.75
6.00 5.50 245.65 -732.00 107.07 -0.33 0.20 -0.52 0.30 0.86 0.37 0.31
28.00 50.56 340.57 251.21 -128.05 0.42 0.16 0.92 0.92 0.06 0.67 0.55
5.00 1.03 -49.74 8.49 -579.93 0.56 0.41 0.51 0.88 0.05 0.53 0.55
6.00 7.56 -64.25 -155.27 346.73 -0.06 0.79 0.31 0.31 0.96 0.24 0.11
7.00 5.70 -764.12 112.75 -126.49 -0.17 -0.69 -0.73 0.80 0.91 0.57 0.41
16.00 36.68 285.56 -364.40 -454.60 0.10 -0.07 -0.05 0.76 0.44 0.82 0.37
7.00 5.98 224.11 -168.65 -30.09 0.16 -0.88 -0.30 0.14 0.70 0.48 0.92
6.00 4.74 409.90 461.94 82.34 0.51 0.33 0.24 0.37 0.71 0.75 0.76
9.00 21.27 -133.31 -516.68 -550.29 -0.75 -0.63 -0.78 0.22 0.88 0.20 0.68
8.00 0.73 474.48 -251.40 261.34 -0.54 0.00 0.80 0.28 0.83 0.68 0.06
20.00 62.95 -238.28 263.48 101.58 -0.80 0.43 0.81 0.75 0.26 0.92 0.57
8.00 3.90 24.14 410.00 572.42 -0.04 0.49 0.01 0.16 0.57 0.26 0.36
6.00 1.50 -72.42 458.56 131.10 0.77 -0.11 -0.14 0.05 0.40 0.86 0.45
9.00 5.13 243.93 -204.92 615.28 0.80 0.53 -0.56 0.26 0.75 0.54 0.20
8.00 1.51 97.85 -368.93 547.93 0.19 -0.73 0.77 0.79 0.79 0.60 0.29
15.00 37.07 160.83 54.14 577.62 -0.56 -0.63 -0.32 0.29 0.47 0.57 0.84
28.00 214.62 227.52 303.09 671.27 0.20 0.88 -0.64 0.29 0.41 0.11 0.43
15.00 21.62 396.54 -19.65 27.16 0.23 0.37 -0.27 0.38 0.92 0.26 0.32
9.00 22.12 -338.26 79.71 -78.80 -0.42 -0.63 -0.75 0.22 0.97 0.93 0.26
7.00 10.77 -284.85 640.30 -56.27 -0.37 0.37 0.28 0.96 0.73 0.08 0.61
12.00 11.63 202.69 -278.18 571.57 0.05 -0.14 -0.71 0.05 0.75 0.37 0.84
16.00 4.41 241.58 -52.55 754.51 -0.83 0.93 -0.46 0.43 0.53 0.23 0.10
16.00 27.82 -231.59 -101.84 73.28 -0.12 -0.44 -0.48 0.33 0.06 0.62 0.81
5.00 2.33 -150.06 463.43 -578.45 0.82 0.55 0.60 0.54 0.20 0.56 0.32
24.00 77.37 125.15 342.46 24.42 -0.79 0.60 0.05 0.97 0.94 0.85 0.77
6.00 0.58 -186.95 -249.23 -193.09 0.62 -0.01 0.97 0.03 0.52 0.38 0.96
8.00 16.27 -407.99 -223.59 -242.73 0.37 -0.19 0.30 0.38 0.89 0.68 0.82
8.00 17.61 282.58 640.91 -225.12 0.37 0.59 0.59 0.95 0.62 0.08 0.18
12.00 10.91 689.20 153.21 107.34 -0.34 -0.58 -0.20 0.67 0.01 0.60 0.94
15.00 49.32 -555.94 -244.90 115.01 0.90 -0.25 0.43 0.92 0.83 0.62 0.78
8.00 3.32 342.39 92.75 333.08 0.37 0.35 -0.55 0.43 0.15 0.22 0.86
15.00 4.48 546.57 275.09 441.56 0.50 -0.64 -0.48 0.73 0.44 0.42 0.45
8.00 2.06 25.78 231.14 -57.03 -0.80 -0.01 -0.48 0.98 0.19 0.06 0.40
14.00 35.12 6.73 -5.11 -579.07 -0.65 -0.59 -0.53 0.04 0.00 0.72 0.92
13.00 25.68 -34.88 619.05 -153.32 0.04 -0.19 -0.44 0.12 0.23 0.26 0.69
5.00 7.06 -7.71 506.27 260.80 -0.48 -0.51 -0.98 0.69 0.52 0.37 0.60
10.00 0.12 641.80 307.46 365.26 0.66 0.57 -0.17 0.35 0.27 0.99 0.70
15.00 35.46 500.90 248.08 54.60 0.38 -0.64 0.01 0.87 0.68 0.48 0.67
8.00 7.57 603.38 281.82 -407.40 -0.96 0.52 0.44 0.24 0.72 0.16 0.42
25.00 107.31 -165.86 567.85 147.29 0.53 -0.50 0.22 0.16 0.10 0.44 0.31
9.00 15.71 406.44 186.84 372.22 -0.54 -0.70 -0.73 0.09 0.66 0.16 0.61
29.00 173.80 -545.82 470.10 -298.10 0.65 -0.71 0.52 0.28 0.02 0.85 0.45
6.00 9.31 -208.14 -322.15 -125.73 0.24 -0.31 -0.22 0.91 0.86 0.07 0.85
22.00 83.65 589.28 -469.38 -103.17 -0.74 -0.12 0.71 0.06 0.41 0.47 0.75
23.00 143.39 -400.77 52.40 -327.51 -0.21 -0.77 -0.78 1.00 0.62 0.37 0.74
9.00 10.23 317.23 569.22 -62.99 0.59 -0.41 1.00 0.73 0.81 0.46 0.13
22.00 24.94 -694.59 -49.69 176.90 -0.61 -0.59 -0.86 0.59 0.09 0.31 0.54
10.00 26.65 256.49 502.50 -114.76 -0.24 -0.40 -0.54 0.06 0.60 0.35 0.53
6.00 2.23 -563.27 171.40 528.38 -0.79 0.02 -0.02 0.47 0.72 0.12 0.40
25.00 10.01 -114.46 -649.50 319.45 -0.67 0.76 0.62 0.01 0.25 0.25 0.67
9.00 17.92 -525.17 158.90 434.23 -0.28 0.47 0.64 0.88 0.76 0.90 1.00
10.00 23.93 -49.17 -270.12 628.09 -0.35 0.58 -0.82 0.47 0.75 0.00 0.48
8.00 15.13 -261.02 336.20 -450.06 0.94 -0.21 -0.78 0.46 0.68 0.81 0.85
21.00 33.16 186.24 -166.42 -208.72 -0.34 -0.01 -0.88 0.82 0.72 0.87 0.35
6.00 5.42 360.28 -40.08 -665.84 -0.01 0.79 0.69 0.12 0.53 0.31 0.91
8.00 4.25 197.40 460.06 -147.74 0.63 -0.33 0.14 0.25 0.88 0.52 0.35
5.00 1.37 -535.37 329.37 -350.18 -0.66 0.59 -0.51 0.81 0.58 0.33 0.74
8.00 17.63 -322.22 -392.26 309.82 0.30 -0.73 0.58 0.60 0.69 0.89 0.90
12.00 9.58 295.89 -181.36 585.10 -0.10 -0.71 0.68 0.56 0.42 0.52 0.97
18.00 25.24 -367.44 90.94 -56.95 -0.50 0.90 0.74 0.75 0.03 0.77 0.72
18.00 50.94 -187.06 395.62 -523.74 0.42 0.07 0.14 0.72 0.09 0.07 0.82
9.00 22.91 -289.98 -395.65 -217.94 0.51 -0.68 0.29 0.90 0.85 0.38 0.43
29.00 112.50 378.28 120.59 -490.77 0.77 0.64 -0.32 0.07 0.08 0.23 0.71
7.00 4.32 -311.50 652.95 -5.90 0.89 -0.34 -0.19 0.92 0.24 0.20 0.16
17.00 80.78 -593.79 -362.19 191.58 -0.07 0.07 0.20 0.73 0.76 0.51 0.75
6.00 9.46 -167.73 -138.73 -286.67 -0.12 0.89 0.21 0.75 0.60 0.20 0.35
8.00 1.25 209.05 -569.77 227.77 0.81 0.75 0.21 0.26 0.70 0.30 0.16
5.00 4.72 -82.56 -537.48 237.57 0.64 0.41 -0.17 0.34 0.61 0.21 0.13
8.00 12.30 523.27 -251.00 -275.96 -0.42 0.74 -0.25 0.61 0.45 0.15 0.49
5.00 7.23 -112.20 522.66 303.17 -0.74 -0.29 -0.54 0.38 0.17 0.73 0.44
9.00 14.88 84.55 82.36 -647.56 -0.31 0.27 -0.67 0.61 0.49 0.92 0.35
10.00 1.38 547.44 -425.69 -73.05 0.78 0.49 -0.87 0.53 0.72 0.21 0.65
7.00 1.11 -405.09 430.44 -62.54 -0.18 0.26 -0.82 0.82 0.47 0.03 0.69
11.00 34.26 275.58 28.18 -381.26 0.45 0.55 -0.23 0.75 0.53 0.97 0.94
5.00 5.41 370.26 49.00 -184.00 -0.90 0.01 -0.00 0.34 0.90 0.71 0.72
14.00 31.05 -28.98 82.74 311.88 0.99 -0.99 -0.71 0.27 0.73 0.91 0.59
16.00 32.62 -89.14 -492.42 -136.06 0.46 0.76 -0.56 0.05 0.86 0.59 0.84
12.00 16.43 -145.13 -209.16 -140.08 0.11 0.77 0.87 0.62 0.25 0.85 0.85
8.00 13.71 291.28 -85.57 -143.07 0.77 -0.57 -0.81 0.65 0.75 0.19 0.75
7.00 13.05 209.03 -477.08 -204.45 0.34 -0.54 0.11 0.14 0.05 0.63 0.25
17.00 42.20 261.30 -509.89 308.61 0.16 -0.30 -0.90 0.46 0.44 0.76 0.55
17.00 28.24 509.09 515.50 296.19 0.97 -0.22 -0.68 0.93 0.94 0.28 0.22
39.00 81.51 432.47 -435.94 -213.80 -0.56 -0.66 -0.22 0.10 0.40 0.74 0.05
9.00 17.15 -244.82 -18.32 665.66 0.40 0.14 -0.29 0.69 0.67 0.60 0.63
5.00 4.23 211.72 61.42 -339.03 -0.71 -0.60 -0.90 0.68 0.75 0.00 0.00
26.00 49.20 521.47 -262.00 133.74 -0.94 0.38 -0.56 0.08 0.52 0.56 0.93
7.00 13.40 -93.53 -645.07 53.66 -0.14 0.54 0.65 0.17 0.07 0.26 0.79
8.00 17.70 -310.41 -280.41 266.66 -0.02 0.65 0.73 0.57 0.73 0.78 0.71
6.00 7.91 333.29 -285.23 -140.98 0.93 -0.88 -0.01 0.93 0.86 0.07 0.59
12.00 12.58 61.29 319.56 -259.62 -0.26 -0.69 0.09 0.72 0.34 0.16 0.59
18.00 62.13 220.50 -564.49 -154.24 -0.23 -0.02 0.31 0.46 0.90 0.74 0.93
36.00 178.01 -405.87 134.48 -659.41 0.91 0.99 -0.69 0.61 0.26 0.14 0.05
19.00 10.43 -390.68 -523.52 -442.53 -0.38 0.67 -0.16 0.10 0.11 0.90 0.14
12.00 28.17 -10.20 53.32 -765.24 0.25 -0.88 0.95 0.16 0.23 0.28 0.15
16.00 73.05 -295.43 -380.10 -248.48 0.60 0.49 -0.24 0.33 0.53 0.64 0.64
23.00 146.00 -542.89 190.60 508.72 -0.42 0.13 0.35 0.50 0.69 0.92 0.40
39.00 408.03 -29.21 343.20 467.89 0.05 0.84 -0.49 0.22 0.88 0.11 0.97
6.00 10.30 -412.60 -302.01 -583.78 0.59 -0.83 0.98 0.44 0.58 0.56 0.76
8.00 5.27 334.83 -679.29 -218.59 -0.98 -0.78 0.48 0.27 0.61 0.45 0.89
8.00 18.46 -250.16 -546.53 489.39 -0.94 -0.43 -0.03 0.48 0.85 0.12 0.03
6.00 1.25 -368.87 -384.79 -224.36 -0.64 -0.34 0.61 0.72 0.35 0.50 0.35
29.00 48.82 43.71 -132.51 254.14 -0.93 0.55 -0.65 0.69 0.72 0.14 0.15
26.00 131.34 -760.79 25.60 129.10 0.23 -0.26 0.67 0.92 0.17 0.38 0.54
6.00 8.22 -11.01 14.43 -663.07 -0.50 -0.79 0.03 0.19 0.17 0.19 0.16
7.00 7.74 -440.87 -418.44 299.43 0.62 0.71 0.63 0.11 0.19 0.51 0.17
8.00 4.37 -77.63 -651.11 57.09 0.58 0.44 0.25 0.99 0.32 0.29 0.70
8.00 18.11 -263.36 494.83 78.20 -0.23 0.97 0.78 0.98 0.74 0.75 0.19
8.00 1.25 577.58 -383.96 346.68 -0.91 -0.10 0.78 0.10 0.07 0.37 1.00
9.00 9.37 -93.50 -201.94 -21.19 0.79 0.28 0.71 0.48 0.59 0.31 0.66
11.00 12.30 -335.01 475.29 79.93 0.68 0.62 -0.46 0.69 0.24 0.12 0.53
7.00 12.53 -444.20 -42.40 -347.53 -0.52 -0.12 0.55 0.66 0.70 0.63 0.71
6.00 1.72 -109.70 550.67 -346.99 -0.01 -0.92 0.83 0.06 0.88 0.27 0.27
10.00 22.36 -450.30 602.59 -206.04 -0.82 -0.82 0.26 0.45 0.37 0.78 0.05
7.00 6.86 15.41 468.81 -512.27 -0.22 0.80 0.52 0.32 0.07 0.71 0.51
10.00 11.72 -108.76 4.79 -421.36 0.93 0.98 -0.28 0.93 0.64 0.23 0.12
10.00 16.95 -124.80 346.87 447.75 0.95 0.97 0.91 0.08 0.86 0.30 0.60
12.00 8.21 -624.04 292.06 -102.37 0.21 0.74 0.85 0.54 0.98 0.89 0.74
17.00 40.14 679.57 -169.72 337.91 0.09 0.46 0.67 0.77 0.99 0.16 0.91
9.00 8.37 122.92 177.43 -149.18 -0.71 0.20 -0.02 0.74 0.10 0.04 0.68
16.00 57.00 316.05 -559.55 27.46 0.17 0.96 0.06 0.07 0.66 0.63 0.99
12.00 31.80 192.19 -300.51 649.93 0.84 0.45 -0.93 0.42 0.55 0.61 0.21
11.00 10.03 271.62 15.19 -35.19 0.96 -0.63 0.17 0.85 0.77 0.19 0.18
8.00 18.33 309.90 300.83 315.45 0.43 0.35 -0.15 0.91 0.05 0.52 0.25
8.00 16.43 150.63 323.85 632.74 -0.80 0.09 0.18 0.50 0.09 0.95 0.69
6.00 6.78 -192.05 -136.80 -368.64 -0.37 0.93 -0.65 0.65 0.14 0.65 0.06
13.00 8.70 221.64 -143.99 664.08 0.90 -0.16 0.97 0.76 0.54 0.64 0.89
14.00 53.92 -100.16 -84.42 -684.57 -0.79 0.81 -0.09 0.89 0.25 0.11 0.38
11.00 1.32 397.61 491.89 36.16 -0.71 -0.92 -0.51 0.97 0.41 0.46 0.70
21.00 66.27 431.10 49.59 -525.56 -0.54 0.14 -0.46 0.58 0.76 0.83 0.33
24.00 77.09 610.14 -130.29 -222.20 -0.12 0.57 -0.37 0.42 0.75 0.16 0.39
6.00 0.66 -329.00 344.74 -519.40 0.80 -0.06 0.44 0.30 0.96 0.44 1.00
27.00 38.32 747.11 174.78 213.57 0.95 -0.19 -0.81 0.44 0.08 0.87 0.12
24.00 105.49 -537.43 460.87 15.92 -0.33 0.67 -0.23 0.47 0.71 0.04 0.31
13.00 8.85 161.98 -525.30 -151.70 -0.22 0.61 0.07 0.05 0.75 0.18 0.85
5.00 2.18 548.55 345.36 -214.12 0.85 -0.39 -0.83 0.50 0.54 0.90 0.09
7.00 5.31 -156.68 -265.05 -351.29 -0.98 -0.02 0.08 0.37 0.32 0.11 0.48
16.00 29.01 -30.37 101.97 -364.05 -0.63 -0.21 0.95 0.46 0.28 0.24 0.42
15.00 12.63 -30.75 256.11 603.88 -0.71 0.30 0.72 0.20 0.28 0.49 0.43
11.00 0.92 165.33 -616.74 295.54 0.12 -0.38 0.28 0.40 0.52 0.22 0.57
6.00 2.95 439.74 -175.68 -52.29 -0.65 0.53 0.89 0.81 0.10 0.78 0.13
8.00 8.51 28.55 1.07 432.00 0.97 0.63 -0.13 0.87 0.60 0.71 0.60
5.00 3.56 139.94 -374.34 -617.43 -0.57 -0.33 0.88 0.76 0.56 0.01 0.29
5.00 1.45 47.69 -491.47 -338.29 -0.61 -0.99 0.59 0.46 0.84 0.47 0.71
6.00 1.38 285.37 -374.92 358.92 0.14 0.49 0.54 0.18 0.01 0.22 0.64
9.00 5.60 -479.77 403.07 -457.40 -0.75 0.48 0.97 0.86 0.91 0.05 0.85
10.00 7.21 -141.41 -191.10 677.23 -0.37 -0.71 -0.33 0.31 0.56 0.13 0.40
6.00 4.01 306.61 -4.31 234.76 0.42 -0.45 0.20 0.80 0.01 0.08 0.77
9.00 4.14 77.95 58.97 -625.83 -0.25 -0.65 0.77 0.56 0.50 0.16 0.52
11.00 22.31 -672.77 -216.91 -255.44 -0.12 0.31 0.85 0.25 0.68 0.37 0.40
18.00 50.24 602.58 287.60 -80.48 -0.28 0.64 0.12 0.84 0.62 0.14 0.41
5.00 0.23 -532.48 500.76 197.50 -0.69 0.78 0.68 0.52 0.83 0.67 0.13
5.00 7.12 11.49 375.73 -584.76 -0.88 -0.34 0.57 0.09 0.58 0.23 0.93
10.00 28.35 -70.04 382.43 -446.81 0.46 0.19 -0.62 0.89 0.64 0.00 0.92
11.00 35.64 -439.44 299.49 27.79 -0.68 -0.44 0.68 0.63 0.44 0.92 0.77
10.00 13.23 -281.64 -333.61 -168.59 0.12 -0.65 -0.49 0.36 0.12 0.69 0.39
22.00 131.17 172.65 -115.09 -135.60 0.28 0.32 0.84 0.13 0.43 0.66 0.92
12.00 19.84 633.58 -108.07 -440.07 0.64 0.10 -0.64 0.38 0.60 0.10 0.55
5.00 0.98 271.51 -147.68 182.54 0.48 0.53 0.68 0.53 0.09 0.84 0.41
7.00 3.69 -420.94 -72.45 -450.15 -0.96 0.19 -0.54 0.37 0.82 0.95 0.55
32.00 196.24 -172.35 -485.24 -388.47 0.17 0.02 -0.26 0.80 0.49 0.07 0.17
38.00 414.59 407.80 269.23 -103.62 -0.00 0.06 0.91 0.22 0.10 0.26 0.29
12.00 39.18 -227.61 -582.76 132.83 0.72 0.88 0.39 0.91 0.73 0.62 0.56
13.00 10.06 347.24 292.06 -99.23 0.87 0.46 -0.78 0.19 0.36 0.84 0.69
34.00 4.77 539.41 113.25 -301.96 -0.53 -0.52 0.17 0.21 0.23 0.78 0.83
11.00 4.62 164.99 744.26 -167.19 0.95 0.13 0.49 0.18 0.68 0.74 0.22
6.00 2.97 -451.63 -364.50 -33.81 0.60 0.36 0.84 0.20 0.33 0.26 0.51
11.00 12.60 444.45 73.41 -339.37 -0.56 -0.63 0.37 0.09 0.69 0.08 0.82
22.00 74.06 -72.55 -101.24 731.61 0.82 0.05 0.76 0.51 0.51 0.80 0.08
9.00 22.24 -510.88 592.88 -117.27 -0.79 0.38 0.29 0.20 0.46 0.70 0.49
7.00 4.55 -195.82 230.08 626.16 0.86 -0.93 -0.93 0.59 0.79 0.60 0.61
26.00 43.45 98.93 -403.55 579.02 -0.18 -0.22 -0.12 0.62 0.22 0.60 0.56
16.00 54.92 -58.78 -280.92 -434.17 0.57 0.58 -0.93 0.51 0.94 0.87 0.50
6.00 6.50 -381.53 168.95 165.12 0.37 0.18 -0.12 0.15 0.30 0.35 0.61
5.00 2.54 320.66 -323.43 600.44 0.33 0.68 0.53 0.48 0.69 0.60 0.70
11.00 7.18 302.00 567.53 107.04 -0.14 -0.26 0.51 0.42 0.99 0.27 0.28
5.00 3.38 -227.59 -100.65 485.61 -0.93 -0.83 0.55 0.14 0.04 0.89 0.94
6.00 6.45 -430.32 560.59 277.86 0.21 -0.64 0.92 0.58 0.48 0.27 0.27
7.00 3.08 649.43 -31.52 67.22 -0.60 -0.46 0.94 0.24 0.16 0.56 0.19
12.00 9.38 -698.11 -15.14 96.61 -0.41 0.98 0.77 0.42 0.34 0.83 0.81
7.00 3.42 -536.82 -2.50 -334.26 0.34 -0.07 0.36 0.02 0.38 0.86 0.90
14.00 35.40 -343.46 -309.17 226.86 -0.58 -0.58 0.67 0.62 0.61 0.30 0.50
14.00 6.12 362.58 116.12 0.56 -0.92 0.50 0.86 0.15 0.45 0.06 0.93
27.00 177.41 298.12 -194.85 297.64 0.96 0.92 0.54 0.20 0.67 0.12 0.66
14.00 24.93 -481.33 -413.50 -397.02 0.16 -0.32 -0.90 0.75 0.25 0.21 0.40
12.00 14.17 91.73 772.07 167.51 0.44 0.41 -0.10 0.79 0.04 0.50 0.94
12.00 39.31 90.42 -146.35 -31.12 -0.76 -0.20 0.36 0.09 0.20 0.02 0.73
28.00 69.99 435.66 -511.45 130.69 -0.32 0.55 -0.78 0.38 0.92 0.41 0.64
11.00 10.54 177.49 -86.58 -274.36 -0.81 0.48 0.23 0.37 0.51 0.79 0.43
10.00 5.11 100.84 -75.49 -390.87 -0.86 -0.57 -0.09 0.25 0.96 0.32 0.29
11.00 30.43 289.39 92.57 258.51 0.15 -0.86 0.99 0.83 0.89 0.31 0.74
5.00 1.70 -673.16 -207.25 21.60 0.47 0.71 0.12 0.12 0.39 0.35 0.25
17.00 1.12 669.51 185.48 -126.89 -0.99 -0.71 0.91 0.46 0.75 0.40 0.12
21.00 66.94 -113.43 -430.15 481.89 0.40 0.90 -0.73 0.38 0.46 0.13 0.72
13.00 12.91 -291.52 -171.90 536.85 0.99 0.29 0.33 0.44 0.75 0.61 0.72
6.00 4.89 -26.36 29.61 40.71 0.98 -0.39 -0.48 0.77 0.36 0.34 0.87
10.00 14.92 -159.32 591.70 177.42 -0.26 -0.11 -0.95 0.94 0.13 0.58 0.77
6.00 9.55 144.82 -176.97 -732.75 0.10 0.09 -0.15 0.66 0.30 0.06 0.10
9.00 9.99 -541.61 -58.36 360.84 0.05 -0.01 0.46 0.06 0.52 0.03 0.78
6.00 3.87 -622.40 -235.02 122.80 -0.30 -0.46 0.12 0.56 0.54 0.63 0.34
14.00 27.14 -182.39 323.42 -61.06 -0.11 -0.75 -0.76 0.21 0.06 0.75 0.48
11.00 8.83 618.42 258.37 14.54 -0.64 -0.57 -0.91 0.97 0.27 0.81 0.44
11.00 8.91 259.07 -530.48 395.14 -0.84 -0.60 0.71 0.48 0.25 0.59 0.65
14.00 41.54 -181.97 377.21 488.75 0.01 0.55 0.91 0.08 0.25 0.75 0.26
10.00 15.09 155.99 475.39 -418.46 -0.00 0.19 0.82 0.23 0.92 0.42 0.68
31.00 264.70 -46.91 480.40 -425.03 -0.02 0.59 0.51 0.45 0.32 0.86 0.30
10.00 7.63 -406.42 384.25 -29.75 -0.86 0.84 0.34 0.84 0.01 0.49 0.89
8.00 4.00 -54.93 612.59 -291.34 0.67 0.74 0.58 0.76 0.67 0.66 0.87
8.00 13.06 -99.07 -299.70 446.97 -0.54 -0.07 0.02 0.82 0.51 0.94 0.27
25.00 73.24 -345.25 -281.86 390.61 -0.82 0.14 -0.09 0.30 0.96 0.70 0.61
15.00 39.52 -1.85 352.53 -127.16 -0.58 -0.04 -0.06 0.21 0.87 0.84 0.49
12.00 31.74 -553.41 -105.91 127.06 0.66 -0.72 -0.42 0.09 0.56 0.70 0.84
9.00 10.74 -539.51 -292.61 357.80 0.96 0.40 0.93 0.71 0.67 0.53 0.82
6.00 1.58 -517.71 -296.71 -202.63 -0.69 -0.09 -0.54 0.66 0.74 0.83 0.78
13.00 45.00 0.86 -79.45 333.22 -0.62 0.45 -0.91 0.45 0.63 0.45 0.78
8.00 13.87 -232.30 -194.26 -704.59 -0.40 -0.21 -0.20 0.92 0.92 0.86 0.27
7.00 9.02 132.58 -385.33 -672.84 -0.57 -0.69 -0.51 0.63 0.24 0.12 0.83
12.00 38.39 -203.62 503.37 -509.39 0.67 0.22 0.72 0.53 0.51 0.90 0.32
29.00 207.38 -388.71 282.80 -520.45 -0.21 0.46 0.77 0.93 0.10 0.61 0.73
17.00 38.14 308.09 -192.53 162.27 -0.13 0.53 -0.84 0.79 0.06 0.29 0.36
29.00 169.37 151.46 -702.25 221.60 0.40 0.18 0.89 0.49 0.64 0.04 0.88
7.00 13.42 -252.75 -61.03 551.74 0.23 -0.87 -0.10 0.35 0.32 0.75 0.86
19.00 75.57 -120.09 -515.71 299.93 0.37 -0.57 0.38 0.90 0.60 0.22 0.10
8.00 8.06 212.72 55.86 -132.86 -0.23 0.32 0.11 0.14 0.69 1.00 0.26
5.00 7.03 -397.89 174.64 20.09 0.91 -0.33 0.61 0.99 0.76 0.64 0.21
11.00 21.69 49.88 67.64 778.02 -0.11 0.32 -0.94 0.27 0.73 0.25 0.53
17.00 48.63 689.87 -56.72 -388.71 -0.13 0.31 -0.76 0.60 0.83 0.40 0.51
9.00 21.73 -63.03 -43.44 -313.26 -0.67 -0.90 -0.80 0.20 0.02 0.78 0.14
21.00 88.54 -14.48 606.58 380.61 -0.06 -0.35 0.27 0.32 0.28 0.30 0.39
7.00 13.87 553.69 436.91 222.07 -0.94 0.75 -0.33 0.12 0.45 0.25 0.90
13.00 28.38 -310.85 587.89 -164.02 -0.12 -0.93 0.45 0.11 0.53 0.62 0.19
12.00 19.37 419.17 -219.21 -644.61 -0.22 -0.99 0.10 0.48 0.22 0.49 0.90
8.00 13.73 -295.41 11.01 -565.66 0.70 0.25 -0.81 0.04 0.77 0.18 0.59
8.00 13.73 -393.93 597.42 46.16 0.71 0.60 0.95 0.44 0.95 0.05 0.31
6.00 2.28 88.41 -178.79 -679.46 -0.49 -0.06 -0.98 0.60 0.32 0.33 0.99
9.00 10.20 583.27 513.31 94.77 0.22 0.11 0.44 0.40 0.66 0.50 0.80
6.00 2.24 -189.65 -348.58 586.87 0.69 -0.13 -0.77 0.47 0.45 0.13 0.37
5.00 4.88 -478.31 307.31 -513.18 -0.57 -0.62 0.23 0.04 0.31 0.26 0.54
9.00 6.05 -181.24 100.37 -551.28 0.91 0.22 -0.14 0.13 0.27 0.75 0.19
5.00 6.87 -75.17 793.69 13.90 -0.36 -0.66 0.52 0.43 0.71 0.88 0.52
9.00 21.22 -80.06 -67.46 -233.04 0.74 0.69 -0.43 0.81 0.96 0.65 0.21
6.00 8.64 170.27 202.45 173.52 -0.33 -0.25 0.67 1.00 0.60 0.41 0.89
10.00 8.73 -435.54 -5.06 510.85 0.62 -0.73 -0.42 0.40 0.19 0.41 0.62
10.00 17.58 20.66 106.94 119.09 -0.96 -0.62 -0.16 0.96 0.62 0.94 0.54
6.00 9.62 275.32 352.32 -22.21 -0.75 0.05 -0.23 0.27 0.26 0.60 0.63
6.00 5.49 71.81 104.03 -327.04 0.06 -0.95 0.55 0.42 0.74 0.95 0.20
15.00 3.33 127.52 101.88 -347.45 -0.65 -0.97 -0.89 0.39 0.38 0.35 0.61
17.00 35.08 270.48 537.34 13.73 -0.48 0.99 -0.28 0.64 0.41 0.09 0.29
8.00 18.04 62.73 32.03 -713.23 -0.41 0.77 -0.84 0.61 0.17 0.61 0.31
6.00 9.63 430.15 -330.99 -68.79 -0.53 -0.88 -0.17 0.77 0.15 0.76 0.67
14.00 4.54 -436.39 130.33 -380.99 0.68 -0.78 0.31 0.57 0.76 0.83 0.51
12.00 31.16 -542.49 -432.88 312.67 -0.54 -0.55 -0.41 0.47 0.53 0.36 0.30
8.00 14.79 32.81 81.52 -717.50 0.67 0.01 0.46 0.40 0.38 0.23 0.11
7.00 1.25 -262.54 -352.81 569.15 -0.82 0.72 0.85 0.97 0.36 0.38 0.89
15.00 63.77 -631.07 -105.46 -462.78 -0.79 -0.87 -0.65 0.99 0.66 0.67 0.43
9.00 6.11 -299.08 243.99 -535.76 0.37 -0.53 -0.12 0.11 0.80 0.16 0.58
9.00 16.15 -598.06 -298.29 359.80 -0.19 0.08 0.17 0.38 0.10 0.68 0.05
12.00 29.35 319.26 622.15 -164.74 -0.51 -0.06 0.71 0.16 0.54 0.97 0.45
5.00 3.49 -112.00 24.97 162.01 -0.06 0.95 0.78 0.23 0.72 0.44 0.71
13.00 25.03 -150.43 536.25 340.05 0.14 0.53 -0.96 0.84 0.44 1.00 0.81
13.00 41.50 -353.90 695.16 127.39 0.68 -0.80 -0.40 0.12 0.69 0.16 0.49
11.00 20.89 -621.95 232.30 -101.01 -0.13 -0.43 0.07 0.71 0.33 0.69 0.70
14.00 4.29 -705.92 -311.58 -40.09 -0.95 -0.08 -0.56 0.46 0.55 0.45 0.81
5.00 7.21 -277.70 -498.07 195.63 -0.01 0.11 0.05 0.79 0.75 0.30 0.26
22.00 90.08 -127.70 -227.02 -92.91 0.52 0.15 -0.76 0.97 0.62 0.76 0.54
7.00 1.91 113.76 -681.41 199.05 -0.10 0.15 0.78 0.47 0.37 0.48 0.24
12.00 25.22 -516.88 -43.14 209.25 -0.83 0.35 0.90 0.95 0.65 0.24 0.76
10.00 6.54 169.76 39.79 -607.51 0.57 -0.58 0.91 0.07 0.37 0.93 0.90
5.00 0.89 -40.54 -280.94 201.86 -0.39 0.54 -0.05 0.27 0.03 0.08 0.37
28.00 20.74 -301.83 -107.40 -253.04 -0.70 -0.07 -0.91 0.27 0.82 0.24 0.60
13.00 7.02 213.07 274.49 117.30 -0.53 0.55 0.21 0.91 0.69 0.91 0.06
5.00 2.62 -436.10 96.50 215.61 -0.94 0.24 -0.37 0.45 0.53 0.43 0.99
9.00 10.62 -129.80 418.46 -395.93 -0.82 0.66 -0.46 0.32 0.50 0.88 0.80
18.00 13.55 -678.42 90.70 4.23 0.19 0.54 -0.22 0.87 0.46 0.46 0.38
12.00 23.93 -252.90 388.83 -39.28 0.46 -0.96 0.22 0.91 0.57 0.88 0.13
36.00 342.89 492.71 -544.74 -292.61 0.28 0.19 0.98 0.73 0.82 0.50 0.91
6.00 3.90 -622.37 279.76 -334.74 -0.28 0.35 0.77 0.73 0.22 0.22 0.40
20.00 63.11 -103.71 -451.03 644.63 0.25 -0.82 0.46 0.97 0.47 0.71 0.61
5.00 6.32 8.45 24.55 469.35 -0.61 -0.00 0.06 0.75 0.50 0.90 0.95
6.00 2.91 -36.82 -316.66 537.92 -0.20 0.96 -0.34 0.69 0.55 0.16 0.26
7.00 9.06 284.85 -95.31 -440.30 -0.43 -0.82 -0.78 0.31 0.75 0.58 0.93
6.00 9.34 268.82 207.23 706.63 0.17 0.47 -0.34 0.51 0.14 0.54 0.33
7.00 7.06 -195.29 -31.82 -674.78 -0.24 -0.79 0.15 0.01 0.67 0.46 0.84
17.00 45.96 -579.82 121.85 178.05 -0.71 0.29 0.37 0.33 0.06 0.49 0.60
9.00 9.98 -221.01 296.39 256.40 -0.50 0.48 0.31 0.10 0.39 0.39 0.10
6.00 7.83 431.69 -334.90 -169.17 -0.84 -0.84 -0.74 0.35 0.12 0.65 0.08
7.00 10.31 581.91 -369.97 77.50 0.28 0.57 0.76 0.37 0.14 0.71 0.02
17.00 61.81 -284.31 -628.08 -271.92 0.58 0.44 -0.85 0.47 0.95 0.39 0.94
19.00 46.79 216.34 -80.91 -93.96 0.52 -0.46 -0.80 0.48 0.22 0.60 0.81
6.00 2.03 95.53 -169.56 685.95 -0.08 -0.51 -0.42 0.25 0.49 0.46 0.84
7.00 7.12 164.27 123.37 -507.19 0.93 -0.89 0.33 0.96 0.96 0.55 0.06
5.00 4.60 300.28 68.04 -83.16 -0.49 -0.94 0.25 0.43 0.27 0.23 0.27
5.00 6.60 410.84 -124.03 -501.20 0.20 -0.34 0.39 0.28 0.93 0.72 0.20
8.00 5.35 322.78 -36.05 384.31 0.07 0.36 0.16 0.16 0.71 0.28 0.88
19.00 98.23 -248.95 97.76 -692.84 -0.48 0.21 0.51 0.17 0.21 0.82 0.98
8.00 1.46 457.19 -332.40 318.86 0.08 -0.05 0.10 0.36 0.51 0.26 0.34
7.00 2.65 111.19 -401.79 -575.80 -0.38 -0.83 -0.61 0.24 0.81 0.43 0.82
27.00 69.45 -110.31 -542.50 -206.45 -0.99 0.52 -0.58 0.34 0.03 0.75 0.48
8.00 3.88 -271.71 156.06 236.07 0.27 -0.72 -0.24 0.47 0.94 0.94 0.25
14.00 3.67 397.46 -271.01 -476.47 -0.29 -0.08 -0.29 0.94 0.32 0.98 0.26
7.00 13.72 437.78 55.12 -293.74 -0.16 0.05 0.73 0.98 0.39 0.67 0.83
5.00 1.46 13.04 7.67 600.58 -0.39 -0.47 -0.46 0.13 0.39 0.77 0.36
9.00 14.68 -569.02 40.28 394.35 0.48 -0.73 0.06 0.19 0.46 0.63 0.62
8.00 18.85 -431.25 -149.79 149.80 0.00 0.61 0.14 0.56 0.93 0.17 0.08
5.00 1.23 186.12 -341.72 -436.99 -0.28 -0.65 0.28 0.66 0.02 0.76 0.40
6.00 9.94 11.48 -626.26 426.58 -0.86 -0.01 -0.73 0.12 0.98 0.29 0.47
8.00 11.52 -136.86 -430.28 457.46 0.48 0.39 -0.74 0.70 0.07 0.42 0.95
7.00 2.62 -94.72 381.64 -215.03 -0.19 0.07 0.47 0.28 0.57 0.11 0.49
14.00 2.13 312.22 243.41 372.14 -0.51 -0.16 -0.11 0.28 0.85 0.45 1.00
9.00 16.45 445.11 -252.39 -173.99 0.65 0.13 -0.91 0.72 0.11 0.48 0.30
7.00 12.54 -248.43 -133.07 -530.38 0.53 0.63 -0.39 0.35 0.21 0.72 0.38
16.00 60.03 263.92 648.44 46.66 -0.94 0.93 0.10 0.88 0.89 0.29 0.65
7.00 4.49 51.39 748.93 -111.59 0.68 -0.20 0.70 0.68 0.09 0.25 0.47
16.00 61.65 -437.81 446.59 52.83 -0.94 -0.76 0.10 0.77 0.62 0.28 0.22
8.00 1.46 -474.54 586.09 -253.80 0.80 -0.65 -0.80 0.36 0.21 0.45 0.11
14.00 6.10 57.93 -344.55 5.34 0.15 0.56 0.02 0.69 0.70 0.84 0.20
9.00 17.16 206.54 311.71 336.42 0.28 0.88 -0.45 0.54 0.72 0.44 0.54
20.00 92.11 -313.16 468.00 175.39 -0.15 0.23 0.90 0.07 0.19 0.28 0.95
11.00 19.85 -187.92 -519.74 -510.07 -0.25 -0.99 -0.99 0.53 0.62 0.02 0.24
11.00 27.28 188.39 -470.42 524.92 -0.65 -0.75 0.60 0.24 0.71 0.58 0.15
24.00 96.31 -49.06 209.46 335.39 -0.68 0.52 0.61 0.34 0.47 0.37 0.55
10.00 7.16 422.53 309.06 -433.45 0.24 -0.82 0.48 0.98 0.82 0.07 0.90
6.00 7.21 -418.61 -147.74 660.88 0.39 0.13 0.54 0.76 0.98 0.89 0.73
27.00 62.64 502.51 -278.12 -545.64 -0.57 0.47 -0.67 0.20 0.84 0.03 0.41
12.00 32.40 -536.14 20.92 -310.17 0.93 0.90 0.57 0.73 0.64 0.61 0.53
15.00 47.45 336.53 217.62 45.84 -0.57 -0.94 0.95 0.48 0.27 0.95 0.55
11.00 24.00 577.59 -300.82 365.61 0.03 -0.81 -0.14 0.77 0.01 0.90 0.52
14.00 55.20 161.68 -88.37 -170.24 -0.88 -0.45 0.98 0.98 0.92 0.86 0.89
35.00 24.72 -77.21 -550.90 -421.42 0.57 -0.95 0.17 0.53 0.41 0.78 0.92
5.00 1.66 -13.65 115.86 147.63 0.18 0.90 0.17 0.76 0.54 0.11 0.77
16.00 44.55 54.68 611.02 -47.75 -0.54 0.76 -0.82 0.06 0.56 0.04 0.77
6.00 2.62 313.87 510.30 -301.54 -0.23 0.77 0.38 0.75 0.94 0.69 0.05
11.00 7.92 -491.94 -73.05 -565.36 -0.86 0.64 0.48 0.01 0.98 0.93 0.10
5.00 6.91 -551.85 105.70 498.55 -0.21 -0.52 0.26 0.17 0.11 0.70 0.95
8.00 12.22 390.64 174.89 419.42 -0.29 -0.79 0.65 0.55 0.31 0.17 0.42
7.00 9.17 100.61 545.91 249.47 0.18 -0.54 -0.94 0.22 0.65 0.12 0.06
16.00 69.13 259.33 587.77 13.17 0.76 -0.41 -0.57 0.14 0.78 0.24 0.94
6.00 3.26 332.96 328.54 -381.45 0.90 0.05 -0.79 0.86 0.61 0.29 0.07
15.00 33.81 39.28 754.38 -238.96 -0.95 0.06 -0.20 0.54 0.35 0.89 0.02
12.00 37.35 -317.68 360.10 -271.57 0.01 -0.88 -0.67 0.64 0.25 0.96 0.29
17.00 27.43 279.35 24.16 -712.31 0.59 0.31 0.70 0.75 0.64 0.69 0.32
10.00 1.65 429.10 341.53 -217.48 0.07 0.80 0.45 0.60 0.54 0.78 0.46
13.00 42.92 140.94 189.92 506.08 -0.51 0.67 0.01 0.61 0.77 0.04 0.59
19.00 52.55 -224.05 -296.68 -85.79 0.22 0.73 0.25 0.87 0.43 0.63 0.71
26.00 32.44 279.29 538.26 391.06 0.13 0.86 0.38 0.70 0.50 0.81 0.43
5.00 6.66 -128.50 -402.41 385.26 -0.81 -0.86 0.67 0.69 0.75 0.82 0.77
12.00 30.08 -523.51 -79.55 -489.42 -0.40 0.78 -0.61 0.13 0.97 0.48 0.67
6.00 4.22 -159.27 -697.71 -186.20 0.24 -0.97 -0.98 0.51 0.57 0.91 0.60
9.00 9.68 120.83 -168.28 -83.00 0.89 0.55 0.72 0.30 0.43 0.54 0.09
8.00 5.38 5.60 505.54 252.93 -0.59 -0.21 -0.29 0.78 0.34 0.45 0.60
12.00 14.16 632.89 30.34 -250.92 -0.85 -0.13 -0.10 0.36 0.10 0.07 0.46
8.00 16.63 105.08 121.19 251.25 0.58 0.39 -0.85 0.41 0.40 0.76 0.26
14.00 9.46 165.37 284.44 226.01 0.89 -0.09 -0.60 0.96 0.54 0.72 0.98
28.00 87.26 -389.71 -101.23 -426.79 0.14 0.48 0.59 0.53 0.71 0.15 0.12
10.00 6.23 241.96 206.82 383.09 0.26 0.44 -0.66 0.31 0.29 0.32 0.09
30.00 107.89 320.14 -602.03 414.53 -0.10 -0.19 0.04 0.84 0.49 0.82 0.44
7.00 2.67 153.76 120.38 -252.78 -0.63 -0.56 -0.71 0.71 0.99 0.66 0.90
13.00 27.57 -650.12 21.77 116.39 -0.68 -0.95 0.71 0.63 0.10 0.65 1.00
17.00 33.60 705.21 -6.91 -133.31 0.34 0.70 0.90 0.15 0.07 0.73 0.42
24.00 142.52 -365.11 538.69 -291.25 0.65 -0.71 -0.29 0.32 0.74 0.52 0.73
8.00 11.24 -509.92 74.62 -11.48 -0.12 0.80 -0.47 0.98 0.53 0.37 0.98
8.00 3.35 -67.27 -480.74 620.99 0.97 -0.51 -0.76 0.48 0.47 0.04 0.23
13.00 41.87 207.06 478.96 348.85 -0.18 -0.98 0.55 0.16 0.03 0.32 0.99
23.00 40.08 -390.08 619.32 -12.51 -0.38 0.44 -0.27 0.20 0.82 0.48 0.15
7.00 1.72 307.75 596.86 192.43 -0.15 0.79 0.78 0.81 0.71 0.99 0.35
8.00 0.48 269.21 -422.96 199.71 0.77 0.76 0.97 0.60 0.99 0.91 0.03
8.00 15.34 280.29 -121.76 225.85 -0.92 -0.60 0.32 0.07 0.58 0.74 0.16
33.00 116.49 114.36 -673.92 -337.94 -0.45 -0.24 -0.90 0.72 0.65 0.08 0.46
25.00 7.15 496.77 167.02 454.16 0.84 0.53 0.61 0.98 0.12 0.48 0.04
15.00 7.21 45.21 -518.32 204.06 -0.72 0.12 -0.57 0.40 0.85 0.55 0.40
23.00 116.15 273.19 130.58 -303.43 -0.76 0.88 -0.57 0.72 0.05 0.54 0.55
6.00 7.87 -26.04 -22.79 -486.01 -0.72 -0.98 -0.46 0.23 0.82 0.33 0.39
7.00 7.82 -464.25 -101.15 243.08 0.38 -0.40 0.41 0.66 0.71 0.27 0.60
20.00 39.02 173.36 -39.94 -308.46 0.11 0.13 0.96 0.93 0.46 0.57 0.50
14.00 9.61 562.43 218.57 390.07 0.01 0.19 0.73 0.32 0.16 0.98 0.32
9.00 3.68 -75.09 355.34 -120.30 -0.85 0.79 -0.87 0.49 0.77 0.87 0.29
9.00 0.69 221.66 -72.17 236.46 0.43 0.18 -0.85 0.35 0.56 0.44 0.08
8.00 17.64 -367.53 -61.19 559.71 -0.16 -0.49 0.19 0.98 0.09 0.47 0.16
28.00 145.72 -484.65 -135.67 598.41 -0.65 -0.34 0.57 0.15 0.26 0.98 0.34
16.00 75.33 268.14 -193.33 599.91 0.01 -0.81 -0.57 0.77 0.70 0.55 0.94
6.00 1.56 197.17 -453.58 -564.10 0.68 0.93 -0.22 0.36 0.53 0.96 0.42
6.00 9.76 -399.62 6.10 -271.53 0.06 -0.56 0.76 0.81 0.13 0.66 0.99
9.00 11.01 16.76 -250.63 587.30 0.88 -0.93 0.24 0.65 0.43 0.36 0.34
9.00 23.77 -619.60 345.91 36.51 -0.36 0.88 -0.84 0.84 0.79 0.54 0.31
8.00 6.32 618.42 200.04 113.20 -0.66 0.93 0.14 0.79 0.31 0.65 0.08
11.00 5.07 -70.55 -22.96 -192.46 -0.49 0.51 0.00 0.67 0.58 0.56 0.22
6.00 4.49 48.41 -636.20 -429.84 -0.39 0.45 -0.22 0.08 0.37 0.09 0.86
13.00 45.24 -54.81 -548.64 320.34 0.82 -0.25 -0.43 0.68 0.22 0.21 0.66
12.00 8.59 24.98 -560.29 -558.79 0.42 0.54 -0.92 0.32 0.88 0.46 0.93
6.00 4.14 -383.80 -215.27 -336.65 0.35 0.12 0.17 0.97 0.89 0.33 0.88
8.00 13.25 -48.85 -379.11 -130.29 -0.08 0.84 0.23 0.87 0.26 0.71 0.48
13.00 8.83 -508.85 -219.16 -494.72 0.13 -0.04 0.24 0.87 0.28 0.91 0.46
15.00 34.05 -364.89 -246.50 -321.44 -0.23 -0.77 -0.03 0.78 0.36 0.31 0.58
11.00 26.62 387.48 -479.44 215.49 0.69 -0.27 0.54 0.93 0.28 0.13 0.52
5.00 6.81 -562.50 140.19 -43.16 0.58 0.35 0.18 0.22 0.40 0.71 0.16
5.00 4.87 -417.85 -173.21 -551.85 0.62 0.70 0.66 0.86 0.80 0.79 0.77
11.00 3.55 470.01 295.50 569.96 -0.10 0.50 0.03 0.70 0.04 0.93 0.36
7.00 0.38 -464.29 -317.06 -532.28 0.31 -0.01 0.86 0.99 0.00 0.57 0.10
21.00 84.96 -550.11 -358.30 -115.40 0.76 0.30 0.86 0.77 0.10 0.36 0.53
6.00 5.12 -277.62 511.71 -506.00 0.41 -0.14 0.01 0.47 0.25 0.04 0.43
20.00 7.64 629.74 43.70 -199.98 0.71 0.44 -0.77 0.49 0.49 0.93 0.35
19.00 53.85 -530.46 -517.96 -227.97 0.37 0.89 -0.45 0.22 0.53 0.08 0.11
12.00 39.58 -430.99 361.25 249.75 -0.90 -0.68 0.08 0.49 0.71 0.57 0.73
25.00 96.44 -157.21 -492.38 -82.83 0.81 0.85 0.27 0.97 0.05 0.04 0.63
5.00 5.44 -441.40 -348.65 174.01 -0.27 -0.91 -0.48 0.89 0.68 0.67 0.10
7.00 13.01 438.43 434.40 3.72 0.32 -0.47 0.36 0.78 0.46 0.42 0.73
26.00 146.69 -130.35 -446.71 269.26 -0.92 0.03 0.22 0.60 0.64 0.74 0.26
11.00 29.08 -128.48 107.86 -626.61 0.84 0.02 -0.60 0.99 0.97 0.34 0.62
16.00 20.17 -76.01 61.00 -582.78 -0.59 -0.64 0.33 0.94 0.54 0.38 0.94
10.00 27.89 324.83 -244.13 -168.99 -0.57 -0.95 0.57 0.04 0.54 0.72 0.83
13.00 22.34 -6.54 -401.10 265.75 -0.06 -0.82 -0.15 0.60 0.64 0.65 0.56
12.00 3.64 -569.78 -231.62 -37.55 0.11 -0.83 0.38 0.37 0.60 0.98 0.92
13.00 9.80 -215.06 30.56 -203.55 -0.17 -0.17 -0.79 0.52 0.63 0.73 0.32
14.00 56.36 -332.56 355.40 537.23 0.68 0.21 -0.68 0.87 0.82 0.49 0.49
6.00 0.67 -249.27 -354.15 -366.60 0.98 -0.55 0.94 0.95 0.84 0.20 0.36
11.00 33.35 -102.56 -157.58 57.02 0.27 -0.45 -0.70 0.72 0.42 0.35 0.11
17.00 51.73 50.35 -448.41 -599.43 -0.71 0.94 0.83 0.20 0.50 0.97 0.99
6.00 5.95 528.26 -27.67 14.87 -0.96 -0.24 0.41 0.71 0.12 0.02 0.24
30.00 164.39 -356.82 205.63 285.74 0.69 -0.73 0.22 0.59 0.02 0.01 0.72
28.00 128.08 -452.91 244.72 -592.35 -0.17 0.65 -0.69 0.49 0.04 0.30 0.90
9.00 10.48 -434.15 641.10 81.61 -0.17 0.86 -0.48 0.78 0.80 0.98 0.26
19.00 24.10 96.25 69.67 -474.85 -0.81 0.07 0.29 0.91 0.93 0.49 0.94
8.00 3.61 502.51 -166.14 -422.61 0.01 0.52 0.82 0.92 0.13 0.67 0.92
6.00 6.78 720.09 312.67 -48.19 -0.65 0.99 0.35 0.57 0.82 0.34 0.99
27.00 143.27 26.00 137.03 622.16 0.99 -0.05 -0.06 0.32 0.30 0.41 0.47
5.00 2.31 143.36 -107.10 236.64 -0.20 0.91 0.01 0.18 0.48 0.70 0.33
6.00 1.83 174.00 27.32 -664.39 0.02 -0.29 0.69 0.81 0.89 0.91 0.95
11.00 35.62 -507.80 278.22 -99.95 -0.84 -0.01 -0.05 0.39 0.04 0.84 0.42
12.00 23.24 -410.98 -325.06 -412.61 0.61 0.36 0.09 0.22 0.48 0.02 0.82
16.00 19.97 160.02 357.24 -401.18 -0.28 -0.52 -0.03 0.71 0.06 0.66 0.57
7.00 0.55 -174.53 -102.70 -708.24 0.25 0.44 0.40 0.79 0.73 0.19 0.72
7.00 0.60 116.89 -501.29 -95.45 0.50 0.36 0.99 0.69 1.00 0.10 0.54
10.00 28.97 -313.77 -615.56 213.66 -0.81 -0.19 0.94 0.24 0.07 0.94 0.55
11.00 25.53 -107.69 588.10 -365.31 0.35 -0.03 -0.48 0.75 0.38 0.20 0.40
10.00 21.94 -370.86 -269.86 -612.22 0.43 0.21 0.98 0.19 0.74 0.35 0.55
32.00 149.23 -217.72 -61.23 -239.09 0.03 0.51 -0.38 0.57 0.70 0.41 0.65
8.00 3.95 -567.46 17.51 -528.94 0.27 -0.96 -0.75 0.44 0.13 0.48 0.24
8.00 17.67 -157.91 -121.25 394.25 0.73 -0.31 0.04 0.66 0.44 0.76 0.24
8.00 13.56 -158.05 -432.57 163.82 0.47 0.82 -0.53 0.16 0.12 0.83 0.16
10.00 22.82 110.97 498.77 -456.13 0.54 -0.33 0.31 0.77 0.19 0.98 0.01
7.00 0.28 -183.48 197.54 575.73 0.03 -0.63 0.52 0.16 0.89 0.61 0.48
7.00 7.32 278.87 311.45 -488.51 0.43 0.82 -0.53 0.75 0.95 0.57 0.72
29.00 186.68 -179.18 323.72 -363.33 0.56 -0.15 0.11 0.96 0.72 0.95 0.32
5.00 2.50 -463.58 439.37 71.42 0.38 0.81 0.39 0.50 0.71 0.31 0.86
18.00 5.77 599.74 476.41 -84.21 -0.69 0.86 0.88 0.31 0.18 0.79 0.04
9.00 6.46 27.01 247.51 -495.86 -0.06 -0.33 -0.52 0.28 0.82 0.84 0.79
14.00 41.79 -245.54 463.03 282.74 -0.50 0.50 0.25 0.63 0.00 0.07 0.55
6.00 7.15 -158.90 690.48 -254.93 -0.67 0.95 -0.52 0.14 0.57 0.93 0.35
22.00 33.89 -574.75 286.09 -377.88 0.64 -0.02 0.83 0.32 0.67 0.68 0.03
12.00 31.94 601.58 127.92 -311.52 0.31 -0.17 -0.27 0.91 0.81 0.25 0.72
27.00 25.10 368.58 -101.18 245.99 0.32 -0.74 -0.13 0.91 0.00 0.69 0.86
10.00 12.76 -700.16 -203.78 -7.30 0.14 -0.12 -0.36 0.13 0.11 0.77 0.52
11.00 19.69 -366.59 41.85 -291.46 -0.66 -0.88 0.04 0.85 0.06 0.60 0.70
13.00 26.05 588.98 456.72 -152.33 0.31 0.37 -0.80 0.45 0.12 0.85 0.25
15.00 41.45 -136.41 7.45 125.25 -0.87 -0.46 0.79 0.48 0.19 0.45 0.74
15.00 64.01 -211.23 169.81 -471.85 -0.11 0.83 -0.48 0.20 0.21 0.78 0.62
8.00 1.54 -493.02 -291.40 200.12 -0.48 -0.86 0.87 0.85 0.60 0.99 0.17
21.00 106.78 346.03 298.92 374.01 -0.49 0.17 -0.25 0.66 0.39 0.99 0.77
6.00 4.51 162.24 -126.02 680.20 0.53 -0.45 -0.17 0.33 0.13 0.50 0.95
7.00 9.93 374.33 -293.80 -127.88 0.71 0.58 0.55 0.58 0.03 0.65 0.57
12.00 10.58 278.70 690.78 -257.83 -0.90 0.44 0.94 0.54 0.60 0.59 0.04
5.00 1.75 -235.87 163.03 -104.59 -0.07 -0.67 0.36 0.65 0.19 0.08 0.53
7.00 1.21 -684.65 39.43 -152.71 -0.91 0.18 -0.07 0.81 0.49 0.79 0.70
25.00 96.33 562.14 -100.13 320.22 -0.49 0.43 -0.17 0.02 0.92 0.35 0.69
6.00 3.73 470.72 373.84 -33.31 -0.33 -0.83 -0.82 0.24 0.21 0.43 0.73
15.00 14.03 -150.96 368.30 -308.14 0.21 -0.26 -0.26 0.30 0.29 0.63 0.22
17.00 61.56 -49.79 332.02 -184.89 -0.18 -0.21 0.63 0.78 0.21 0.40 0.99
9.00 11.13 -240.19 -379.96 -110.37 -0.23 0.18 0.78 0.07 0.00 0.37 0.92
7.00 5.17 -60.48 -476.68 584.15 0.22 0.45 -0.34 0.18 0.15 0.79 0.22
5.00 7.25 -223.35 -277.66 456.69 -0.35 -0.32 -0.92 0.95 0.65 0.88 0.28
12.00 36.73 276.09 275.65 42.76 0.74 0.17 0.34 0.64 0.34 0.05 0.16
11.00 32.16 -54.81 444.93 205.37 0.04 -0.35 -0.67 0.98 0.39 0.11 0.14
5.00 0.46 534.53 287.28 313.30 0.35 0.58 0.60 0.39 0.84 0.53 0.05
6.00 1.90 307.51 -468.97 51.74 -0.42 -0.62 -0.37 0.31 0.89 0.71 0.37
5.00 5.59 148.48 307.44 -245.03 0.15 0.59 0.10 0.42 0.68 0.84 0.16
8.00 3.02 421.18 -207.46 41.76 0.35 -0.56 -0.77 0.59 0.95 0.44 0.91
6.00 0.34 85.12 605.40 -258.16 0.33 -0.47 0.05 0.87 0.54 0.19 0.05
6.00 9.07 17.43 90.32 -135.96 0.57 -0.85 0.33 0.90 0.99 0.72 0.12
11.00 1.88 255.51 -295.77 578.02 -0.32 0.44 -0.14 0.74 0.25 0.41 0.76
18.00 21.34 -134.42 566.11 212.07 -0.18 0.44 -0.94 0.01 0.07 0.54 0.58
6.00 9.76 472.14 224.89 -118.29 0.33 0.35 0.87 0.03 0.95 0.30 0.93
17.00 77.91 369.22 -329.40 123.39 -0.38 0.35 -0.48 0.11 0.32 0.51 0.54
6.00 5.02 11.39 399.10 3.92 0.33 0.49 -0.28 0.47 0.86 0.82 0.26
6.00 6.73 172.45 -285.20 325.75 -0.05 0.45 0.77 0.86 0.87 0.27 0.22
5.00 4.90 66.63 -277.99 512.50 0.73 -0.07 -0.86 0.64 0.36 0.24 0.39
5.00 4.78 -42.08 476.66 -561.15 0.28 0.26 -0.78 0.38 0.45 0.04 0.24
16.00 42.67 -58.27 -188.64 -523.23 0.79 0.03 0.56 0.30 0.77 0.14 0.66
13.00 10.43 176.30 -506.89 -481.57 0.69 0.17 0.79 0.02 0.56 0.50 0.90
23.00 103.89 -257.25 -118.92 -672.79 -0.46 -0.06 -0.87 0.17 0.35 0.75 0.69
23.00 38.21 68.13 505.40 126.51 0.14 0.17 -0.76 0.24 0.67 0.51 0.18
15.00 53.98 -151.77 4.38 575.54 0.90 -0.18 -0.53 0.60 0.30 0.45 0.50
36.00 41.19 -63.44 664.78 95.36 -0.74 -0.22 0.60 0.94 0.26 0.84 0.05
13.00 37.22 -168.72 52.41 -518.32 0.67 -0.76 -0.38 0.53 0.82 0.39 0.46
6.00 0.69 202.98 -511.89 -306.56 0.40 0.36 -0.54 0.72 0.91 0.16 0.94
15.00 63.60 272.42 -346.81 -219.42 0.57 -0.14 0.28 0.75 0.87 0.47 0.17
14.00 36.96 34.20 -365.66 -523.74 -0.16 -0.83 0.48 0.60 0.38 0.24 0.67
7.00 3.46 190.77 -542.14 138.32 -0.23 -0.10 -0.88 0.30 0.24 0.69 0.25
30.00 266.15 -335.16 521.76 353.68 -0.59 0.13 -0.72 0.87 0.47 0.05 0.11
23.00 84.75 -188.91 -213.61 -701.14 0.96 -0.00 -0.56 0.93 0.88 0.36 0.75
31.00 123.80 768.35 -64.33 93.96 0.17 -0.11 0.84 0.02 0.30 0.51 0.13
20.00 44.49 315.58 -63.98 -150.02 0.51 0.53 -0.04 0.57 0.72 0.00 0.43
27.00 67.49 -220.64 128.66 -511.10 0.30 0.92 0.52 0.62 0.89 0.40 0.98
18.00 59.12 -490.90 -337.76 432.87 0.75 -0.58 0.17 0.94 0.68 0.57 0.53
5.00 3.30 3.31 -121.17 154.21 0.78 0.55 0.73 0.93 0.06 0.77 0.93
12.00 36.08 275.57 -383.88 612.97 -0.79 0.09 0.05 0.55 0.26 0.74 0.16
5.00 1.41 608.79 241.62 -421.06 0.93 0.19 -0.49 0.04 0.21 0.34 0.70
5.00 2.85 -145.36 704.31 -78.16 -0.46 -0.40 -0.49 0.85 0.81 0.36 0.41
10.00 26.06 39.83 -47.19 -248.56 -0.93 -0.95 -0.30 0.17 0.64 0.08 0.66
5.00 2.56 465.47 320.58 564.54 0.29 0.40 -0.39 0.62 0.76 0.86 0.29
19.00 50.80 -315.96 435.26 -505.53 0.02 0.82 -0.82 0.90 0.77 0.71 0.01
6.00 6.61 308.95 495.52 170.57 -0.84 0.91 0.98 0.09 0.09 0.71 0.14
5.00 2.50 467.09 -521.28 200.39 0.04 -0.11 -0.88 0.11 0.40 0.73 0.06
6.00 3.34 281.08 -120.58 -262.97 -0.96 -0.86 0.15 0.17 0.16 0.79 0.17
9.00 20.12 159.41 -85.72 -513.73 -0.39 0.69 -0.92 0.56 0.48 0.36 0.57
8.00 10.77 434.47 474.88 379.68 0.06 -0.58 -0.28 0.58 0.22 0.85 0.21
11.00 30.41 -263.03 7.31 -737.89 -0.40 0.83 0.64 0.12 0.75 0.57 0.70
10.00 16.02 -29.19 -333.24 432.66 0.97 0.87 0.04 0.67 0.32 0.08 0.02
9.00 11.06 -321.09 337.90 -413.48 -0.05 0.33 0.87 0.91 0.73 0.98 0.15
20.00 21.27 391.18 56.58 -339.15 0.63 0.30 -0.45 0.33 0.19 0.82 0.83
15.00 16.39 -642.88 -179.23 -13.20 -0.04 0.10 0.31 0.77 0.27 0.27 0.48
10.00 6.10 522.38 -157.53 -210.03 0.46 -0.42 0.11 0.78 0.72 0.98 0.19
11.00 32.33 525.72 -269.29 -403.70 0.78 -0.41 0.92 0.93 0.98 0.23 0.91
9.00 10.96 395.04 219.23 116.05 0.85 -0.11 0.71 0.85 0.58 0.31 0.70
6.00 9.84 -163.12 276.89 -472.49 0.22 0.48 0.33 0.90 0.64 0.05 0.48
10.00 21.37 -360.95 613.17 -172.83 0.60 -0.11 -0.18 0.90 0.98 0.31 0.49
6.00 1.91 -446.29 241.32 194.60 0.47 0.48 -0.08 0.76 0.33 0.38 0.23
16.00 40.88 255.13 -328.92 -412.94 -0.23 -0.35 0.43 0.73 0.14 0.67 0.34
5.00 4.10 -673.12 -99.63 -152.67 -0.68 -0.26 -0.66 0.85 0.10 0.98 0.13
27.00 207.14 -179.53 55.17 -35.19 0.42 0.81 -0.02 0.45 0.03 0.14 0.30
5.00 6.86 -27.47 -416.45 262.20 0.70 -0.34 0.13 0.27 0.16 0.05 0.87
9.00 18.59 216.38 -526.83 130.25 -0.07 0.47 0.19 0.47 0.53 0.36 0.35
7.00 14.01 761.22 165.32 13.34 -0.82 0.26 -0.72 0.22 0.11 0.84 0.38
11.00 17.45 -432.05 -46.46 -603.52 -0.18 0.20 0.43 0.84 0.55 0.34 1.00
17.00 78.56 -534.28 216.09 -115.67 -0.95 0.89 -0.25 0.48 0.29 0.08 0.55
7.00 3.82 -400.09 111.06 -395.11 -0.20 -0.63 -0.53 0.67 0.20 0.33 0.47
20.00 6.26 -0.05 475.71 20.91 0.45 0.25 -0.44 0.57 0.05 0.23 0.44
6.00 7.04 555.87 -43.61 508.74 -0.31 -0.30 0.02 0.55 0.53 0.40 0.53
21.00 18.31 82.38 -562.40 502.00 0.11 -0.41 -0.75 0.13 0.17 0.84 0.70
12.00 25.53 137.30 559.39 91.04 -0.23 0.44 -0.84 0.80 0.77 0.22 0.04
11.00 1.36 512.67 -313.29 -382.35 -0.46 -0.66 0.68 0.02 0.40 0.34 0.98
25.00 31.53 638.15 -4.44 -98.54 0.61 -0.52 0.08 0.43 0.52 0.41 0.17
10.00 5.45 -90.72 -185.81 -470.82 -0.12 0.54 0.43 0.99 0.92 0.03 0.75
9.00 9.12 196.05 448.49 -178.58 -0.46 -0.56 -0.86 0.01 0.56 0.82 0.08
14.00 39.10 510.08 479.88 256.19 -0.06 0.77 -0.09 0.56 0.91 0.96 0.72
5.00 6.70 292.76 339.86 -474.66 0.97 -0.12 -0.40 0.05 0.49 0.28 0.73
34.00 261.40 -65.82 82.45 626.53 0.26 0.62 0.96 0.38 0.91 0.75 0.39
13.00 43.67 309.79 222.49 212.55 0.77 0.42 0.33 0.16 0.41 0.04 0.67
12.00 13.91 532.65 352.77 54.42 -0.81 -0.70 0.92 0.41 0.71 0.24 0.54
5.00 6.46 310.22 138.34 -279.01 -0.16 -0.43 -0.63 0.46 0.05 0.82 0.77
5.00 5.58 -245.30 680.35 -130.14 -0.39 0.34 0.73 0.64 0.56 0.29 0.38
15.00 16.32 279.35 733.28 124.20 -0.44 -0.53 0.93 0.34 0.42 0.11 0.57
32.00 91.56 576.77 374.75 347.92 -0.79 0.08 -0.05 0.27 0.99 0.82 0.22
19.00 8.77 -338.57 314.14 -68.56 0.78 0.12 -0.38 0.28 0.91 0.09 0.84
6.00 9.15 -218.63 498.29 -38.83 0.03 0.08 -0.95 0.41 0.36 0.27 0.73
5.00 6.60 507.96 226.38 -208.61 0.40 0.13 0.10 0.86 0.62 0.84 0.38
9.00 9.84 -277.26 115.24 59.54 0.73 -0.26 0.11 0.34 0.27 0.66 0.30
8.00 11.17 108.90 668.20 -424.37 0.84 -0.01 -0.60 0.47 0.99 0.20 0.94
10.00 4.80 666.20 44.85 -12.33 -0.62 0.44 -0.75 0.25 0.23 0.57 0.85
15.00 32.53 655.19 -33.13 -133.14 0.12 -0.44 -0.01 0.79 0.39 0.52 0.50
13.00 12.60 292.24 369.93 580.82 -0.20 0.93 0.79 0.59 0.96 0.98 0.28
18.00 71.79 96.34 -110.33 -416.39 -0.83 0.10 0.79 0.65 0.45 0.77 0.09
5.00 5.25 135.81 -230.74 -374.96 -0.54 0.52 0.15 0.44 0.85 0.55 0.16
7.00 13.47 27.47 751.89 -126.25 0.02 0.71 0.08 0.67 0.01 0.70 0.07
12.00 37.38 273.71 344.35 122.56 -0.70 0.59 0.28 0.85 0.73 0.98 0.97
12.00 41.07 -591.99 175.10 84.15 0.40 0.30 -0.47 0.40 0.63 0.99 0.56
14.00 40.50 506.11 -200.23 403.15 0.17 -0.50 -0.05 0.23 0.96 0.59 0.26
17.00 47.69 -302.30 384.06 207.63 0.01 0.04 -0.81 0.01 0.05 0.82 0.20
16.00 61.80 -95.83 -499.73 -381.15 0.97 -0.36 0.80 0.76 0.03 0.29 0.70
33.00 104.09 127.47 -455.80 -529.93 0.79 -0.73 -0.42 0.45 0.21 0.68 0.33
5.00 2.88 500.55 504.03 -367.52 -0.51 -0.99 -0.87 0.48 0.38 0.37 0.06
5.00 2.73 -195.45 220.14 295.70 0.51 -0.77 -0.73 0.97 0.72 0.85 0.66
10.00 11.04 -32.67 227.83 -615.48 -0.55 0.94 0.95 0.48 0.40 0.98 0.87
6.00 1.65 -554.87 162.36 -413.46 -0.69 0.70 -0.06 0.06 0.16 0.61 1.00
10.00 14.52 -151.41 206.35 -76.55 -0.70 -0.46 -0.07 0.49 0.55 0.82 0.39
14.00 3.62 -292.37 595.45 -345.70 0.67 0.99 0.69 0.92 0.79 0.26 0.59
9.00 9.21 369.06 59.12 63.17 0.29 -0.76 -0.93 0.82 0.03 0.60 0.31
5.00 6.19 -57.39 -552.30 200.68 -0.82 0.73 0.51 0.90 0.77 0.67 0.94
25.00 101.53 8.16 -792.81 58.32 0.09 0.30 -0.50 0.61 0.23 0.28 0.03
8.00 3.54 -401.41 61.91 -363.48 -0.90 -0.89 -0.78 0.82 0.75 0.21 0.47
14.00 57.83 -449.02 -46.56 83.06 0.70 0.67 0.12 0.80 0.27 0.56 0.89
10.00 1.37 -241.71 259.52 -627.65 -0.15 0.86 -0.18 0.82 0.21 0.25 0.19
14.00 25.39 -348.19 -498.24 -418.00 -0.67 0.96 -0.30 0.67 0.62 0.36 0.94
11.00 11.86 476.99 -357.80 435.30 0.55 0.03 -0.18 0.46 0.80 0.29 0.53
7.00 11.73 740.42 40.33 -255.19 0.53 -0.59 0.24 0.07 0.48 0.52 0.40
8.00 1.46 -92.36 75.70 -311.65 -0.47 0.62 0.13 0.87 0.08 0.19 0.43
15.00 35.74 -443.51 -516.11 202.42 0.36 -0.81 0.85 0.09 0.01 0.66 0.59
26.00 121.18 -325.19 13.09 -728.79 0.99 0.94 -0.50 0.31 0.57 0.13 0.07
23.00 52.29 -344.05 -128.17 -629.51 -0.62 0.96 0.70 0.40 0.49 0.96 0.53
12.00 33.43 -477.17 336.70 -239.37 0.14 0.71 0.33 0.70 0.75 0.86 0.01
15.00 51.44 708.38 237.11 267.59 0.79 0.19 0.67 0.94 0.78 0.05 0.21
8.00 6.80 336.22 436.08 -547.00 0.48 -0.57 0.58 0.50 0.65 0.42 0.07
24.00 26.78 304.53 397.11 -158.89 0.52 -0.16 0.48 0.64 0.79 0.96 0.34
5.00 6.77 -441.06 329.96 -336.09 -0.46 0.73 0.12 0.30 0.18 0.32 0.73
17.00 69.74 -383.77 -444.75 -131.16 0.22 -0.99 0.66 0.11 0.34 0.03 0.51
18.00 18.17 757.56 118.64 158.56 0.02 0.01 -0.48 0.94 0.87 0.93 0.25
8.00 11.47 584.77 34.72 323.24 -0.10 0.89 -0.28 0.90 0.09 0.36 0.01