6.00 1332
24.00 142.88 32.73 14.99 662.59 -0.43 -0.93 -0.62 0.37 0.07 0.57 0.22
8.00 4.73 -246.89 -78.52 -442.11 0.19 -0.67 -0.74 0.78 0.15 0.09 0.94
6.00 4.24 15.10 612.08 213.30 -0.17 -0.51 0.43 0.09 0.26 0.51 0.94
7.00 12.03 -7.34 -466.68 249.31 -0.22 0.34 -0.46 0.50 0.95 0.76 0.26
8.00 8.12 -440.49 -276.52 -74.54 -0.95 -0.15 -0.26 0.40 0.41 0.62 0.34
39.00 50.74 -221.40 -232.47 425.93 -0.86 -0.41 -0.79 0.00 0.79 0.77 0.70
15.00 3.12 -118.30 -621.01 167.29 0.99 -0.56 -0.67 0.62 0.74 0.37 0.43
11.00 17.00 165.33 -616.74 295.54 -0.31 0.66 -0.01 0.27 0.29 0.45 0.80
8.00 15.91 364.81 410.33 314.92 0.05 0.28 -0.07 0.83 0.04 0.03 0.37
13.00 1.84 -66.70 294.81 -592.40 -0.44 0.87 -0.99 0.35 0.13 0.54 0.73
7.00 10.05 60.48 81.25 492.39 -0.55 0.71 0.23 0.03 0.23 0.32 0.47
15.00 61.33 64.57 -789.29 -55.10 0.15 -0.58 0.13 0.77 0.28 0.03 0.36
26.00 58.99 181.01 -388.60 243.92 0.94 0.64 0.61 0.48 0.99 0.48 0.63
7.00 13.33 71.87 -684.05 -252.01 -0.08 0.40 0.04 0.61 0.19 0.16 0.41
5.00 1.43 -177.70 -27.48 -31.33 -0.56 0.67 0.21 0.08 0.31 0.54 0.69
6.00 5.61 -753.89 -131.70 76.63 -0.61 -0.52 0.41 0.52 0.55 0.20 0.41
10.00 7.12 -583.07 -25.70 34.43 -0.84 -0.65 -0.46 0.80 0.29 0.41 0.10
11.00 27.06 537.52 378.80 185.42 0.27 -0.92 0.47 0.13 0.18 0.05 0.56
10.00 10.06 -160.83 -208.11 363.06 -0.33 0.88 0.07 0.26 0.64 0.44 0.59
5.00 0.03 239.14 -132.21 341.83 -0.41 -0.74 0.23 0.03 0.31 0.59 0.98
13.00 38.59 -314.78 -619.27 245.65 0.57 -0.02 0.81 0.20 0.79 0.42 0.74
14.00 18.08 -49.69 -10.12 -757.15 0.34 -0.64 0.05 0.22 0.98 0.48 0.50
9.00 15.56 251.68 -729.29 -169.61 -0.21 -0.07 0.20 0.68 0.90 0.96 0.95
5.00 5.56 -163.65 -375.45 522.97 -0.36 0.45 -0.16 0.42 0.26 0.81 0.53
9.00 5.52 -338.26 79.71 -78.80 0.49 -0.91 0.06 0.79 0.92 0.60 0.33
6.00 3.08 107.95 -280.03 658.96 0.11 -0.99 0.08 0.87 0.09 0.70 0.49
6.00 4.41 323.95 -483.11 -389.24 0.39 -0.79 -0.59 0.49 0.02 0.93 0.05
14.00 46.33 -541.60 344.40 417.90 -0.72 -0.24 -0.98 0.53 0.55 0.27 0.86
9.00 14.98 -102.22 8.69 748.91 0.19 0.33 -0.88 0.02 0.75 0.52 0.33
7.00 3.35 -3.19 -595.63 -292.75 0.25 0.32 0.07 0.49 0.70 0.07 0.75
28.00 152.38 385.86 56.79 348.32 -0.08 0.07 -0.42 0.45 0.11 0.75 0.44
10.00 17.18 112.98 -422.28 -191.57 -0.80 -0.11 -0.94 0.58 0.60 0.90 0.39
11.00 0.08 -77.80 222.83 -76.68 -0.93 0.53 0.83 0.04 0.11 0.95 0.61
36.00 44.59 297.92 -459.94 -462.63 -0.72 -0.63 -0.28 0.98 0.64 0.48 0.73
13.00 42.37 -277.46 -154.87 -404.23 0.89 -0.88 -0.84 0.31 0.54 0.40 0.98
6.00 4.47 -345.43 367.85 426.09 0.88 -0.33 0.94 0.24 0.08 0.84 0.82
9.00 15.64 226.21 -346.28 10.22 0.79 -0.83 0.64 0.62 0.61 0.92 0.92
36.00 120.95 -74.98 342.56 -299.67 -0.97 -0.90 0.38 0.73 0.22 0.76 0.88
15.00 59.95 -537.02 -391.01 335.32 -0.67 -0.03 0.61 0.44 0.08 0.42 0.72
12.00 20.04 -8.07 109.85 -108.51 0.79 0.05 -0.82 0.23 0.82 0.46 0.85
14.00 23.16 95.86 -398.63 -444.21 -0.80 0.85 0.85 0.21 0.65 0.87 0.90
7.00 1.54 632.79 -111.25 -390.85 -0.29 -0.03 0.18 0.81 0.28 0.41 0.12
6.00 5.33 265.76 -312.41 -273.98 0.67 0.33 0.02 0.94 0.78 0.55 0.70
11.00 7.95 -406.39 -496.07 -181.30 1.00 0.98 -0.98 0.92 0.97 0.03 0.88
7.00 1.69 -675.02 63.11 -263.46 0.56 0.68 0.69 0.89 0.28 0.69 0.55
6.00 8.83 401.23 -274.87 -125.48 -0.64 -0.80 -0.71 0.23 0.22 0.26 0.89
10.00 13.17 -450.30 602.59 -206.04 -0.51 0.79 -0.49 0.16 0.82 0.00 0.99
11.00 23.88 -38.03 -387.55 -92.02 0.61 0.85 -0.06 0.49 0.72 0.44 0.36
5.00 4.58 414.76 73.48 -335.35 -0.19 0.81 -0.65 0.31 0.95 0.07 0.14
6.00 1.84 -596.25 484.62 56.85 0.57 -0.49 0.96 0.65 0.11 0.80 0.46
10.00 13.59 237.94 425.44 -510.09 -0.73 -0.10 0.03 0.67 0.04 0.27 0.76
11.00 3.11 -258.64 -322.98 293.20 -0.03 -0.26 0.94 0.68 0.73 0.48 0.31
7.00 3.90 132.58 -385.33 -672.84 0.68 -0.79 -0.83 0.24 0.17 0.06 0.21
5.00 3.21 387.84 -519.34 54.79 0.21 0.30 0.26 0.95 0.23 0.20 0.54
6.00 0.53 -337.41 446.27 -112.68 -0.50 -0.33 -0.39 0.50 0.19 0.20 0.18
5.00 1.63 -28.49 -497.16 472.12 -0.72 0.09 -0.50 0.34 0.98 0.39 0.95
8.00 11.39 -384.23 -66.47 -326.68 0.11 0.51 0.08 0.58 0.47 0.09 0.80
24.00 31.62 266.13 -325.07 354.87 0.88 -0.30 -0.59 0.08 0.92 0.89 0.57
6.00 0.11 -542.53 -158.20 447.99 0.19 0.79 0.98 0.64 0.25 0.90 0.12
12.00 13.50 66.91 150.43 684.90 -0.33 0.81 0.42 0.40 0.49 0.44 0.04
11.00 13.88 -510.77 336.06 -41.08 -0.03 -0.47 -0.36 0.16 0.55 0.38 0.69
6.00 7.91 570.46 484.72 196.25 -0.85 -0.56 -0.48 0.86 0.39 0.64 0.49
8.00 16.12 176.45 -250.96 453.93 0.97 -0.48 0.75 0.04 0.03 0.73 0.57
13.00 34.14 -251.52 -236.57 587.99 0.59 0.66 0.86 0.74 0.01 0.84 0.33
12.00 31.23 -501.03 218.47 540.14 0.14 -0.06 0.14 0.87 0.45 0.00 0.74
13.00 42.53 309.79 222.49 212.55 0.19 0.99 -0.50 0.35 0.39 0.48 0.63
5.00 5.89 -479.25 510.67 199.72 0.63 0.67 0.44 0.84 0.98 0.43 0.32
5.00 0.66 -158.56 211.41 373.20 0.94 -0.23 0.94 0.26 0.08 0.52 0.13
6.00 4.52 222.02 295.76 -589.20 0.60 0.93 0.27 0.94 0.07 0.40 0.79
7.00 4.63 64.69 707.25 -203.25 -0.40 -0.83 0.26 0.28 0.61 0.04 0.24
9.00 7.98 150.00 193.87 -732.78 -0.92 -0.47 -0.82 0.25 0.77 0.14 0.35
22.00 87.84 -286.72 -572.50 184.51 0.51 -0.67 0.44 0.79 0.28 0.26 0.82
8.00 11.56 477.43 -353.44 -215.06 0.48 -0.44 -0.30 0.33 0.84 0.75 0.06
22.00 74.17 -218.36 224.31 -339.77 -0.91 0.94 0.10 0.82 0.61 0.73 0.48
10.00 8.38 98.53 160.25 200.85 0.82 0.21 0.25 0.85 0.57 0.36 0.93
10.00 5.28 -715.67 117.14 265.90 0.85 0.88 -0.11 0.20 0.36 0.97 0.67
16.00 36.95 572.65 -480.65 -30.15 0.31 0.63 0.80 0.57 0.74 0.80 0.95
14.00 42.48 412.82 140.44 43.22 -0.37 -0.27 -0.58 0.39 0.37 0.78 0.34
7.00 10.42 -307.84 685.95 11.18 0.35 0.45 -0.20 0.28 0.34 0.25 0.43
11.00 15.00 9.86 446.23 36.39 -0.37 -0.23 -0.31 0.07 0.74 0.04 0.49
6.00 8.42 150.53 -496.06 352.28 -0.70 0.84 0.50 0.15 0.31 0.30 0.19
10.00 24.79 648.52 321.77 -339.93 0.87 -0.61 -0.54 0.36 0.33 0.17 0.72
15.00 50.37 102.56 709.98 -113.19 -0.33 -0.99 0.67 0.66 0.41 0.92 0.21
7.00 11.06 128.65 678.74 15.93 -0.93 0.55 -0.56 0.86 0.41 0.16 0.57
15.00 61.17 -101.21 -483.83 -509.71 -0.31 0.45 -0.36 0.40 0.15 0.81 0.67
17.00 1.50 120.00 -696.92 -142.84 -0.97 0.69 -0.80 0.83 0.62 0.82 0.64
16.00 32.49 21.52 -275.79 -24.68 -0.05 -0.31 0.82 0.67 0.70 0.66 0.08
12.00 30.11 222.07 470.11 -229.13 -0.61 -0.52 -0.89 0.44 0.87 0.25 0.50
10.00 21.92 -106.48 -642.59 199.18 -0.49 0.07 -0.30 0.95 0.87 0.50 0.10
21.00 52.02 -566.30 -132.04 -108.44 -0.92 0.91 0.12 0.97 0.34 0.67 0.66
5.00 3.04 510.57 -603.84 -49.23 0.22 -0.68 0.26 0.37 0.30 0.54 0.64
10.00 8.55 -417.17 -503.59 82.45 0.27 0.12 0.05 0.88 0.55 0.88 0.75
35.00 115.69 -320.51 -318.45 -232.65 0.50 0.25 0.91 0.04 0.82 0.37 0.84
7.00 7.91 -132.37 648.75 343.83 -0.63 -0.09 -0.65 0.85 0.18 0.44 0.99
10.00 0.05 -39.38 -566.41 505.95 -0.95 0.28 -0.95 0.88 0.84 0.38 0.59
7.00 0.24 -129.77 335.51 -309.69 -0.71 -0.31 -0.64 0.66 0.65 0.21 0.36
14.00 52.74 192.06 -199.93 266.23 -0.58 -0.70 -0.70 0.15 0.48 0.25 0.86
9.00 7.55 -47.84 609.36 185.77 -0.64 -0.74 0.09 0.10 0.63 0.74 0.70
18.00 23.57 363.31 74.25 507.98 -0.70 -0.50 0.50 0.77 0.06 0.01 0.48
10.00 23.32 -460.88 -390.93 14.24 0.91 0.61 0.23 0.94 0.76 0.90 0.59
9.00 17.85 -656.33 2.96 -357.59 -0.25 -0.74 0.39 0.85 0.24 0.70 0.37
17.00 2.28 -278.28 -76.21 -579.31 0.08 -0.33 0.40 0.18 0.94 0.23 0.34
8.00 16.92 92.11 -749.28 87.55 -0.04 -0.82 -0.95 0.37 0.95 0.91 0.07
7.00 11.63 515.72 -423.68 -84.67 0.95 -0.89 -0.13 0.95 0.32 0.36 0.62
19.00 75.60 -239.91 193.14 -403.60 -0.42 0.56 -0.71 1.00 0.17 0.63 0.80
9.00 21.59 121.85 256.25 709.51 0.30 0.09 0.18 0.94 0.77 0.09 0.03
24.00 47.31 524.54 557.61 115.18 0.94 0.82 0.83 0.19 0.48 0.46 0.08
8.00 12.18 624.01 313.16 184.10 -0.62 0.13 -0.82 0.78 0.94 0.78 0.33
6.00 4.50 119.21 -229.46 -557.40 0.27 -0.30 0.81 0.61 0.29 0.48 0.13
11.00 16.90 167.84 -355.28 -108.15 0.81 -0.49 -0.64 0.70 0.25 0.47 0.42
10.00 3.11 243.45 309.92 316.35 -0.26 0.70 -0.13 0.37 0.59 0.80 0.40
22.00 74.40 -194.18 292.58 657.55 -0.81 -0.41 0.69 0.42 0.62 0.43 0.16
11.00 23.10 -485.00 375.72 343.09 -0.03 -0.13 -0.88 0.47 0.35 0.98 0.25
15.00 32.56 -597.35 80.05 -311.42 -0.22 0.10 0.21 0.78 0.66 0.39 0.57
7.00 3.23 -555.45 -156.21 224.34 0.49 0.94 -0.63 0.57 0.21 0.54 0.56
17.00 28.59 -493.73 228.24 585.41 -0.91 -0.98 0.70 0.29 0.96 0.29 0.24
14.00 6.40 649.28 276.21 -196.12 -0.92 0.20 0.62 0.10 0.73 0.06 0.66
31.00 241.09 709.11 -156.39 -205.40 -0.83 0.26 -0.32 0.01 0.54 0.57 0.77
15.00 26.00 523.32 -336.36 -326.89 -0.44 0.54 -0.03 0.41 0.48 0.73 0.43
5.00 4.72 -551.85 105.70 498.55 0.29 0.29 -0.88 0.59 0.92 0.81 0.38
13.00 20.46 -211.59 8.26 -416.71 0.63 -0.45 -0.82 0.75 0.74 0.96 0.23
21.00 61.79 65.42 404.65 -75.86 -0.20 -0.44 0.30 0.79 0.45 0.89 0.53
14.00 20.41 -381.76 -395.93 213.08 -0.23 -0.62 -0.57 0.05 0.64 0.45 0.76
7.00 8.62 -350.85 -157.06 104.63 0.25 -0.87 0.50 0.55 0.92 0.43 0.84
28.00 202.40 -759.29 -210.15 -124.18 -0.90 -0.63 -0.06 0.29 0.48 0.52 0.81
7.00 11.41 53.13 -756.17 -62.49 -0.66 0.95 -0.28 0.05 0.18 0.13 0.20
13.00 27.10 524.89 478.95 -53.72 -0.61 -0.50 -0.78 0.38 0.94 0.07 0.12
15.00 46.02 -239.01 561.45 -23.62 -0.36 0.22 -0.45 0.21 0.26 0.21 0.12
31.00 193.68 -47.33 407.76 -210.41 -0.78 0.29 0.05 0.61 0.38 0.85 0.51
18.00 74.39 461.79 90.82 -565.37 -0.37 -0.27 0.65 0.20 0.32 0.89 0.31
5.00 3.11 -550.53 -22.54 -1.31 -0.17 0.29 0.66 0.24 0.17 0.37 0.43
17.00 58.82 -519.66 -484.57 367.04 -0.94 -0.69 -0.45 0.16 0.55 0.61 0.05
5.00 0.30 29.82 262.52 -404.70 -0.20 0.45 0.04 0.34 0.43 0.64 0.59
10.00 10.87 333.55 162.24 -3.07 -0.58 0.37 0.59 0.02 0.25 0.72 0.20
8.00 1.17 541.00 -334.62 -46.18 -0.56 -0.99 0.32 0.48 0.56 0.13 0.37
10.00 8.56 -234.13 427.02 -79.85 -0.74 -0.30 -0.86 0.72 0.05 0.52 0.03
18.00 41.48 -480.72 162.52 -33.92 -0.72 0.36 -0.39 0.43 0.27 0.60 0.30
17.00 22.81 -53.04 328.75 -231.96 0.34 0.82 0.19 0.78 0.52 0.12 0.36
9.00 2.39 -341.82 -208.71 -682.24 0.99 -0.34 -0.84 0.47 0.90 0.77 0.99
16.00 23.31 -228.75 -469.70 -509.49 0.29 -0.03 0.83 0.53 0.33 0.18 0.67
12.00 1.52 -286.92 54.17 -321.81 0.61 0.58 0.53 0.28 0.55 0.77 0.10
17.00 72.63 326.51 175.54 121.84 0.80 -0.59 -0.90 0.00 0.01 0.41 0.29
6.00 3.22 -274.19 17.11 235.77 -0.76 -0.84 0.88 0.26 0.07 0.15 0.75
13.00 35.92 -386.31 69.40 -295.39 0.13 0.26 -0.81 0.46 0.22 0.36 0.57
8.00 7.02 -27.18 -607.95 -12.56 0.53 0.47 -0.61 0.94 0.58 0.10 0.31
5.00 3.86 -245.96 -428.67 298.28 -0.94 0.95 -0.38 0.90 0.54 0.75 0.02
7.00 1.65 236.54 -586.31 325.68 0.76 -0.47 0.94 0.18 0.62 0.77 0.95
9.00 9.30 224.81 -221.51 701.97 -0.77 0.63 -0.18 0.63 0.40 0.62 0.16
6.00 3.45 -479.05 -335.42 -21.07 0.39 -0.82 -0.33 0.57 0.55 0.74 0.87
5.00 0.01 -304.93 -512.52 -166.92 0.59 0.56 -0.46 0.55 0.40 0.73 0.06
12.00 31.46 -542.49 -432.88 312.67 -0.16 -0.29 0.86 0.70 0.06 0.99 0.15
12.00 1.95 -627.46 -117.81 76.21 -0.97 0.39 -0.51 0.26 0.10 0.24 0.48
25.00 139.92 -297.60 -83.05 -401.14 -0.31 0.54 0.17 0.81 0.59 0.33 0.73
12.00 22.79 95.91 -471.71 491.32 0.09 -0.71 -0.38 0.85 0.19 0.88 0.60
9.00 5.93 167.25 -38.42 460.30 0.02 -0.97 0.45 0.12 0.86 0.15 0.78
9.00 14.66 -513.26 -91.94 43.50 0.92 0.77 0.75 0.12 0.52 0.09 0.57
8.00 0.19 670.70 26.68 72.58 0.70 -0.46 0.34 0.28 0.63 0.74 0.60
30.00 19.07 -263.36 -514.78 281.30 0.50 -0.32 -0.32 0.46 0.20 0.51 0.75
7.00 0.80 82.63 -74.94 26.82 0.96 -0.94 -0.49 0.92 0.60 0.18 0.35
12.00 25.27 446.44 164.35 333.29 0.87 -0.51 -0.96 0.20 0.55 0.63 0.41
9.00 2.57 478.43 105.13 117.57 0.72 0.38 0.51 0.25 0.52 0.37 0.66
25.00 87.37 115.25 -322.00 -631.63 -0.68 -0.31 0.18 0.66 0.41 0.07 0.53
9.00 11.36 -274.67 -319.34 517.43 -0.40 -0.98 0.88 0.94 0.07 0.31 0.94
6.00 1.10 -68.91 -127.35 149.39 -0.11 -0.90 0.78 0.70 0.30 0.93 0.65
5.00 0.54 33.44 403.84 -78.13 0.86 -0.07 -0.83 0.42 0.95 0.45 0.37
16.00 12.45 414.68 134.06 -437.76 -0.62 -0.41 -0.77 0.69 0.47 0.59 0.35
37.00 282.67 -392.14 -108.81 -292.70 0.56 -0.83 -0.44 0.04 0.84 0.36 0.45
13.00 19.92 -84.03 215.12 232.07 0.49 0.76 -0.22 0.01 0.80 0.71 0.99
5.00 5.42 -381.35 192.11 437.62 0.53 0.83 0.04 0.83 0.37 0.75 0.57
18.00 48.19 -367.68 159.39 -430.19 0.15 -0.96 0.18 0.29 0.03 0.57 0.84
6.00 0.14 -244.23 324.01 336.34 0.79 0.44 -0.53 0.80 0.06 0.76 0.17
7.00 8.12 453.70 -152.94 -427.80 -0.47 0.27 -0.81 0.87 0.74 0.10 0.86
6.00 0.34 -190.20 -626.00 -311.13 0.55 0.60 -0.56 0.26 0.13 0.95 0.92
12.00 18.43 -21.37 657.69 305.75 -0.89 -0.90 0.08 0.30 0.62 0.36 0.70
12.00 16.81 359.73 -598.57 271.95 0.67 -0.07 0.96 0.65 0.25 0.37 0.83
12.00 17.47 37.10 -194.36 -248.43 -0.95 -0.33 0.78 0.98 0.38 0.50 0.45
9.00 4.99 326.68 287.95 -178.01 -0.27 -0.02 0.88 0.63 0.02 0.66 0.16
20.00 9.37 -380.52 226.23 602.09 -0.23 -0.78 -0.99 0.04 0.59 0.18 0.84
24.00 17.74 -422.53 -293.86 253.32 -0.07 -0.90 0.30 0.77 0.76 0.41 0.51
25.00 90.89 -297.46 -462.13 -351.89 0.18 0.44 0.35 0.81 0.06 0.27 0.73
13.00 31.56 595.42 264.10 367.02 -0.48 0.50 0.54 0.85 0.07 0.83 0.74
8.00 16.86 -27.25 -116.79 -623.28 -0.83 -0.20 0.57 0.88 0.55 0.51 0.62
7.00 10.77 -570.30 -357.29 421.05 -0.33 -0.55 -0.17 0.32 0.85 0.88 0.15
8.00 12.95 649.85 -159.16 178.64 0.28 -0.89 0.71 0.77 0.84 0.28 0.55
9.00 15.52 13.22 -83.87 -269.80 0.04 -0.03 -0.91 0.89 0.28 0.02 0.16
6.00 7.72 -485.19 279.98 -91.91 -0.34 -0.23 -0.93 0.09 0.64 0.31 0.32
7.00 1.09 -548.49 -107.04 -567.73 -0.55 0.52 0.87 0.41 0.03 0.38 0.63
10.00 18.52 389.98 111.89 164.24 0.33 0.04 0.84 0.69 0.90 0.72 0.37
5.00 2.53 -446.39 -312.99 -464.23 0.15 0.47 -0.01 0.75 0.41 0.97 0.02
12.00 23.02 -485.73 459.12 315.62 -0.03 0.60 -0.33 0.61 0.18 0.23 0.75
9.00 16.68 -258.03 -470.51 -330.51 -0.49 -0.13 -0.04 0.93 0.02 0.80 0.07
6.00 2.56 -192.60 -307.03 -227.98 0.65 0.55 -0.37 0.20 0.20 0.01 0.96
5.00 1.25 232.18 -161.11 650.52 -0.36 0.95 0.46 0.15 0.68 0.93 0.55
7.00 2.87 -106.06 460.20 -128.70 0.13 -0.22 -0.65 0.36 0.25 0.02 0.17
21.00 20.93 -683.72 -22.07 323.24 0.45 0.73 0.08 0.95 0.03 0.99 0.20
5.00 3.91 -390.93 -431.32 -101.81 0.55 -0.64 0.41 0.48 0.99 0.15 0.94
7.00 0.75 476.93 84.27 -118.69 -0.58 0.59 -0.06 0.50 0.63 0.76 0.06
14.00 0.31 47.07 -143.71 35.90 -0.65 -0.56 -0.46 0.23 0.33 0.40 0.21
7.00 9.06 -380.81 187.42 121.35 -0.79 -0.64 -0.74 0.51 0.26 0.05 0.98
15.00 8.33 328.41 -208.88 -71.61 -0.54 0.20 -0.24 0.27 0.88 0.40 0.48
5.00 5.34 355.75 -301.56 -538.67 -0.78 -0.60 0.94 0.85 0.46 0.96 0.87
9.00 5.55 -620.39 2.33 496.90 0.34 0.63 0.09 0.54 0.01 0.68 0.20
8.00 8.72 -320.77 -219.44 -142.23 0.66 0.02 0.54 0.35 0.06 0.03 0.02
6.00 4.42 -622.37 279.76 -334.74 -0.39 0.23 0.32 0.76 0.11 0.02 0.18
5.00 0.18 -700.66 -61.49 -140.56 0.71 0.13 -0.55 0.97 0.41 0.72 0.48
22.00 95.68 725.93 -73.58 157.97 -0.25 -0.53 0.82 0.15 0.88 0.87 0.87
12.00 13.34 537.56 -572.77 -80.76 0.88 0.06 0.80 0.31 0.30 0.26 0.75
6.00 4.35 -331.67 -126.38 587.72 0.38 0.75 0.99 0.27 0.37 0.66 0.62
5.00 4.63 67.40 -89.12 160.03 -0.87 0.18 -0.47 0.44 0.10 1.00 0.83
8.00 0.64 -158.35 507.21 17.91 -0.86 -0.85 -0.87 0.30 0.87 0.18 0.21
22.00 80.98 -415.67 -523.41 -155.18 0.92 0.60 0.58 0.31 0.24 0.48 0.61
5.00 2.61 161.82 329.09 91.03 0.73 -0.70 0.43 0.50 0.76 0.86 0.12
29.00 19.91 126.04 -588.68 -268.95 0.09 -0.75 -0.63 0.53 0.99 0.12 0.72
18.00 31.74 -24.33 215.79 -401.33 0.97 0.17 -0.22 0.49 0.11 0.30 0.71
23.00 52.35 -663.53 319.17 -82.36 0.52 -0.37 0.34 0.06 0.74 0.96 0.08
8.00 11.58 49.75 298.04 -397.37 -0.52 -0.55 -0.35 0.35 0.24 0.98 0.26
10.00 20.36 -633.43 -77.79 42.72 0.73 0.06 -0.09 0.56 0.33 0.56 0.25
8.00 3.84 382.89 -276.67 -584.91 0.04 0.05 -0.11 0.29 0.29 0.90 0.38
12.00 21.20 -463.93 -200.57 -424.82 0.22 0.08 -0.07 0.36 0.33 0.79 0.88
7.00 10.29 -305.51 327.24 216.75 0.54 -0.57 0.40 0.19 0.39 0.33 0.23
8.00 6.22 672.22 167.92 -171.23 0.03 -0.75 0.52 0.69 0.31 0.21 0.91
5.00 2.16 378.56 330.40 -303.21 0.98 -0.96 -0.62 0.96 0.89 0.53 0.70
7.00 8.66 289.40 490.71 235.18 -0.82 0.22 0.39 0.92 0.78 0.50 0.08
22.00 119.24 -357.92 562.80 172.25 0.61 0.57 -0.38 0.96 0.96 0.41 0.56
6.00 0.89 -26.36 29.61 40.71 0.73 0.30 -0.51 0.82 0.80 0.66 0.71
5.00 3.73 345.48 -237.57 408.87 -0.09 -0.70 0.84 0.52 0.28 0.72 0.20
10.00 9.41 65.39 -576.54 455.54 -0.78 1.00 0.69 0.66 0.86 0.92 0.37
12.00 26.67 -635.27 -87.16 -273.23 0.91 0.78 -0.01 0.67 0.53 0.96 0.91
34.00 82.31 457.60 459.68 -80.37 0.30 -0.66 -0.17 0.99 0.20 0.14 0.35
9.00 0.14 -328.06 -332.88 330.08 0.64 -0.01 -0.85 0.82 0.18 0.33 0.42
6.00 5.14 -56.44 -665.02 -122.80 -0.29 0.30 0.38 0.04 0.61 0.64 0.19
8.00 16.62 247.80 173.90 -570.72 -0.54 -0.42 0.79 0.33 0.68 0.55 0.37
5.00 6.56 45.21 -121.07 17.28 -0.09 -0.09 -0.66 0.39 0.41 0.05 0.61
24.00 13.96 -285.59 -461.30 -527.42 0.47 0.44 0.13 0.07 0.10 0.33 0.37
7.00 5.93 -739.51 -277.75 84.70 -0.86 0.64 -0.87 0.62 0.76 0.72 0.14
14.00 5.09 -215.05 -69.63 427.62 -0.91 0.74 0.28 0.79 0.71 0.23 0.93
19.00 67.29 314.15 133.72 -493.22 -0.01 0.13 -0.04 0.34 0.87 0.15 0.28
13.00 21.73 -536.99 292.62 132.62 0.08 -0.30 -0.13 0.90 0.71 0.07 0.94
7.00 6.19 471.04 242.46 -71.20 -0.68 -0.75 0.20 0.13 0.47 0.62 0.33
13.00 32.60 -343.99 -309.52 -309.24 -0.22 -0.20 -0.13 0.82 0.34 0.34 0.93
12.00 2.68 152.56 103.79 603.67 0.71 0.62 -0.11 0.79 0.37 0.77 0.12
8.00 14.50 -39.24 -542.20 271.88 -0.50 0.14 0.14 0.40 0.43 0.96 0.28
5.00 3.32 67.54 -444.06 -404.43 -0.46 -0.84 -0.18 0.89 0.08 0.12 0.58
16.00 26.85 -419.06 -417.11 21.84 -0.96 -0.84 -0.26 0.32 0.37 0.63 0.19
29.00 163.72 558.12 -83.93 -326.30 0.12 -0.16 -0.02 0.80 0.89 0.79 0.76
24.00 17.71 160.44 543.64 512.39 0.70 -0.43 -0.64 0.01 0.75 0.82 0.68
15.00 8.27 -210.70 -208.48 -306.22 -0.49 -1.00 0.59 0.65 0.31 0.16 0.73
8.00 15.05 -135.71 568.26 -238.50 0.36 0.91 0.88 0.27 0.75 0.11 0.14
8.00 2.43 388.01 460.74 257.02 -0.70 0.81 -0.95 0.68 0.47 0.45 0.49
11.00 22.74 238.86 -118.07 175.27 -0.51 -0.27 0.12 0.32 0.56 0.12 0.05
12.00 28.44 -384.22 241.85 -481.83 -0.45 0.62 0.85 0.12 0.57 0.53 0.28
15.00 2.32 285.87 40.94 558.51 0.32 0.68 0.25 0.93 0.95 0.77 0.04
16.00 69.62 -197.21 487.74 -191.58 -0.31 -0.07 -0.42 0.78 0.07 0.28 0.41
7.00 3.62 -446.41 -81.08 -509.51 -0.26 -0.41 0.34 0.41 0.31 0.03 0.33
11.00 16.83 -273.59 -70.64 -663.38 -0.24 0.16 -0.50 0.11 0.19 0.15 0.26
6.00 5.74 -186.09 527.81 -123.82 -0.82 -0.67 -0.84 0.10 0.59 0.27 0.17
23.00 25.60 -573.29 425.44 -19.81 0.16 -0.78 -0.63 0.16 0.53 0.09 0.44
15.00 8.22 508.32 -231.73 397.46 -0.06 0.85 -0.15 0.85 0.31 0.96 0.27
10.00 22.45 -581.17 477.39 86.48 -0.56 -0.01 -0.70 0.32 0.75 0.16 0.66
7.00 1.87 -509.39 37.72 300.53 -0.23 -0.82 -0.61 0.68 0.26 0.45 0.42
9.00 5.52 104.31 -341.21 649.79 0.09 0.28 -0.87 0.92 0.22 0.77 0.38
14.00 0.62 -145.03 481.02 -619.51 0.65 0.24 0.43 0.49 0.92 0.35 0.72
7.00 8.89 692.39 -9.36 241.04 0.14 -0.05 0.76 0.23 0.50 0.14 0.50
11.00 31.49 490.12 -417.65 -113.05 -0.19 -0.31 -1.00 0.82 0.16 0.73 0.18
6.00 5.06 -359.59 402.66 65.80 -0.24 0.28 -0.18 0.30 0.56 0.19 0.43
18.00 6.99 184.22 297.27 -137.68 0.48 0.51 -0.36 0.53 0.21 0.51 0.42
13.00 31.98 553.68 539.68 195.43 0.56 0.75 0.43 0.02 0.93 0.54 0.92
11.00 32.39 159.06 439.56 574.59 0.74 -0.65 -1.00 0.33 0.95 0.64 0.84
9.00 21.71 -394.14 484.99 299.56 -0.47 0.12 0.11 0.20 0.91 0.86 0.01
5.00 1.24 -175.55 224.64 452.79 -0.07 0.71 -0.39 0.40 0.74 0.73 0.52
28.00 113.22 211.12 421.47 342.38 -0.42 -0.22 0.75 0.96 0.96 0.35 0.11
17.00 48.68 -146.66 -592.65 479.60 -0.07 0.63 0.91 0.54 0.71 0.49 0.21
7.00 12.87 161.25 -710.35 160.23 -0.79 -0.33 0.88 0.55 0.02 0.91 0.62
27.00 36.03 69.65 -130.64 -778.39 0.20 -0.81 -0.71 0.40 0.67 0.43 0.97
14.00 46.15 500.04 -405.12 237.31 -0.86 0.01 -0.36 0.11 0.96 0.57 0.59
6.00 0.31 63.37 610.27 -312.14 0.29 -0.27 -0.69 0.00 0.14 0.88 0.13
11.00 17.43 -99.53 72.81 -608.66 -0.43 0.23 0.70 0.71 0.99 0.29 0.55
7.00 9.54 -56.03 -49.77 102.20 -0.73 -0.11 -0.35 0.65 0.75 0.79 0.74
14.00 35.99 -58.03 -92.08 90.68 0.82 0.05 0.88 0.34 0.88 0.62 0.03
9.00 18.43 471.25 314.09 -180.54 -0.30 0.94 0.57 0.47 0.95 0.05 0.74
9.00 11.91 247.18 222.81 120.91 -0.47 -0.63 0.21 0.26 0.22 0.99 0.58
28.00 117.38 151.85 471.30 449.91 0.99 -0.96 -0.45 1.00 0.86 0.20 0.75
17.00 21.85 -293.64 371.10 92.69 0.40 -0.88 -0.08 0.94 0.47 0.87 1.00
5.00 4.29 246.93 180.64 317.74 -0.53 0.88 0.87 0.14 0.08 0.53 0.52
10.00 14.69 323.89 362.52 -568.10 -0.56 0.11 -0.81 0.94 0.71 0.32 0.32
9.00 17.92 425.26 -592.31 -219.76 0.16 -0.33 -0.81 0.49 0.33 0.53 0.60
7.00 0.65 -48.16 148.57 -574.40 0.49 0.13 0.06 0.26 0.63 0.13 0.61
13.00 22.05 -431.63 119.16 -528.75 -0.20 -0.07 -0.56 0.46 0.86 0.92 0.08
16.00 58.40 -457.07 11.40 117.10 -0.53 0.36 -0.87 0.78 0.74 0.22 0.68
15.00 34.36 233.67 -324.47 -565.49 -0.92 0.47 0.09 0.57 0.99 0.96 0.08
11.00 26.41 -297.09 -421.31 -141.40 -0.93 0.62 -0.06 0.65 0.64 0.49 0.21
14.00 28.82 -437.17 -150.70 -408.12 -0.13 -0.48 0.83 0.46 0.20 0.86 0.03
10.00 12.93 -268.33 -202.64 515.72 -0.26 0.30 -0.42 0.37 0.58 0.63 0.76
7.00 6.72 42.88 114.06 354.49 -0.62 -0.80 0.33 0.89 0.37 0.78 0.44
10.00 6.37 506.66 69.09 -211.72 0.57 -0.71 -0.41 0.33 0.40 0.15 0.57
26.00 63.89 572.07 -111.03 -511.76 -0.58 -0.42 0.42 0.33 0.14 0.92 0.92
6.00 6.35 352.14 64.36 10.18 0.11 -0.10 -0.03 0.07 0.27 0.81 0.93
12.00 14.77 441.41 -419.72 446.70 -0.92 0.33 -0.80 0.96 0.50 0.97 0.85
16.00 65.91 170.27 328.48 -178.32 -0.54 0.38 0.25 0.55 0.45 0.60 0.32
15.00 46.62 383.29 389.30 405.21 -0.82 0.57 -0.52 0.77 0.63 0.32 0.93
8.00 16.72 80.84 398.97 -382.32 0.97 -0.39 -0.45 0.64 0.66 0.11 0.27
10.00 8.03 -483.94 129.86 -424.99 -1.00 -0.69 -0.01 0.65 0.16 0.10 0.37
7.00 4.21 -196.68 -111.91 -71.54 -0.15 0.77 -0.59 0.83 0.32 0.84 0.36
10.00 20.55 246.18 472.85 -194.63 -0.48 0.26 -0.84 0.98 0.10 0.54 0.12
5.00 1.35 -161.28 -71.06 142.31 -0.74 -0.72 0.31 0.06 0.84 0.32 0.38
6.00 3.18 -478.14 -259.51 201.01 0.65 -0.20 -0.43 0.61 0.28 0.16 0.98
11.00 18.85 -601.87 290.64 -116.57 0.09 0.55 0.23 0.48 0.56 0.25 0.54
16.00 39.81 278.11 524.18 -158.87 -0.12 -0.79 0.57 0.03 0.78 0.16 0.62
21.00 86.78 -412.02 138.60 -587.87 0.55 -0.24 -0.34 0.37 0.65 0.80 0.13
6.00 1.66 -344.34 -534.69 -454.62 0.31 0.81 0.57 0.74 0.33 0.36 0.75
9.00 10.32 -49.50 -466.61 401.97 -0.85 -0.21 0.86 0.92 0.66 0.08 0.53
8.00 16.37 -211.10 -208.64 317.81 0.68 -0.11 0.43 0.93 0.52 0.07 0.41
7.00 9.53 362.27 -443.60 112.63 0.08 0.43 -0.16 0.10 0.56 0.31 0.76
7.00 2.55 177.04 45.25 636.56 0.75 0.49 0.13 0.90 0.69 0.11 0.24
17.00 19.98 -264.68 -226.46 -179.37 -0.99 0.45 -0.18 0.06 0.16 0.91 0.02
5.00 6.46 223.56 -286.69 262.67 0.70 -0.06 -0.72 0.05 0.97 0.20 0.49
14.00 39.33 -209.94 481.82 -221.35 -0.79 0.78 0.56 0.35 0.46 0.01 0.47
16.00 43.87 401.15 -93.79 -579.52 0.30 -0.11 -0.41 0.35 0.59 0.54 0.77
36.00 34.22 -220.33 118.53 450.61 -0.37 -0.14 -0.73 0.91 0.85 0.10 0.05
15.00 53.93 -586.85 -70.09 -43.75 0.67 0.75 -0.40 0.34 0.80 0.19 0.60
10.00 6.28 272.69 380.38 158.02 0.19 0.58 0.93 0.87 0.61 0.17 0.97
7.00 4.65 -96.29 387.97 628.84 -0.39 -0.97 -0.42 0.59 0.92 0.60 0.92
19.00 27.86 74.60 128.12 -527.21 -0.81 0.14 -0.06 0.07 0.30 0.06 0.46
29.00 65.78 96.40 -177.60 -513.35 0.57 -0.97 -0.44 0.62 0.81 0.39 0.19
5.00 2.32 -625.17 161.42 399.67 -0.61 0.62 -0.11 0.45 0.92 0.65 0.59
26.00 73.69 74.05 182.52 319.11 0.24 0.47 0.56 0.27 0.49 0.15 0.50
15.00 8.33 509.87 -339.19 17.31 0.18 -0.75 -0.03 0.99 0.06 0.33 0.87
19.00 38.72 -510.44 194.02 158.02 0.70 -0.61 -0.13 0.12 0.78 0.24 0.55
8.00 3.11 74.37 577.94 106.73 -1.00 0.67 -0.39 0.07 0.03 0.71 0.94
5.00 4.87 -518.49 359.10 -439.50 0.88 -0.23 0.84 0.72 0.18 0.49 0.11
11.00 12.90 -255.63 -94.01 -55.68 0.83 0.50 -0.77 0.28 0.23 0.45 0.93
27.00 114.94 41.23 630.85 485.98 -0.24 -0.11 0.41 0.43 0.84 0.10 0.46
34.00 235.18 560.06 -87.77 -226.85 0.48 0.16 -0.44 0.25 0.78 0.39 0.52
6.00 4.16 -542.73 239.47 -118.75 -0.61 0.28 -0.80 0.43 0.20 0.77 0.88
6.00 4.71 287.69 499.23 386.89 0.77 0.80 -0.73 0.35 0.57 0.27 0.00
7.00 2.78 54.33 -92.65 145.25 0.11 -0.58 0.31 0.05 0.28 0.95 0.04
19.00 15.51 -513.98 157.62 289.47 0.80 0.79 -0.57 0.31 0.52 0.83 0.80
7.00 5.45 86.86 -393.80 -334.01 -0.75 -0.14 0.66 0.78 0.76 0.48 0.95
18.00 22.21 57.73 398.31 -621.67 -0.51 0.60 0.70 0.39 0.84 0.04 0.23
33.00 266.90 248.13 -561.22 -501.11 0.35 -0.02 -0.90 0.49 0.33 0.37 0.41
8.00 16.33 527.27 315.02 -466.84 0.56 -0.77 -0.80 0.93 0.18 0.52 0.72
6.00 4.76 -617.01 433.36 58.97 -0.39 -0.21 0.64 0.06 0.65 0.24 0.34
11.00 6.70 612.34 191.12 -80.18 0.23 0.60 0.19 0.80 0.50 0.58 0.89
6.00 6.09 -478.92 -165.52 -218.19 -0.59 0.42 -0.68 0.82 0.69 0.05 0.93
16.00 32.88 -19.97 87.72 129.44 0.34 0.84 -0.79 0.63 0.21 0.00 0.71
7.00 1.53 -336.15 59.51 371.66 -0.81 -0.94 -0.49 0.54 0.90 0.77 0.77
11.00 15.87 -163.76 143.67 -761.12 0.64 -0.12 -0.40 0.66 0.27 0.22 0.85
13.00 14.73 -256.85 -390.46 -239.05 0.82 -0.24 0.74 0.23 0.33 0.71 0.49
8.00 3.39 54.42 88.83 -542.68 -0.76 -0.99 0.45 0.61 0.53 0.54 0.09
7.00 13.42 -1.27 -186.46 452.96 0.84 0.26 -0.54 0.23 0.49 0.69 0.12
10.00 23.75 419.91 -155.40 -137.64 0.03 0.55 0.84 0.11 0.96 0.12 0.34
17.00 32.37 -275.88 624.92 -17.57 0.75 0.06 -0.09 0.59 0.13 0.32 0.10
9.00 4.54 218.97 751.05 23.55 0.70 -0.98 -0.16 0.40 0.10 0.02 0.60
10.00 9.55 228.29 -72.22 467.99 -0.25 0.77 0.60 0.40 0.54 0.51 0.34
7.00 6.79 -298.76 313.70 73.02 -0.17 -0.64 0.38 0.32 0.00 0.94 0.26
8.00 9.95 -169.73 -210.64 -145.58 0.77 0.06 -0.01 0.49 0.71 0.56 0.14
8.00 15.27 -154.10 -275.38 107.00 -0.01 -0.23 0.04 0.44 0.32 0.04 0.76
8.00 8.61 -52.86 568.61 -466.42 -0.53 -0.62 0.40 0.74 0.35 0.05 0.20
9.00 18.45 24.57 -294.29 -465.93 0.30 -0.19 0.60 0.63 0.86 0.17 0.81
10.00 26.74 559.10 -552.95 -56.65 0.78 0.13 -0.20 0.90 0.43 0.68 0.39
7.00 8.52 -34.36 211.55 23.52 0.27 -0.08 -0.87 0.97 0.85 0.47 0.33
16.00 6.89 -643.11 -328.83 115.70 -0.66 -0.67 -0.15 0.28 0.04 0.72 0.79
19.00 39.01 -399.40 -474.76 -315.84 0.11 -0.87 -0.13 0.62 0.29 0.24 0.45
8.00 9.20 3.96 324.99 -555.94 0.07 -0.12 0.26 0.10 0.29 0.58 0.47
15.00 16.98 -150.96 368.30 -308.14 -0.06 -0.56 -0.80 0.74 0.89 0.87 0.06
12.00 0.99 -400.74 230.14 -255.86 -0.34 0.06 0.45 0.01 0.49 0.93 0.84
5.00 2.77 41.08 57.49 421.47 0.25 -0.41 -0.15 0.81 0.98 0.09 0.02
5.00 5.28 31.02 736.30 -134.44 -0.36 0.09 0.29 0.35 0.94 0.98 0.71
5.00 2.14 445.66 224.52 -9.68 0.40 -0.99 0.86 0.15 0.35 0.60 0.45
24.00 153.31 -409.25 499.02 38.14 -0.48 -0.85 0.75 0.02 0.24 0.48 0.12
26.00 101.25 429.11 276.02 -256.98 0.81 0.09 -0.52 0.17 0.71 0.84 0.77
11.00 31.42 132.74 -317.07 624.51 -0.64 0.26 0.76 0.14 0.13 0.89 0.95
11.00 18.58 484.97 529.97 -87.72 -0.16 -0.83 0.07 0.33 0.13 0.48 0.39
12.00 15.61 46.89 -498.26 -180.98 -0.59 -0.97 -0.94 0.28 0.72 0.29 0.97
7.00 4.17 -639.46 -141.91 -261.32 0.27 0.25 0.22 0.79 0.39 0.76 0.80
12.00 34.82 394.66 -108.06 0.50 0.67 0.67 -0.57 0.29 0.16 0.53 0.47
13.00 41.67 588.98 456.72 -152.33 0.28 -0.77 -0.64 0.92 0.41 0.09 0.88
7.00 6.34 -623.60 -68.25 -215.82 -0.83 0.47 0.19 0.73 0.41 0.56 0.46
11.00 31.56 -342.59 -112.54 -132.66 -0.93 0.93 -0.18 0.46 0.84 0.93 0.01
5.00 2.81 548.91 146.68 -373.53 1.00 0.22 -0.57 0.58 0.64 0.91 0.20
6.00 3.91 -14.72 78.90 794.30 0.47 0.95 -0.32 0.88 0.15 0.14 0.48
6.00 0.42 -523.26 -466.17 263.66 0.19 0.63 -0.31 0.94 0.49 0.58 0.20
22.00 80.65 -418.40 -37.73 -368.20 -0.80 0.51 0.25 0.67 0.12 0.45 0.55
15.00 7.60 673.47 -375.76 -135.78 0.23 0.48 0.90 0.52 0.42 0.37 0.48
10.00 9.63 223.85 350.04 134.79 0.86 0.24 -0.73 0.43 0.07 0.54 0.11
5.00 2.10 -531.89 -35.45 -243.18 0.42 0.71 0.94 0.24 0.85 0.13 0.91
5.00 3.38 316.35 223.62 -5.18 0.92 -0.14 0.92 0.84 0.24 0.52 0.44
10.00 1.52 497.23 -239.47 520.19 0.17 -0.62 0.86 0.31 0.21 0.54 0.26
6.00 7.05 -245.66 239.70 -721.12 -0.12 0.80 0.39 0.33 0.48 0.17 0.32
5.00 3.76 -158.77 422.54 47.96 0.21 -0.49 -0.10 0.56 0.42 0.71 0.19
5.00 3.25 212.85 374.55 -190.30 -0.18 0.66 0.76 0.07 0.79 0.15 0.46
8.00 12.88 121.56 -151.79 -180.65 -0.70 -0.51 -0.21 0.63 0.12 0.29 0.66
6.00 7.14 472.60 150.37 370.22 -0.31 0.37 0.66 0.68 0.89 0.90 0.21
15.00 39.96 593.22 -183.62 -43.09 0.33 -0.92 -0.95 0.43 0.63 0.78 0.04
13.00 19.59 -154.36 -537.34 107.04 -0.96 -0.45 0.98 0.77 0.28 0.35 0.71
7.00 4.01 612.07 -389.67 206.43 0.81 -0.67 0.03 0.80 0.79 0.24 0.31
7.00 6.25 77.15 -794.86 -33.84 -0.02 0.13 0.34 0.20 0.12 0.38 0.25
16.00 11.20 -66.52 -423.31 -328.93 0.33 0.04 -0.60 0.11 0.04 0.00 0.27
6.00 7.76 99.52 -161.79 401.76 0.28 -0.19 0.29 0.01 0.88 0.59 0.71
24.00 19.32 -121.42 -316.85 491.66 -0.59 -0.11 -0.73 0.86 0.08 0.10 0.42
6.00 3.03 -26.04 -22.79 -486.01 0.89 0.10 0.16 0.16 0.37 0.07 0.10
9.00 21.36 -375.69 -516.03 180.90 -0.68 -0.64 -0.64 0.58 0.07 0.30 0.19
14.00 49.55 -242.36 -607.74 52.23 0.60 -0.51 -0.16 0.06 0.83 0.56 0.96
5.00 1.72 -22.08 -458.11 193.94 0.56 0.70 0.45 0.59 0.42 0.56 0.25
38.00 233.99 395.75 -139.46 616.30 0.26 0.74 -0.06 0.23 0.79 0.19 0.72
25.00 89.55 503.68 99.17 394.01 0.32 0.02 0.29 0.24 0.19 0.40 0.61
7.00 6.65 322.95 -373.88 -247.68 -0.99 0.41 0.95 0.79 0.67 0.45 0.15
16.00 0.42 300.73 -87.97 52.93 0.73 -0.62 0.21 0.65 0.46 0.34 0.14
8.00 7.45 -224.94 594.72 -472.79 0.01 -0.87 -0.56 0.66 0.29 0.25 0.43
19.00 75.41 -242.79 -482.64 378.61 -0.82 -0.96 -0.37 0.25 0.99 0.43 0.20
20.00 104.83 -439.62 -625.78 -200.72 -0.93 0.46 -0.11 0.15 0.12 0.08 0.24
11.00 11.31 649.33 111.60 228.35 0.02 0.33 0.59 0.03 0.54 0.00 0.23
9.00 4.29 149.37 -227.96 157.04 0.78 -0.87 0.52 0.99 0.71 0.24 0.50
20.00 67.65 -333.88 494.73 407.63 -0.83 -0.15 -0.55 0.17 0.13 0.99 0.52
12.00 19.19 -248.44 618.66 -328.59 0.10 0.84 0.54 0.55 0.39 0.74 0.68
33.00 190.14 123.93 179.28 733.95 0.58 0.70 0.18 0.44 0.24 0.05 0.95
7.00 9.75 2.86 -240.02 -590.27 -0.91 -0.18 -0.10 0.83 0.59 0.78 0.79
24.00 57.24 -148.55 93.09 108.03 -0.51 -0.69 0.48 0.64 0.99 0.83 0.08
16.00 66.53 259.97 -165.08 -531.98 0.34 0.04 -0.16 0.45 0.05 0.40 0.88
11.00 23.92 12.74 -42.08 -100.81 -0.36 -0.39 0.20 0.02 0.74 0.95 0.73
10.00 16.72 -405.48 251.63 -160.79 -0.10 -0.65 -0.72 0.92 0.79 0.72 0.55
9.00 7.43 67.35 292.27 450.58 -0.75 0.39 -0.26 0.87 0.70 0.24 0.67
8.00 5.10 656.95 -347.02 165.18 -0.49 -0.89 -0.32 0.08 0.44 0.08 0.63
6.00 4.20 -169.81 -708.76 6.20 -0.92 -0.96 -0.08 0.91 0.67 0.94 0.31
5.00 2.96 -485.11 -306.10 452.66 -0.96 0.35 -0.87 0.31 1.00 0.69 0.08
9.00 21.63 -210.73 -463.67 225.38 0.36 -0.89 -0.00 0.32 0.46 0.75 0.68
17.00 9.63 225.25 -517.20 -278.79 -0.24 -0.95 -0.72 0.52 0.15 0.47 0.61
7.00 3.19 176.59 -173.09 -79.29 0.26 -0.30 0.66 0.46 0.15 0.75 0.17
12.00 15.63 -122.26 -588.55 -92.44 0.69 -0.67 -0.50 0.30 0.54 0.17 0.84
7.00 4.80 206.41 123.48 669.59 0.98 -0.52 -0.69 0.70 0.04 0.09 0.65
17.00 71.38 100.84 257.33 286.58 0.97 0.79 0.02 0.97 0.15 0.27 0.86
11.00 26.92 -215.61 239.86 -493.87 0.34 -0.84 0.07 0.80 0.45 0.76 0.37
12.00 10.50 -109.17 -79.33 283.23 -0.06 0.47 0.86 0.62 0.95 0.22 0.78
16.00 59.79 -253.19 51.61 -755.74 0.75 0.56 -0.84 0.02 0.78 0.64 0.12
8.00 1.65 246.21 575.77 -408.97 0.96 -0.75 -0.23 0.95 0.65 0.83 0.92
14.00 15.78 217.25 -401.21 540.93 0.91 0.80 0.87 0.69 0.24 0.38 0.79
18.00 22.19 -414.83 -468.57 91.73 -0.98 -0.75 -0.98 0.96 0.99 0.62 0.95
14.00 1.39 80.69 138.31 273.90 0.68 -0.81 -0.53 0.28 0.25 0.61 0.22
9.00 11.06 276.47 -44.59 186.99 0.35 -0.69 -0.44 0.66 0.60 0.41 0.09
26.00 103.90 -610.39 224.33 311.59 0.47 -0.76 0.48 0.29 0.28 0.79 0.51
7.00 1.44 -710.53 -105.25 48.96 0.13 -0.35 0.49 0.54 0.41 0.98 0.97
9.00 9.07 -277.53 640.59 55.61 0.91 -0.69 0.73 0.68 0.73 0.31 0.00
11.00 12.45 -253.76 -343.92 307.08 0.51 -0.27 -0.65 0.11 0.21 0.54 0.45
19.00 31.84 259.91 -382.69 -72.71 -0.80 0.21 0.23 0.32 0.35 0.70 0.67
7.00 6.13 -362.50 -30.26 570.54 -0.20 -0.86 -0.16 0.39 0.47 0.58 0.32
9.00 1.58 8.66 -52.79 605.30 0.09 -0.53 0.28 0.94 0.63 0.86 0.25
20.00 93.91 -248.48 411.39 -165.52 -0.05 0.72 0.10 0.61 0.30 0.11 0.17
15.00 13.82 78.61 -254.40 -708.43 -0.67 -0.79 -0.41 0.52 0.95 0.65 0.93
6.00 2.85 199.79 351.22 338.88 -0.35 -0.47 -0.86 0.07 0.82 0.34 0.73
28.00 11.90 55.07 -318.25 443.39 0.52 0.69 -0.25 0.55 0.31 0.97 1.00
10.00 4.01 -240.72 665.20 359.04 0.09 -0.78 0.49 0.05 0.13 0.14 0.57
6.00 0.37 -567.72 -25.82 -268.37 0.14 -0.60 -0.19 0.02 0.11 0.71 0.03
7.00 3.71 89.65 -215.89 -176.84 0.40 -0.64 -0.91 0.31 0.23 0.44 0.64
6.00 5.76 -330.56 255.05 422.29 -0.78 1.00 0.57 0.89 0.73 0.77 0.56
6.00 1.82 -708.17 221.87 86.62 0.80 0.66 -0.93 0.70 0.67 0.05 0.99
6.00 5.47 -479.74 -302.20 -75.93 0.20 -0.44 -0.97 0.59 0.34 0.06 0.12
9.00 2.71 280.47 -209.80 492.92 0.53 -0.57 0.62 0.35 0.12 0.61 0.84
13.00 37.12 126.61 95.85 321.16 -0.60 0.81 -0.96 0.96 0.44 0.62 0.41
14.00 27.70 -11.32 -473.63 -45.04 -0.09 0.73 -0.70 0.41 0.85 0.08 0.64
5.00 5.10 -82.04 140.80 133.96 -0.53 -0.51 0.26 0.52 0.52 0.56 0.93
8.00 6.73 308.63 203.36 -126.11 0.55 -0.67 0.61 0.72 0.79 0.63 0.58
13.00 20.51 234.85 -453.80 177.57 0.78 0.21 -0.70 0.56 0.02 0.49 0.82
7.00 4.64 424.24 19.92 -337.00 -0.26 0.08 0.87 0.88 0.45 0.54 0.51
38.00 313.45 -285.70 226.59 270.55 0.05 -0.42 0.02 0.05 0.64 0.96 0.20
5.00 6.64 -289.51 -69.14 434.34 -0.49 0.64 0.56 0.48 0.27 0.50 0.71
7.00 11.19 -228.25 -142.13 -39.99 -0.81 0.84 -0.94 0.92 0.47 0.63 0.12
6.00 8.95 626.35 155.31 -387.30 -0.18 0.77 0.60 0.83 0.64 0.99 0.07
7.00 10.44 -187.29 143.41 -66.35 0.08 0.51 0.09 0.81 0.69 0.22 0.48
7.00 1.40 201.02 -186.79 -369.56 -0.39 0.00 0.91 0.68 0.19 0.16 0.31
6.00 4.46 -605.40 -513.25 -44.41 -0.95 0.86 0.49 0.26 0.75 0.91 0.20
9.00 9.03 353.85 -426.93 123.93 0.05 -0.16 0.36 0.94 0.32 0.86 0.95
11.00 30.20 -105.62 -363.20 173.07 -0.60 -0.71 0.07 0.18 0.52 0.74 0.20
6.00 0.54 158.01 182.99 -449.31 0.07 -0.77 0.53 0.02 0.62 0.14 0.92
6.00 9.69 521.38 -20.97 -142.15 0.19 0.76 -0.16 0.55 0.75 0.33 0.72
16.00 12.79 -622.74 425.69 182.69 -0.17 -0.39 -0.75 0.77 0.41 0.42 0.69
7.00 1.39 85.88 -102.63 742.03 -0.95 0.25 0.42 0.86 0.62 0.02 0.32
11.00 16.55 411.72 546.07 279.29 -0.90 0.67 -0.71 0.45 0.19 0.83 0.23
8.00 8.51 -92.11 50.79 416.68 0.74 0.90 0.49 0.02 0.63 0.97 0.16
10.00 22.01 100.84 -75.49 -390.87 0.37 -0.17 -0.38 0.87 0.14 0.03 0.45
11.00 22.94 229.05 41.82 549.55 -0.54 0.94 -0.68 0.38 0.04 0.35 0.18
11.00 19.18 139.64 -219.40 278.71 -0.99 0.85 0.74 0.09 0.23 0.27 0.31
6.00 6.52 544.47 -90.25 -389.32 0.07 0.89 -0.34 0.20 0.33 0.43 0.05
7.00 12.65 -64.67 548.42 -61.97 -0.05 0.84 0.55 0.28 0.53 0.18 0.35
8.00 13.54 -230.94 263.31 635.38 0.42 0.48 0.20 0.30 0.88 0.19 0.52
12.00 14.03 125.37 562.20 240.41 0.25 0.56 0.62 0.63 0.68 0.60 0.34
7.00 0.17 198.29 366.31 -613.79 0.94 0.44 -0.09 0.09 0.21 0.07 0.01
5.00 0.14 114.07 -2.96 -327.72 0.36 0.30 0.23 0.44 0.50 0.85 0.22
8.00 11.67 -419.95 -528.93 419.93 0.08 -0.82 -0.64 0.11 0.71 0.62 0.95
12.00 39.17 277.97 -230.43 -20.76 -0.87 -0.49 -0.24 0.49 0.54 0.55 0.19
8.00 7.79 -26.49 580.57 11.92 0.88 0.98 0.43 0.91 0.66 0.70 0.30
8.00 2.12 -286.06 -142.34 -162.28 -0.50 -0.38 0.87 0.70 0.19 0.15 0.18
7.00 8.56 331.63 688.32 -176.06 0.42 -0.76 -0.71 0.56 0.34 0.59 0.39
31.00 85.61 97.59 272.06 132.63 -0.49 0.51 -0.75 0.27 0.36 0.12 0.97
32.00 273.99 -264.92 -264.85 -48.59 0.43 0.21 0.89 0.41 0.20 0.37 0.12
17.00 56.15 673.73 -268.63 -13.65 0.74 -0.37 -0.86 0.73 0.58 0.73 0.80
31.00 136.73 -492.58 -34.51 -623.20 0.71 -0.58 0.62 0.21 0.47 0.87 0.74
18.00 58.29 160.98 -214.21 -690.75 0.74 -0.20 0.12 0.95 0.36 0.27 0.64
15.00 44.57 312.90 186.55 170.24 -0.32 0.49 -0.07 0.28 0.71 0.37 0.68
7.00 1.63 -107.97 772.17 -175.07 0.18 0.58 0.20 0.10 0.44 0.71 0.21
10.00 20.60 589.68 302.85 42.17 0.67 -0.01 0.76 0.17 0.38 0.22 0.17
9.00 18.32 311.00 -484.02 511.47 -0.89 0.50 0.92 0.89 0.52 0.33 0.79
8.00 5.73 -186.90 -106.27 -573.81 0.99 -0.86 0.41 0.48 0.07 0.27 0.12
7.00 6.76 115.19 240.02 -48.86 -0.33 -0.17 0.84 0.17 0.49 0.89 0.23
8.00 11.54 155.05 -193.78 -557.45 -0.70 0.31 0.53 0.82 0.32 0.66 0.20
5.00 5.93 -235.26 -544.94 -297.49 0.42 -0.79 0.66 0.81 0.53 0.60 0.93
5.00 5.70 49.31 226.57 -582.06 0.41 -0.55 0.24 0.97 0.70 0.05 0.57
12.00 26.99 278.70 690.78 -257.83 0.24 -0.19 0.83 0.38 0.65 0.37 0.08
14.00 7.51 -468.46 -5.28 647.35 0.39 -0.07 -0.25 0.64 0.55 0.95 0.74
16.00 15.84 273.49 151.39 418.91 -0.83 -0.66 0.28 0.67 0.42 0.20 0.06
15.00 51.16 132.37 571.70 -518.36 -0.20 -0.96 0.97 0.16 0.98 0.78 0.45
21.00 85.16 -70.71 -363.58 -685.26 -0.36 -0.86 0.06 0.09 0.80 0.50 0.28
28.00 58.84 -240.93 324.88 439.33 -0.29 -0.61 -0.75 0.03 0.65 0.04 0.22
8.00 13.03 153.34 -661.66 106.71 0.11 -0.58 0.40 0.26 0.36 0.51 0.16
26.00 102.76 751.94 248.90 92.81 -0.83 0.03 0.53 0.41 0.04 0.44 0.47
10.00 21.21 -494.28 -285.47 96.02 -0.84 -0.96 0.95 0.10 0.22 0.47 0.06
9.00 3.10 366.00 287.62 -543.49 -0.27 0.03 0.05 0.13 0.41 0.65 0.47
5.00 1.74 -636.56 319.69 201.11 -0.29 0.02 -0.35 0.76 0.00 0.56 0.54
10.00 9.62 -269.34 513.41 -336.91 0.12 -0.05 0.60 0.52 0.37 0.64 0.88
6.00 3.60 -455.61 619.56 119.52 0.87 -0.23 0.80 0.79 0.36 0.97 0.47
13.00 17.60 -396.53 289.11 -148.38 -0.22 -0.29 0.83 0.58 0.55 0.70 0.59
16.00 12.79 -666.31 12.29 337.55 -0.66 0.65 -0.14 0.37 0.96 0.08 0.97
10.00 6.94 -321.31 -645.50 -111.85 -0.63 0.32 0.29 0.73 0.24 0.11 0.29
5.00 1.03 241.20 146.37 -355.89 -0.53 0.91 0.41 0.60 0.39 0.14 0.69
6.00 7.72 -499.37 184.42 -450.75 -0.42 -0.82 -0.05 0.26 0.51 0.10 0.16
5.00 6.81 379.07 586.03 227.37 0.18 -0.77 -0.68 0.22 0.37 0.88 0.18
10.00 10.57 -83.45 -711.32 -154.32 0.82 0.67 0.79 0.97 0.19 0.46 0.30
22.00 12.81 110.61 427.98 522.98 0.92 0.26 0.74 0.18 0.19 0.43 0.71
16.00 67.98 -220.90 -444.97 -544.14 -0.24 -0.76 0.97 0.76 0.33 0.08 0.65
10.00 20.37 -593.33 -420.71 81.43 0.43 0.26 -0.77 0.20 0.44 0.13 0.96
8.00 4.61 -105.05 -89.49 -719.00 0.16 0.78 -0.66 0.12 0.24 0.29 0.50
8.00 15.90 135.54 64.50 280.80 0.08 -0.07 0.13 0.33 0.27 0.11 0.01
14.00 41.00 -664.93 -325.67 37.51 -0.80 0.41 -0.83 0.66 0.64 0.05 0.42
5.00 6.22 -108.50 751.42 -187.66 -0.79 0.86 -0.30 0.82 0.38 0.10 0.04
11.00 19.25 -98.90 212.53 -72.51 -0.72 -0.15 -0.66 0.07 0.50 0.47 0.91
6.00 2.12 -665.82 -22.42 195.14 -0.87 -0.44 0.17 0.50 0.22 0.52 0.49
13.00 39.55 37.39 256.60 -473.98 -0.30 0.24 0.02 0.89 0.71 0.82 0.67
21.00 58.22 591.91 403.26 -294.98 -0.63 -0.38 0.37 0.09 0.02 0.84 0.59
8.00 14.83 -490.57 -447.88 186.45 0.08 0.14 -0.97 0.61 0.68 0.86 0.74
6.00 6.54 -63.06 423.67 -81.12 0.04 -0.08 -0.81 0.83 0.09 0.98 0.67
11.00 17.17 -143.01 638.47 175.68 -0.14 -0.55 -0.41 0.92 0.82 0.74 0.16
5.00 0.64 -251.68 -11.00 -299.56 -0.73 0.32 0.79 0.26 0.90 0.78 0.20
5.00 2.27 -260.20 35.77 -284.26 0.54 0.19 0.26 0.41 0.49 0.14 0.44
6.00 8.07 201.47 -118.59 18.78 -0.99 -0.03 0.81 0.41 0.87 0.20 0.32
31.00 184.58 -46.91 480.40 -425.03 -0.20 -0.66 -0.22 0.10 0.91 0.68 0.73
10.00 1.30 480.80 16.75 175.85 0.70 0.25 0.60 0.10 0.96 0.73 0.27
13.00 40.39 -324.52 231.76 96.10 0.73 0.46 0.93 0.15 0.92 0.11 0.98
16.00 65.62 -55.11 -542.90 521.65 0.08 -0.76 -0.90 0.62 0.60 0.18 0.39
6.00 2.20 -590.07 100.15 228.70 -0.62 0.75 0.09 0.70 0.99 0.10 0.13
12.00 5.54 -328.13 -321.67 -16.97 -0.56 -0.42 0.04 0.91 0.99 0.08 0.11
8.00 14.97 417.23 -193.50 531.48 -0.45 -0.61 0.70 0.13 0.59 0.15 0.86
6.00 0.47 -22.14 -580.96 244.46 -0.04 0.95 0.42 0.59 0.37 0.14 0.24
6.00 1.62 538.71 450.83 117.15 -0.86 0.20 0.13 0.29 0.62 0.24 0.47
7.00 9.24 167.55 217.99 -411.11 -0.82 -0.06 0.11 0.68 0.83 0.36 0.08
15.00 15.31 249.34 -358.48 277.10 -0.64 -0.30 0.61 0.33 0.20 0.51 0.96
27.00 141.65 -343.10 -232.47 475.09 -0.91 -0.57 -0.89 0.41 0.92 0.80 0.25
30.00 167.61 -23.80 595.90 -53.06 -0.46 -0.50 -0.34 0.58 0.82 0.41 0.59
24.00 27.05 -176.32 -705.21 -127.19 0.07 -0.89 0.30 0.11 0.64 0.89 0.61
19.00 92.92 145.01 -204.95 -634.39 -0.96 -0.89 -0.85 0.21 0.08 0.33 0.22
14.00 20.74 96.33 -632.39 7.55 0.36 -0.56 0.27 0.31 0.05 0.27 0.17
8.00 2.50 221.81 427.02 -149.23 0.89 0.01 -0.89 0.03 0.84 0.81 0.87
5.00 1.29 306.19 387.75 -312.52 0.22 -0.55 0.87 0.41 0.66 0.12 0.10
9.00 7.00 -486.79 -626.29 -77.02 -0.66 0.93 -0.54 0.98 0.98 0.13 0.14
12.00 12.91 -129.52 194.18 -134.99 -0.69 -0.49 0.00 0.05 0.84 1.00 0.57
13.00 23.71 -109.41 -415.22 -44.38 0.66 -0.59 -0.88 0.26 0.78 0.91 0.18
5.00 4.90 -488.24 -329.49 232.68 -0.22 -0.91 0.73 0.63 0.48 0.19 0.46
6.00 5.20 156.81 218.38 -466.35 -0.77 0.14 0.42 0.93 0.03 0.60 0.94
9.00 10.86 342.11 -330.26 164.47 0.25 0.14 -0.76 0.90 0.58 0.96 0.13
24.00 30.53 41.12 -435.68 -382.19 0.54 -0.44 0.38 0.95 0.39 0.54 0.52
5.00 0.84 695.81 130.06 218.80 -0.08 0.10 0.15 0.54 0.45 0.82 0.58
6.00 7.39 -365.45 -186.26 -678.62 -0.41 -0.80 -0.94 0.64 0.10 0.79 0.96
13.00 44.64 767.71 192.54 5.59 -0.12 -0.14 -0.11 0.92 0.64 0.45 0.40
10.00 11.95 -612.70 250.72 267.59 0.02 -0.30 0.21 0.76 0.72 0.48 0.62
5.00 3.31 -739.86 171.36 -73.21 0.28 0.42 -0.33 0.77 0.82 0.71 0.35
11.00 5.82 -261.72 562.43 -394.19 -0.29 -0.32 -0.05 0.37 0.45 0.42 0.08
8.00 1.09 -188.26 -52.52 -0.96 0.33 -0.89 -0.16 0.99 0.67 0.36 0.36
18.00 2.56 383.42 32.47 -124.32 0.37 -0.02 -0.62 0.53 0.65 0.49 0.31
24.00 6.65 136.24 -334.21 -46.51 0.22 0.33 0.11 0.98 0.76 0.32 0.48
8.00 2.50 62.07 689.42 245.00 -0.34 -0.17 -0.83 0.38 0.88 0.50 0.08
7.00 0.43 -274.07 -124.38 -48.14 0.49 0.38 -0.48 0.27 0.13 0.10 0.46
9.00 7.69 -321.38 -212.71 693.08 -0.47 0.15 -0.97 0.03 0.92 0.00 0.53
13.00 29.32 -99.41 -472.60 -340.10 -1.00 0.78 0.61 0.36 0.19 0.28 0.58
11.00 18.33 144.81 -201.73 -384.33 0.25 -0.97 -0.87 0.38 0.47 0.49 0.05
5.00 5.91 -410.59 -23.68 -606.25 -0.38 -0.67 0.40 0.40 0.53 0.31 0.06
9.00 13.63 -225.89 530.25 291.47 0.47 -0.31 0.89 0.45 0.36 0.62 0.49
11.00 24.70 47.62 -285.65 734.29 -0.98 0.50 -0.86 0.71 0.63 0.61 0.69
5.00 2.13 -185.70 -572.45 -366.94 0.36 -0.83 -0.28 0.38 0.56 0.15 0.38
6.00 6.34 546.10 193.86 345.11 0.80 -0.49 0.21 0.68 0.75 0.54 0.10
13.00 12.81 -102.39 765.95 -29.41 -0.19 -0.70 0.45 0.37 0.65 0.19 0.89
10.00 5.89 -551.79 -93.66 42.65 -0.11 0.70 0.61 1.00 0.31 0.88 0.99
35.00 240.72 608.86 104.87 186.56 0.91 0.67 0.50 0.66 0.66 0.06 0.95
14.00 44.76 -109.71 184.04 585.01 -0.98 -0.53 -0.61 0.09 0.23 0.51 0.66
9.00 11.83 -388.68 629.01 30.63 0.05 -0.47 -0.56 0.63 0.32 0.42 0.76
16.00 63.75 -258.03 97.21 227.25 0.52 -0.67 -0.90 0.43 0.15 0.24 0.31
7.00 1.08 -75.72 617.18 122.90 0.59 -0.32 -0.97 0.84 0.29 0.64 0.33
11.00 1.22 453.78 -235.13 55.43 -0.44 0.45 -0.78 0.89 0.88 0.11 0.27
15.00 32.51 103.17 -308.72 -101.30 0.04 -0.14 -0.05 0.61 0.99 0.80 0.50
5.00 6.29 107.68 305.05 -390.09 -0.77 -0.96 0.21 0.28 0.66 0.56 0.87
7.00 13.34 -618.67 -298.42 277.41 -0.38 -0.83 0.38 0.15 0.61 0.22 0.18
7.00 0.32 516.11 -406.24 384.94 -0.52 -0.88 0.62 0.24 0.82 0.55 0.13
18.00 83.34 170.43 -276.99 183.44 -0.61 -0.57 0.31 0.54 0.21 0.76 0.58
14.00 23.84 -211.23 -248.09 -666.36 0.82 0.57 0.43 0.30 0.65 0.18 0.17
14.00 30.73 -469.80 -522.85 375.25 -0.98 0.91 -0.88 0.73 0.56 0.29 0.38
7.00 3.31 -377.35 475.26 184.75 -0.02 0.25 0.83 0.07 0.07 0.37 0.36
6.00 8.35 525.84 234.40 445.95 0.83 0.36 0.08 0.46 0.21 0.12 0.60
7.00 3.55 -279.71 -111.77 -512.94 0.15 -0.42 0.20 0.83 0.88 0.36 0.59
7.00 5.55 -418.38 -247.03 603.89 -0.04 -0.55 0.27 0.87 0.21 0.77 0.70
22.00 121.73 386.96 312.11 -260.55 0.16 0.63 0.91 0.14 0.12 0.33 0.08
11.00 14.43 -140.22 -587.01 264.85 -0.95 -0.66 0.41 0.03 0.14 0.05 0.20
13.00 45.64 -227.07 239.29 610.42 0.87 -0.62 -0.24 0.45 0.98 0.17 1.00
5.00 5.45 256.65 118.77 -576.64 0.42 0.05 0.84 0.38 0.70 0.50 0.00
8.00 9.68 252.87 545.01 415.92 -0.77 0.85 0.59 0.40 0.27 0.33 0.81
11.00 12.62 -178.68 -678.53 11.52 0.67 -0.77 0.74 0.59 0.22 0.35 0.98
5.00 0.21 -666.42 146.88 229.71 -0.61 0.64 -0.85 0.00 0.25 0.96 0.75
11.00 10.47 -309.69 -607.84 70.57 0.39 -0.46 0.78 0.65 0.60 0.21 1.00
15.00 32.47 -258.73 -124.44 -620.87 0.19 -0.29 0.51 0.66 0.97 0.18 0.39
14.00 44.18 16.99 -114.03 753.28 -0.41 0.81 0.58 0.22 0.86 0.18 0.38
6.00 8.03 22.59 -163.12 -10.95 -0.76 -0.79 0.94 0.65 0.56 0.65 0.41
8.00 2.37 519.14 542.19 -237.48 -0.27 0.90 0.79 0.11 0.55 0.35 0.85
21.00 69.90 -37.38 -162.65 232.30 0.96 -0.15 0.76 0.48 0.64 0.21 0.54
6.00 1.13 -568.28 -88.56 -164.80 -0.23 -0.50 -0.33 0.69 0.79 0.75 0.40
34.00 244.45 392.93 46.08 -610.44 -0.95 0.26 -0.83 0.96 0.92 0.14 0.07
7.00 6.44 378.64 -37.76 20.06 0.17 0.12 0.43 0.66 0.11 0.15 0.00
5.00 0.67 38.53 527.40 -589.21 -0.80 0.99 0.44 0.73 0.99 0.16 0.40
5.00 1.04 -298.87 5.85 -479.14 -0.86 -0.77 0.97 0.17 0.77 0.32 0.23
5.00 0.74 142.67 -51.99 95.17 -0.22 0.35 0.16 0.01 0.33 0.37 0.56
15.00 26.19 -271.08 240.18 -276.27 0.50 -0.17 -0.11 0.28 0.55 0.87 0.50
6.00 3.90 -299.16 203.16 510.96 -0.65 -0.99 -0.02 0.94 0.14 0.69 0.55
17.00 9.42 124.13 86.71 -385.61 0.49 0.65 -0.01 0.09 0.75 0.23 0.63
5.00 6.65 -255.08 -694.63 -17.33 0.36 -0.77 -0.43 0.58 0.08 0.54 0.81
7.00 2.99 15.98 -641.69 319.65 0.86 -0.42 0.12 0.11 0.29 0.11 0.14
6.00 2.69 -262.56 -261.64 -680.42 0.37 0.68 0.45 0.29 0.93 0.47 0.28
10.00 1.44 -100.25 48.97 373.19 0.60 0.44 0.26 0.83 0.18 0.81 0.35
14.00 43.01 547.50 455.85 -45.87 -0.58 0.30 0.63 0.62 0.67 0.21 0.33
8.00 7.20 498.60 261.81 333.20 0.29 0.66 -0.79 0.13 0.58 0.75 0.81
7.00 10.18 -460.41 -409.67 236.85 0.34 -0.10 -0.65 0.96 0.62 0.09 0.02
7.00 9.30 159.21 -294.80 -484.72 0.13 0.85 0.90 0.03 0.65 0.34 0.87
7.00 12.85 353.33 -330.99 403.91 -0.03 -0.86 -0.00 0.81 0.03 0.74 0.77
8.00 12.29 117.88 -134.24 174.39 0.76 0.73 0.38 0.09 0.00 0.60 0.57
16.00 64.14 -198.87 -354.58 257.27 -0.95 0.27 0.43 0.50 0.54 0.05 0.24
15.00 38.92 655.19 -33.13 -133.14 -0.15 -0.29 0.14 0.78 0.77 0.51 0.49
6.00 0.76 -395.44 -421.41 -18.14 0.63 0.86 -0.17 0.23 0.19 0.73 0.95
11.00 26.05 209.99 137.63 230.57 -0.33 -0.67 -0.32 0.94 0.69 0.36 0.47
16.00 30.41 259.05 680.89 -37.90 0.71 -0.10 0.68 0.58 0.41 0.99 0.56
21.00 52.59 181.71 441.21 167.55 -0.88 0.70 0.98 0.54 0.08 0.97 0.81
39.00 92.20 -669.45 166.24 356.62 0.87 -0.93 -0.19 0.47 0.44 0.49 0.44
7.00 3.99 -291.08 346.97 598.08 -0.02 0.45 -0.09 0.65 0.67 0.87 0.31
15.00 19.72 -539.76 -382.13 -202.98 0.23 0.29 0.70 0.66 0.67 0.86 0.39
6.00 4.92 486.28 383.58 -234.04 -0.49 -0.27 -0.93 0.95 0.37 0.55 0.13
13.00 18.71 -460.46 288.18 -416.42 -0.03 0.54 -0.64 0.73 0.16 0.94 0.02
5.00 2.01 -597.41 -264.00 -16.72 0.52 -0.24 0.16 0.18 0.59 0.29 0.44
23.00 56.93 367.40 193.76 134.46 -0.11 0.09 -0.53 0.16 0.16 0.84 0.53
8.00 1.85 367.68 132.40 218.07 0.38 0.51 0.44 0.90 0.91 0.89 0.93
6.00 3.09 -165.52 83.34 -567.29 0.62 -0.09 -0.80 0.43 0.57 0.90 0.12
13.00 45.93 278.94 300.93 -297.08 -0.73 0.62 0.95 0.82 0.68 0.13 0.99
14.00 52.06 -64.24 111.50 -121.38 0.11 0.80 0.17 0.95 0.02 0.50 0.52
7.00 0.51 385.32 104.15 -374.35 0.20 -0.24 -0.02 0.72 0.44 0.87 0.56
9.00 3.74 269.69 -507.67 491.61 0.25 0.25 0.92 0.11 0.46 0.61 0.89
8.00 13.73 170.58 -450.18 169.25 -0.68 -0.07 -0.52 0.23 0.34 0.87 0.86
9.00 9.17 459.87 -88.60 508.96 -0.21 0.00 0.78 0.66 0.72 0.32 0.10
8.00 14.74 -21.10 -295.05 177.20 -0.25 -0.63 -0.17 0.63 0.73 0.04 0.83
11.00 25.39 -366.76 468.16 222.24 0.42 0.99 0.19 0.82 0.23 0.94 0.97
5.00 2.43 26.64 -234.76 466.64 0.82 0.58 -0.83 0.22 0.46 0.56 0.17
22.00 36.75 124.49 -24.64 719.82 -0.62 0.01 0.18 0.23 0.93 0.18 0.72
19.00 57.60 -599.23 -367.40 122.86 -0.99 0.31 0.94 0.64 0.02 0.03 0.38
12.00 0.42 -425.99 301.84 240.79 0.22 0.79 0.95 0.38 0.48 0.47 0.92
7.00 12.76 -232.08 -103.70 237.05 -0.32 0.88 0.38 0.43 0.80 0.38 0.58
20.00 55.38 39.72 -210.29 315.73 0.33 0.72 0.26 0.50 0.83 0.36 0.77
26.00 125.37 -313.93 -230.87 -436.75 -0.17 0.31 -0.66 0.30 0.26 0.96 0.81
5.00 2.72 329.95 -60.52 -468.20 -0.23 0.82 0.18 0.73 0.77 0.48 0.78
25.00 112.65 -35.78 -647.72 -179.64 0.44 0.80 0.32 0.40 0.70 0.94 0.98
6.00 7.93 399.85 249.20 -605.21 -0.98 0.80 -0.96 0.51 0.18 0.59 0.12
6.00 3.78 231.19 -289.12 282.79 -0.78 0.07 0.55 0.43 0.09 0.20 0.54
15.00 6.05 167.18 -331.08 -83.12 -0.92 -0.39 0.62 0.06 0.30 0.97 0.91
15.00 32.55 124.50 373.18 -655.02 -0.40 0.56 0.65 0.81 0.98 0.30 0.47
5.00 6.70 -716.73 -86.67 -0.74 0.49 -0.54 0.23 0.36 1.00 0.81 0.19
5.00 6.09 94.97 506.92 141.00 -0.31 0.78 0.95 0.14 0.82 0.81 0.00
6.00 1.30 285.43 596.23 395.99 0.30 -0.96 0.04 0.54 0.75 0.34 0.77
9.00 4.07 -68.40 13.40 -440.43 -0.01 0.31 -0.74 0.99 0.97 0.97 0.59
20.00 3.87 -373.03 -157.10 465.46 -0.94 0.77 0.39 0.67 0.64 0.26 0.49
20.00 36.21 -408.35 -279.16 -287.87 0.44 0.79 -0.96 0.57 0.04 0.57 0.36
12.00 23.75 -128.27 -784.93 -37.18 0.03 -0.85 0.60 0.19 0.90 0.85 0.72
6.00 4.90 -537.59 -270.32 -128.85 -0.96 -0.90 -0.71 0.37 0.82 0.43 0.33
9.00 6.25 -41.86 235.11 -3.49 -0.18 0.80 0.70 0.74 0.73 0.32 0.68
12.00 30.78 -356.88 121.29 -419.99 -0.59 -0.26 0.14 0.58 0.42 0.99 0.96
10.00 22.14 -114.68 -284.76 559.19 -0.28 0.25 -0.95 0.62 0.37 0.69 0.78
7.00 9.91 355.03 68.42 558.82 0.27 -0.08 0.75 0.67 0.26 0.22 0.03
25.00 92.26 -165.86 567.85 147.29 -0.42 0.30 0.00 0.11 0.14 0.72 0.97
9.00 14.81 122.76 -54.90 -381.33 -0.29 -0.95 -0.29 0.41 0.29 0.86 0.92
6.00 7.46 -465.60 -127.86 -352.18 0.56 -0.63 -0.10 0.50 0.37 0.90 0.98
6.00 1.59 -417.98 -51.35 -225.28 -0.22 0.23 -0.83 0.57 0.84 0.09 0.38
39.00 32.99 235.87 -271.40 -514.39 -0.49 0.05 -0.46 0.19 0.62 0.91 0.08
11.00 14.43 622.23 -131.73 -347.06 -0.64 -0.32 0.36 0.41 0.17 0.58 0.03
21.00 102.57 -407.26 -225.74 -554.18 0.17 -0.53 0.83 0.45 0.72 0.80 0.83
11.00 2.77 61.22 388.97 499.16 0.09 -0.11 -0.26 0.60 0.42 0.25 0.24
12.00 13.13 -495.93 61.35 542.54 -0.02 0.22 -0.87 0.40 0.93 0.44 0.80
6.00 6.68 -669.82 207.94 42.21 -0.23 0.67 0.75 0.04 0.22 0.67 0.71
7.00 10.74 214.94 600.85 -118.09 -0.38 -0.37 0.36 0.80 0.50 0.42 0.49
22.00 47.96 -297.86 558.09 -473.84 -0.42 0.55 -0.42 0.25 0.30 0.79 0.21
11.00 3.53 -459.58 284.55 -119.45 -0.59 -0.49 0.70 0.35 0.49 0.55 0.23
10.00 15.64 -247.91 570.66 -439.01 0.85 -0.49 0.26 0.20 0.60 0.36 0.71
10.00 2.61 -128.82 742.43 -151.27 -0.65 -0.60 0.50 0.95 0.46 0.82 0.86
21.00 29.66 -255.02 -30.43 88.30 0.51 0.53 0.28 0.26 0.75 0.43 0.79
34.00 51.76 409.09 -657.32 103.62 0.18 -0.98 -0.62 0.06 0.20 0.52 0.48
11.00 21.51 134.37 -62.10 -709.42 0.61 -0.40 -0.26 0.96 0.65 0.85 0.90
6.00 2.17 -306.42 427.88 134.08 -0.46 -0.41 0.64 0.53 0.32 0.63 0.24
5.00 0.57 276.90 369.51 -384.71 0.70 -0.99 0.62 0.80 0.60 0.80 0.24
7.00 6.95 -231.91 162.47 -280.92 -0.17 -0.81 0.89 0.01 0.84 0.59 0.39
14.00 49.00 -323.82 -571.16 141.42 -0.05 0.00 -0.71 0.19 0.04 0.54 0.24
9.00 7.34 454.12 94.79 211.01 0.54 -0.41 -0.13 0.05 0.36 0.51 0.09
8.00 10.86 489.72 271.59 269.86 0.58 -0.88 -0.37 0.51 0.58 0.65 0.16
17.00 65.58 204.83 -88.41 -334.25 -0.53 0.36 -0.15 0.54 0.68 0.29 0.40
9.00 8.75 -309.10 -447.04 -468.59 -0.31 -0.05 -0.77 0.14 0.58 0.81 0.65
9.00 22.19 -578.74 122.77 405.43 -0.52 0.14 0.35 0.78 0.80 0.19 0.55
30.00 204.16 648.31 -324.18 -70.30 -0.32 -0.39 -0.73 0.35 0.39 0.73 1.00
12.00 39.39 -96.26 -212.48 -318.19 0.31 0.90 0.83 0.72 0.15 0.50 0.66
18.00 50.56 541.81 372.51 -76.74 0.39 -0.23 0.46 0.98 0.90 0.32 0.45
12.00 33.87 -91.86 603.26 -337.47 -0.65 0.87 0.16 0.36 0.95 0.72 0.89
6.00 1.82 -20.11 167.03 -375.85 -0.51 -0.59 0.04 0.91 0.09 0.17 0.07
8.00 15.67 -80.68 -432.90 355.27 -0.85 0.29 -0.11 0.45 0.75 0.17 0.07
13.00 35.02 46.13 158.45 115.30 0.05 0.62 0.81 0.76 0.68 0.11 0.74
33.00 151.23 571.85 -405.56 -127.70 0.75 -0.41 -0.45 0.89 0.34 0.95 0.79
15.00 11.29 6.21 132.70 699.86 0.74 0.40 -0.98 0.06 0.44 0.59 0.97
6.00 8.63 -166.32 15.08 -12.94 -0.61 0.43 -0.96 0.08 0.76 0.28 0.31
10.00 11.77 -137.21 451.23 455.36 -0.27 0.38 -0.99 0.01 0.31 0.77 0.10
5.00 4.14 190.79 -198.93 -301.28 -0.22 -0.59 0.52 0.36 0.72 0.84 0.22
11.00 16.91 634.63 67.81 24.26 -0.54 -0.92 0.42 0.92 0.87 0.90 0.23
13.00 16.84 270.77 156.05 -186.03 -0.71 -0.13 0.02 0.49 0.88 0.46 0.39
5.00 3.85 362.59 256.85 354.73 -0.82 0.53 -0.21 0.92 0.63 0.97 0.68
19.00 98.02 68.33 -278.07 -379.21 0.78 0.73 -0.49 0.70 0.99 0.19 0.36
12.00 22.30 284.65 75.52 553.41 0.97 0.46 0.00 0.16 0.12 0.80 0.37
18.00 2.40 -419.38 -305.51 -222.03 -0.10 0.49 -0.01 0.19 0.25 0.25 0.30
14.00 42.35 11.84 -143.30 -737.65 -0.12 0.43 0.15 0.38 0.44 0.11 0.76
6.00 5.37 -164.45 27.70 -570.03 -0.46 0.34 0.62 0.74 0.51 0.86 0.47
9.00 5.49 111.08 688.65 64.88 0.05 -0.51 -0.56 0.32 0.50 0.06 0.02
20.00 91.36 60.81 -58.57 412.63 0.84 -0.28 -0.67 0.34 0.84 1.00 0.26
9.00 17.15 -251.25 395.96 358.89 0.15 -0.71 -0.12 0.48 0.67 0.90 0.56
7.00 2.77 -305.54 243.27 630.94 0.53 0.41 -0.70 0.03 0.49 0.82 0.18
20.00 94.13 437.06 4.83 -636.68 0.97 0.40 -0.15 0.27 0.60 0.52 0.09
18.00 15.00 498.41 -147.39 -394.87 0.07 -0.32 0.64 0.54 0.02 0.67 0.19
18.00 46.64 79.32 -428.34 -186.93 -0.52 -0.74 0.08 0.53 0.02 0.17 0.84
24.00 41.02 -365.57 448.54 349.06 0.91 -0.49 -0.38 0.62 0.36 0.66 0.25
7.00 0.43 -29.43 489.61 -609.36 -0.16 0.65 0.15 0.57 0.36 0.66 0.09
9.00 10.62 247.46 357.17 647.04 0.69 -0.95 0.80 0.81 0.23 0.05 0.58
6.00 6.89 468.17 255.09 -267.07 0.70 0.10 -0.98 0.92 0.53 0.14 0.61
17.00 41.69 -2.88 -288.08 429.48 0.66 -0.05 -0.06 0.64 0.36 0.95 0.99
6.00 2.65 111.50 -101.58 706.34 -0.06 0.16 0.52 0.53 0.79 0.26 0.75
11.00 21.10 224.42 662.01 -123.10 0.65 -0.71 -0.97 0.51 0.41 0.03 0.33
13.00 26.83 395.24 -549.09 -381.00 0.65 -0.21 -0.32 0.89 0.31 0.83 0.66
21.00 9.70 399.78 -477.44 -498.17 -0.22 0.17 0.60 0.93 0.54 0.16 0.18
5.00 3.70 -320.33 -346.61 -628.67 -0.96 -0.17 -0.55 0.69 0.32 0.76 0.23
8.00 17.40 -386.48 620.62 270.90 0.99 0.71 0.90 0.28 0.30 0.21 0.39
12.00 31.47 -410.98 -325.06 -412.61 0.94 0.51 -0.22 0.51 0.09 0.25 0.64
8.00 14.66 -243.65 -400.53 -411.19 0.47 0.57 0.67 0.70 0.97 0.34 0.50
18.00 86.41 443.83 525.09 298.93 0.67 -0.01 -0.49 0.12 0.19 0.04 0.09
14.00 45.32 484.73 83.93 -528.12 -0.93 0.31 -0.85 0.65 0.79 0.27 0.35
11.00 4.92 24.41 -199.87 185.42 -0.81 -0.86 -0.77 0.59 0.06 0.34 0.28
8.00 11.80 211.51 -84.83 -40.24 0.44 0.95 -0.33 0.45 0.92 0.93 0.17
15.00 56.71 118.20 106.30 541.93 0.17 0.72 0.21 0.59 0.40 0.84 0.69
14.00 46.79 496.39 -593.17 138.58 0.76 0.65 -0.44 0.99 0.23 0.54 0.87
11.00 5.27 130.38 314.67 411.78 0.20 -0.66 -0.48 0.11 0.65 0.36 0.82
8.00 5.13 319.74 -126.64 -434.51 -0.44 -0.20 -0.84 0.35 0.79 0.96 0.02
13.00 3.62 615.33 -23.07 348.02 0.16 -0.96 -0.59 0.74 0.85 0.95 0.39
11.00 18.91 -295.97 615.13 89.92 -0.07 0.68 0.67 0.78 0.94 0.13 0.28
9.00 13.71 224.16 261.21 457.66 -0.11 -0.33 0.23 0.71 0.67 0.85 0.77
5.00 3.79 -248.83 -182.19 -635.51 0.58 0.02 0.62 0.98 0.53 0.53 0.73
10.00 2.60 450.18 -206.02 -452.70 -0.48 0.42 -0.83 0.73 0.62 0.64 0.98
6.00 3.48 -251.48 192.15 535.53 0.19 -0.25 0.70 0.02 0.01 0.19 0.02
10.00 16.32 -235.98 -129.98 282.21 0.62 -0.59 0.22 0.50 0.10 0.45 0.23
9.00 6.21 206.23 543.75 -265.37 0.62 0.50 -0.19 0.15 0.24 0.20 0.60
9.00 11.88 -426.45 -405.93 -474.90 0.85 0.54 0.35 0.63 0.32 0.92 0.26
20.00 44.94 349.16 -327.59 200.40 0.05 -0.94 0.06 0.29 0.89 0.01 0.60
13.00 38.29 245.38 141.19 -635.71 -0.61 0.27 0.63 0.80 0.32 0.88 0.59
6.00 8.73 -150.38 379.62 -143.44 -0.62 1.00 0.16 0.59 0.30 0.61 0.11
12.00 28.85 240.83 204.31 83.57 -0.49 -0.85 -0.84 0.38 0.29 0.06 0.39
8.00 3.97 -9.80 -638.88 407.54 -0.54 -0.67 -0.69 0.47 0.85 0.40 0.45
7.00 0.24 322.37 -716.42 -144.83 0.68 -0.31 0.73 0.84 0.53 0.68 0.03
6.00 3.66 -273.63 357.94 -545.22 -0.88 0.83 -0.10 0.58 0.55 0.80 0.36
19.00 95.85 190.58 -77.92 646.12 0.89 0.21 -0.43 0.43 0.37 0.98 0.09
9.00 20.47 220.17 -493.57 424.15 -0.25 -0.31 0.32 0.05 0.55 0.93 0.25
14.00 44.78 122.93 387.50 -247.48 -0.90 0.50 0.83 0.30 0.12 0.20 0.82
19.00 60.61 -673.38 52.02 -191.13 0.70 -0.06 -0.10 0.77 0.76 0.89 0.67
8.00 13.24 -441.51 15.03 -106.56 -0.05 -0.73 0.47 0.42 0.17 0.40 0.74
7.00 8.37 -474.96 -536.15 110.65 -0.53 -0.06 -0.48 0.62 0.33 0.77 0.11
14.00 2.21 59.93 518.49 389.39 0.27 -0.31 0.89 0.84 0.83 0.45 0.14
12.00 26.67 282.48 -152.47 -323.27 -0.06 0.87 0.20 0.90 0.32 1.00 0.96
5.00 3.35 -470.61 207.47 236.84 -0.25 -0.28 -0.05 0.69 0.39 0.99 0.47
18.00 22.89 73.89 -313.10 -205.15 0.63 0.96 0.62 0.33 0.16 0.48 0.46
16.00 50.96 -229.59 673.15 213.40 -0.77 -0.92 0.51 0.65 0.63 0.60 0.91
8.00 7.05 20.79 47.69 493.99 -0.60 0.07 0.69 0.41 0.97 0.67 0.93
19.00 82.16 357.14 59.16 -60.85 0.84 0.01 0.64 0.29 0.12 0.13 0.82
11.00 15.52 -384.00 -266.28 -456.12 -0.42 0.74 -0.99 0.44 0.76 0.09 0.89
18.00 62.32 -294.57 -171.75 -105.18 -0.23 -0.84 -0.71 0.33 0.89 0.38 0.85
6.00 1.81 -109.21 -538.72 407.83 -0.61 0.26 0.10 0.58 0.66 0.50 0.23
6.00 3.77 -293.94 300.22 -173.54 -0.17 0.09 0.46 0.86 0.31 0.27 0.15
9.00 14.76 -388.98 -663.92 -128.92 0.06 -0.48 0.92 0.70 0.36 0.11 0.55
6.00 5.16 328.89 427.71 -96.49 -0.68 -0.02 0.14 0.22 0.81 0.37 0.29
9.00 21.01 -277.26 115.24 59.54 0.21 0.96 0.55 0.02 0.78 0.64 0.18
16.00 1.19 544.75 -433.82 -369.44 -0.77 -0.27 0.11 0.07 0.13 0.54 0.05
20.00 31.26 -267.92 -237.84 504.80 -0.67 0.32 0.13 0.04 0.19 0.10 0.48
11.00 19.85 -135.86 220.21 -53.90 0.21 0.68 0.21 0.38 0.36 0.72 0.22
9.00 14.08 -424.71 -550.76 276.04 0.26 0.06 0.23 0.99 0.74 0.29 0.06
22.00 87.44 561.97 -236.52 -290.28 0.97 0.09 0.66 0.55 0.84 0.63 0.46
39.00 260.27 462.43 636.90 92.51 0.41 0.67 -0.35 0.39 0.28 0.07 0.21
13.00 6.88 -439.74 367.64 -453.43 -0.71 0.67 0.29 0.96 0.24 0.38 0.36
14.00 48.26 -367.17 -294.36 601.73 0.31 -0.50 -0.72 0.26 0.38 0.31 0.68
5.00 2.66 -455.11 342.13 -314.47 0.24 0.04 -0.54 0.40 0.28 0.81 0.56
8.00 12.72 301.14 75.57 -27.61 -0.88 0.29 -0.36 0.14 0.57 0.82 0.72
7.00 0.40 550.23 149.21 104.85 -0.11 0.80 0.69 0.75 0.14 0.49 0.40
9.00 9.07 -718.50 -200.60 13.14 0.55 0.06 0.60 0.79 0.14 0.89 0.21
13.00 30.99 152.89 -545.90 -351.58 0.44 -0.58 0.97 0.23 0.85 0.48 0.07
10.00 25.46 91.64 -464.71 -610.22 0.41 0.51 -0.58 0.52 0.56 0.12 0.39
6.00 3.05 -319.53 82.42 -205.99 0.46 -0.48 -0.35 0.67 0.26 0.83 0.68
18.00 85.56 327.10 458.37 -186.76 0.03 -0.24 -0.01 0.07 0.43 0.16 0.80
10.00 2.51 -269.75 -207.25 -528.12 0.93 -0.32 -0.96 0.46 0.89 0.98 0.63
9.00 3.85 -619.28 -48.77 -480.01 -0.01 0.36 -0.10 0.46 0.07 0.58 0.30
8.00 4.50 243.57 220.17 166.72 0.95 0.33 -0.96 0.52 0.51 0.79 0.37
11.00 19.68 -384.16 325.13 -94.04 0.49 -0.09 0.39 0.27 0.56 0.52 0.56
17.00 8.87 22.11 199.01 442.80 -0.58 -0.62 -0.80 0.28 0.80 0.77 0.95
6.00 1.00 -38.63 -96.15 -788.15 0.95 -0.90 0.05 0.24 0.95 0.85 0.39
10.00 9.86 493.52 -170.85 154.91 0.52 -1.00 0.85 0.76 0.15 0.46 0.47
7.00 6.02 192.01 -203.42 -332.24 -0.99 -0.83 -0.58 0.38 0.85 0.84 0.42
5.00 4.40 -156.01 -280.07 493.14 0.54 0.16 0.65 0.77 0.37 0.26 0.61
7.00 8.46 7.25 -521.49 583.53 -0.64 0.54 0.73 0.73 0.11 0.12 0.39
10.00 19.27 146.99 520.27 61.84 0.02 -0.67 -0.93 0.85 0.89 0.65 0.23
13.00 4.95 -197.92 272.55 404.82 -0.84 0.18 0.88 0.89 0.52 0.58 0.90
10.00 15.34 111.99 -404.77 618.80 0.14 0.35 0.62 0.78 0.69 0.72 0.57
5.00 1.11 -265.17 375.43 369.55 0.01 0.05 -0.24 0.01 0.91 0.45 0.05
15.00 7.56 200.21 -338.84 -503.69 -0.36 -0.97 0.29 0.66 0.98 0.60 0.44
14.00 29.83 69.57 -205.39 190.23 -0.82 0.89 -0.14 0.05 0.94 0.30 0.76
10.00 23.60 -237.99 576.70 -471.70 0.04 0.14 0.12 0.98 0.98 0.00 0.85
7.00 2.25 -40.59 43.92 -236.08 -0.02 0.91 -0.26 0.25 0.53 0.88 0.76
8.00 9.95 711.98 -68.80 293.64 -0.20 -0.43 0.06 0.38 0.36 0.77 0.22
7.00 11.89 -634.56 316.73 213.78 -0.10 -0.65 -0.61 0.26 0.52 0.35 0.13
10.00 17.12 -206.31 384.13 -582.10 0.54 0.63 0.16 0.99 0.79 0.82 0.42
5.00 3.57 538.32 -269.42 497.96 0.85 0.21 0.93 0.59 0.99 0.26 0.29
5.00 4.17 -45.60 -667.62 68.92 0.26 -0.13 0.80 0.20 0.19 0.74 0.48
5.00 3.09 490.46 -220.80 206.34 0.05 -0.47 0.11 0.13 0.94 0.47 0.44
32.00 198.45 -10.35 27.08 302.90 -0.71 -0.87 0.96 0.46 0.20 0.99 0.68
13.00 20.08 -195.56 198.30 -262.09 0.26 -0.40 -0.70 0.07 0.84 0.66 0.32
6.00 5.64 -540.27 -394.29 287.84 0.43 -0.52 -0.80 0.35 0.68 0.23 0.96
16.00 48.93 -181.88 -245.80 289.29 -0.23 0.96 -0.29 0.52 0.15 0.38 0.77
17.00 72.16 -292.81 -294.05 433.71 -0.95 0.76 0.18 0.92 0.17 0.12 0.49
5.00 3.24 5.45 -263.04 400.15 0.05 0.01 0.40 0.26 0.83 0.70 0.05
5.00 0.44 -385.93 -188.64 -566.28 -0.92 0.18 -0.17 0.14 0.12 0.24 0.21
14.00 52.21 -2.43 207.31 161.25 -0.01 0.69 -0.77 0.91 0.07 0.47 0.69
7.00 4.63 -374.21 -340.06 110.23 -0.67 -0.25 -0.72 0.02 0.26 0.59 0.23
5.00 6.80 201.50 505.45 -320.35 0.59 -0.64 0.79 0.52 0.61 0.23 0.53
11.00 28.82 292.62 -163.62 404.85 -0.65 0.07 0.68 0.58 0.98 0.50 0.16
21.00 1.53 -398.64 17.80 363.43 0.35 0.98 -0.85 0.66 0.05 0.58 0.12
20.00 24.76 357.07 159.29 621.87 -0.48 0.18 0.93 0.58 0.39 0.12 0.62
8.00 16.67 -83.05 242.18 -114.97 -0.40 -0.66 0.38 0.39 0.70 0.48 0.89
8.00 12.13 55.54 270.93 414.52 0.39 0.55 0.02 0.96 0.71 0.11 0.89
6.00 9.31 -378.23 105.19 -32.23 -0.33 0.87 0.38 0.40 0.38 0.67 0.62
5.00 4.21 -228.30 -496.09 185.51 0.27 0.45 0.63 1.00 0.77 0.61 0.86
6.00 7.50 -78.64 -634.96 -461.34 0.12 -0.23 -0.86 0.88 0.25 0.25 0.76
24.00 9.11 147.10 321.30 -367.65 -0.84 0.95 0.54 0.46 0.64 0.83 0.51
7.00 6.96 -437.49 182.89 -149.53 0.20 -0.44 -0.41 0.39 0.30 0.65 0.97
12.00 15.31 -17.63 573.11 88.87 0.83 0.99 -0.71 0.10 0.62 0.97 0.18
13.00 20.57 172.37 601.32 -69.09 0.24 -0.35 -0.94 0.94 0.21 0.05 0.66
5.00 6.13 35.00 266.66 593.94 -0.09 0.29 0.32 0.77 0.77 0.19 0.81
8.00 17.49 -559.27 -188.91 463.28 0.75 0.46 0.36 0.95 0.76 0.25 0.52
8.00 13.15 -62.70 -503.64 457.05 0.12 0.66 -0.78 0.72 0.18 0.62 0.06
15.00 1.60 -317.89 635.69 -277.45 -0.73 -0.21 0.26 0.77 0.29 0.25 0.40
12.00 11.99 357.27 147.37 198.38 -0.01 -0.07 0.54 0.60 0.31 0.76 0.91
7.00 2.38 581.53 -293.28 -457.99 0.85 -0.81 -0.12 0.05 0.36 0.83 0.27
18.00 51.50 237.59 -298.89 -651.55 0.46 -0.35 0.27 0.81 0.64 0.43 0.01
14.00 2.93 312.22 243.41 372.14 -0.68 0.23 -0.49 0.00 0.21 0.29 0.45
26.00 118.56 215.28 254.16 323.41 0.32 0.24 0.19 0.81 0.20 0.10 0.62
14.00 17.79 345.40 -366.26 -267.42 -0.39 -0.78 0.90 0.43 0.04 0.62 0.23
5.00 5.55 548.38 -185.50 266.10 -0.40 -0.94 0.89 0.62 0.58 0.12 0.53
35.00 296.43 409.64 107.22 271.53 0.49 -0.62 -0.03 0.34 0.33 0.67 0.17
11.00 1.40 500.37 -321.13 74.24 0.34 0.74 -0.75 0.12 0.51 0.05 0.05
23.00 129.25 -719.50 -178.73 -50.72 -0.94 0.27 -0.67 0.91 0.93 0.58 0.18
7.00 11.64 356.08 586.41 200.72 0.68 0.25 -0.70 0.27 0.16 0.88 0.30
11.00 0.15 -417.17 69.17 -285.49 -0.67 -0.31 -0.50 0.91 0.15 0.59 0.44
21.00 34.48 459.84 -444.52 11.28 -0.40 0.82 0.56 0.96 0.47 0.70 0.89
11.00 24.05 449.13 3.76 495.74 0.64 -0.60 -0.40 0.25 0.84 0.90 0.10
34.00 43.59 674.99 303.54 184.52 -0.91 -0.06 0.57 0.17 0.11 0.88 0.56
5.00 0.80 -559.10 251.24 -57.20 0.71 0.30 -0.04 0.04 0.30 0.54 0.09
14.00 5.25 453.73 -75.96 574.44 -0.38 0.85 0.86 0.35 0.78 0.57 0.21
14.00 34.93 353.65 -234.54 25.83 0.18 -0.61 0.08 0.51 0.88 0.05 0.46
14.00 41.10 -261.15 453.89 391.14 -0.52 0.96 -0.72 0.01 0.01 0.93 0.12
12.00 34.85 193.47 33.51 111.75 -0.56 0.06 0.29 0.14 0.82 0.75 0.87
9.00 4.06 -206.15 -560.08 222.57 -0.66 -0.26 -0.33 0.24 0.16 0.63 0.91
6.00 6.03 -75.84 -475.49 -508.58 0.73 -0.23 0.34 0.17 0.74 0.72 0.84
39.00 308.76 -120.20 246.69 352.85 -0.64 0.55 0.19 0.71 0.42 0.91 0.16
6.00 8.12 -377.97 -38.04 475.00 -0.87 0.70 0.36 0.99 0.75 0.80 0.31
10.00 17.69 23.89 -311.21 -671.08 -0.41 0.19 0.45 0.71 0.85 0.45 0.89
10.00 18.77 180.56 373.40 -287.35 -0.80 -0.41 -0.04 0.63 0.18 0.40 0.81
18.00 10.30 380.27 651.15 32.15 0.11 0.99 0.80 0.27 0.08 0.58 0.89
21.00 46.80 -319.75 448.23 -42.62 0.86 0.36 0.77 0.20 0.90 0.01 0.30
5.00 5.03 -100.36 494.49 -486.26 -0.17 -0.22 0.82 0.55 1.00 1.00 0.34
7.00 11.53 -450.15 99.30 -544.25 -0.32 0.28 -0.46 0.68 0.44 0.59 0.48
6.00 3.31 307.01 -156.00 311.25 0.56 0.61 -0.75 0.12 0.37 0.27 0.22
19.00 11.91 -20.71 -618.58 144.65 0.32 -0.08 0.44 0.48 0.23 0.09 0.09
27.00 20.51 -360.97 -208.45 413.87 -0.77 0.51 -0.32 0.74 0.86 0.63 0.22
9.00 6.34 -182.25 627.20 -199.82 -0.95 0.43 0.52 0.84 0.58 0.91 0.87
14.00 24.93 3.14 -265.97 -438.57 -0.63 -0.15 0.79 0.37 0.12 0.76 0.86
7.00 4.08 253.18 -303.39 158.18 0.76 0.94 0.11 0.71 0.01 0.85 0.32
11.00 14.55 265.96 -468.07 241.56 0.62 -0.66 0.08 0.77 0.19 0.72 0.67
14.00 16.80 75.74 -43.80 -185.47 0.39 0.15 0.07 0.56 0.43 0.60 0.24
16.00 13.25 572.59 433.57 -176.61 0.36 -0.32 0.20 0.93 0.35 0.30 0.42
12.00 10.57 -456.07 -228.35 326.84 0.69 0.04 -0.36 0.97 0.11 0.14 0.06
20.00 12.48 579.63 -62.93 503.78 0.74 0.18 -0.11 0.79 0.69 0.75 0.70
11.00 28.91 -153.33 -214.22 109.21 -0.34 0.21 0.65 0.52 0.77 0.71 0.16
7.00 11.21 -79.64 -176.03 -323.40 0.28 0.78 0.20 0.31 0.55 0.05 0.80
6.00 3.32 -31.40 -246.69 649.14 -0.43 -0.18 -0.82 0.39 0.58 0.44 0.44
7.00 11.14 332.94 -144.09 -324.10 -0.94 0.94 -0.11 0.92 0.44 0.52 0.16
8.00 11.72 224.27 213.27 432.80 -0.28 0.59 -0.45 0.38 0.39 0.39 0.26
12.00 15.45 -216.65 -343.85 -157.85 0.62 0.86 -0.99 0.47 0.45 0.76 0.94
26.00 87.29 40.11 204.83 654.43 0.75 -0.22 -0.52 0.32 0.17 0.67 0.67
11.00 15.83 184.32 -322.54 -241.27 -0.51 -0.76 0.51 0.97 0.68 0.16 0.73
5.00 5.15 -563.11 -395.85 -273.84 0.54 0.16 -0.90 0.32 0.69 0.52 0.67
8.00 17.50 197.21 446.31 -38.68 0.56 0.09 -0.61 0.41 0.87 0.38 0.58
8.00 5.26 -82.64 -346.08 -78.54 0.21 -0.42 0.51 0.36 0.86 0.21 0.31
7.00 7.00 -455.34 280.03 407.55 0.07 -0.04 -0.40 0.79 0.62 0.22 0.98
9.00 3.84 313.88 457.95 -262.13 0.97 0.17 0.87 0.17 0.11 0.36 0.82
18.00 0.66 207.47 235.12 -133.90 0.46 0.08 -0.29 0.04 0.13 0.75 0.81
7.00 7.89 399.73 -134.43 -13.16 0.93 0.95 -0.22 0.99 0.21 0.16 0.03
8.00 14.09 105.46 -345.28 273.05 -0.52 0.50 -0.40 0.38 0.13 0.82 0.95
10.00 20.67 -192.67 -281.13 554.16 -0.55 0.39 0.07 0.29 0.00 0.15 0.21
15.00 17.91 -5.65 -371.75 -502.51 0.32 0.49 -0.71 0.55 0.25 0.61 0.40
20.00 109.31 -496.62 424.24 -236.14 -0.70 0.60 0.17 0.63 0.02 0.24 0.07
9.00 14.00 329.50 -2.72 -63.35 -0.38 0.97 0.09 0.45 0.20 0.10 0.03
5.00 5.48 274.38 124.94 395.53 -0.93 -0.92 -0.61 0.31 0.91 0.49 0.66
9.00 15.59 -649.92 330.28 173.06 0.84 -0.03 0.56 0.00 0.86 0.07 0.88
20.00 92.11 -160.93 89.38 592.92 0.89 0.76 0.77 0.10 0.65 0.84 0.56
5.00 0.65 -4.48 625.76 -285.41 -0.44 0.85 0.39 0.42 0.94 0.19 0.38
5.00 0.54 -504.74 452.39 -197.68 0.54 -0.90 0.89 0.39 0.76 0.64 0.39
14.00 26.59 49.15 532.51 -547.98 -0.65 0.25 -0.05 0.15 0.99 0.55 0.27
12.00 6.40 163.66 -247.18 540.93 0.18 -0.28 0.42 0.82 0.17 0.17 0.01
8.00 10.99 -132.85 -304.47 451.16 -0.43 -0.06 -0.93 0.67 0.11 0.24 0.08
7.00 3.78 195.67 -234.55 222.41 -0.61 0.07 0.75 0.28 0.23 0.02 0.95
17.00 20.46 -472.79 54.74 -621.33 0.00 -0.07 0.30 0.40 1.00 0.17 0.28
9.00 22.18 -549.30 -321.87 85.58 0.36 -0.24 0.65 0.06 0.87 0.59 0.14
10.00 2.08 -566.80 57.42 364.56 -0.32 -0.00 0.67 0.85 0.25 0.43 0.99
7.00 11.30 -95.93 -60.57 657.04 -0.41 -0.70 0.58 0.72 0.09 0.55 0.07
9.00 2.31 308.60 -468.32 74.93 -0.73 -0.19 -0.03 0.98 0.37 0.92 0.60
12.00 36.36 117.01 696.35 -224.95 0.75 0.64 -0.42 0.92 0.47 0.06 0.30
20.00 103.94 -244.60 -263.05 148.77 -0.90 0.07 0.62 0.78 0.07 0.98 0.34
10.00 20.22 202.34 -449.83 -521.48 0.22 -0.26 0.55 0.66 0.86 0.11 0.95
6.00 3.92 669.75 -267.38 148.40 -0.31 0.49 -0.01 0.95 0.04 0.36 0.20
13.00 36.32 -383.61 -164.66 -580.07 -0.50 0.80 -0.19 0.57 0.18 0.91 0.12
6.00 4.30 -57.39 125.39 -604.57 0.71 -0.81 0.93 0.44 0.13 0.67 0.81
6.00 9.42 590.44 -201.36 41.42 -0.77 -0.51 -0.83 0.60 0.14 0.45 0.14
10.00 1.47 -310.30 -603.87 412.78 -0.03 0.39 -0.81 0.38 0.93 0.52 0.66
9.00 17.07 197.81 300.36 -651.91 -0.06 -0.84 -0.93 0.39 0.01 0.80 0.48
11.00 32.43 341.62 167.04 528.95 -0.79 -0.65 -0.44 0.35 0.36 0.65 0.90
9.00 5.95 383.37 33.02 -550.68 0.08 0.46 0.61 0.65 0.12 0.42 0.45
7.00 7.63 -50.76 63.42 -264.12 -0.43 -0.15 -0.46 0.94 0.53 0.94 0.14
9.00 20.48 313.54 -631.77 -159.27 0.15 0.88 0.15 0.79 0.13 0.21 0.29
15.00 43.10 -284.43 358.02 -294.89 -0.33 0.47 -0.19 0.88 0.19 0.70 0.09
6.00 3.07 -314.95 -508.70 78.58 -0.35 0.59 0.13 0.19 0.06 0.58 0.20
10.00 12.38 188.57 152.22 -566.87 0.69 -0.29 -0.47 0.35 0.77 0.94 0.17
18.00 37.03 499.97 -331.16 -214.92 -0.92 0.73 -0.27 0.60 0.23 0.34 0.92
20.00 54.55 79.72 379.77 302.45 -0.21 0.27 -0.89 0.43 0.26 0.95 0.41
11.00 23.08 440.34 -12.32 -299.40 -0.99 0.91 0.07 0.09 0.81 0.41 0.60
11.00 30.53 35.29 -208.25 -549.06 -0.04 0.81 0.57 0.42 0.18 0.96 0.15
6.00 2.49 136.27 -163.09 541.87 0.04 0.14 -0.59 0.67 0.36 0.97 0.17
12.00 31.62 27.60 -596.95 140.78 0.09 -0.46 -0.62 0.61 0.87 0.13 0.65
38.00 233.12 582.36 -55.10 -78.10 -0.83 0.45 0.38 0.76 0.17 0.30 0.82
12.00 19.63 114.46 -564.05 239.61 -0.75 -0.90 -0.53 0.54 0.08 0.34 0.32
11.00 4.17 -511.75 -437.28 359.02 -0.51 -0.20 -0.73 0.81 0.19 0.38 0.77
5.00 3.43 -624.63 -483.13 -91.50 -0.17 0.06 -0.51 0.35 0.95 0.45 0.46
8.00 13.06 -232.97 73.12 -460.77 -0.05 -0.05 0.75 0.60 0.93 0.18 0.42
10.00 3.92 -597.98 -401.52 -200.34 0.42 -0.40 -0.49 0.75 0.18 0.02 0.83
11.00 28.14 -354.07 5.18 177.51 -0.70 -0.70 0.08 0.24 0.61 0.99 0.42
11.00 9.63 72.59 -565.65 1.42 -0.91 -0.59 -0.45 0.53 0.85 0.28 0.79
8.00 6.51 -411.88 -1.21 -449.19 -0.15 0.27 0.65 0.12 0.66 0.21 0.52
7.00 0.87 678.72 18.22 403.23 0.96 0.87 0.32 0.47 0.11 0.46 0.29
7.00 9.98 -136.97 407.13 204.16 -0.82 0.24 -0.92 0.21 0.86 0.64 0.13
20.00 53.13 -112.32 -548.75 209.98 0.07 -0.99 -0.87 0.16 0.34 0.76 0.67
7.00 5.07 -355.07 -132.87 -407.19 0.81 -0.44 0.86 0.75 0.97 0.41 0.31
15.00 47.73 364.79 -669.59 -160.75 0.42 0.05 0.03 0.46 0.08 0.21 0.66
24.00 73.98 482.15 431.24 -195.02 -0.66 -0.97 0.67 0.33 0.02 0.96 0.44
8.00 3.26 371.80 319.28 -427.82 0.90 0.97 -0.97 0.05 0.82 0.98 0.17
12.00 19.85 486.53 145.37 557.66 0.93 0.94 0.80 0.56 0.33 0.22 0.79
14.00 21.32 -275.65 269.63 45.67 0.55 -0.03 0.21 0.48 0.93 0.38 0.31
7.00 1.70 -487.64 -285.78 26.09 0.06 0.30 -0.69 0.34 0.57 0.69 0.26
9.00 8.09 60.54 596.49 -361.65 0.30 0.05 -0.10 0.99 0.55 0.60 0.12
11.00 6.66 169.25 -703.82 -258.22 0.95 0.52 0.37 0.81 0.01 0.10 0.39
7.00 6.89 231.41 -462.03 604.91 -0.73 -0.20 0.27 0.75 0.35 0.42 0.18
22.00 28.97 -103.33 -459.00 -159.76 -0.64 -0.35 -0.66 0.31 0.87 0.52 0.82
31.00 85.89 722.99 -219.42 -243.90 0.28 -0.72 0.01 0.72 0.43 0.37 0.00
11.00 31.44 -467.55 54.12 290.80 -0.12 -0.84 0.69 0.81 0.54 0.36 0.84
17.00 36.15 348.32 -295.69 -329.00 -0.07 0.78 -0.52 0.68 0.50 0.01 0.41
8.00 12.51 -315.20 -525.98 -170.07 -0.38 -0.54 -0.99 0.50 0.42 0.01 0.73
9.00 21.85 71.40 -97.35 -747.74 0.45 -0.21 -0.81 0.85 0.94 0.89 0.11
5.00 5.99 246.75 429.09 -145.49 -0.03 -0.43 0.78 0.59 0.59 0.48 0.36
18.00 2.94 118.93 -387.43 -494.02 -0.58 0.99 -0.85 0.90 0.85 0.18 0.04
19.00 0.31 -310.73 128.50 451.31 -0.37 -0.88 0.84 0.08 0.76 0.19 0.32
7.00 12.48 -87.59 453.15 -47.64 -0.77 0.85 0.95 0.52 0.40 0.19 0.80
9.00 18.64 -195.58 -45.54 -382.06 -0.17 0.66 -0.06 0.68 0.83 0.77 0.41
12.00 29.17 451.12 227.52 405.91 -0.36 0.61 0.09 0.38 0.38 0.80 0.32
8.00 16.36 -384.13 -28.89 -257.63 -0.15 -0.88 -0.47 0.51 0.77 0.89 0.06
7.00 3.62 125.14 93.92 381.81 0.25 0.75 -0.38 0.36 0.46 0.90 0.50
15.00 48.04 -316.48 323.92 240.74 -0.24 -0.38 0.44 0.80 0.21 0.68 0.94
15.00 39.62 -112.76 -594.32 -125.82 -0.93 0.10 -0.39 0.87 0.15 0.69 0.05
9.00 5.05 -579.17 72.41 -424.18 0.90 -0.46 -0.97 0.34 0.94 0.35 0.86
9.00 9.94 449.62 -348.89 -161.47 0.90 0.03 0.78 0.35 0.68 0.83 0.15
7.00 8.53 -146.56 598.51 -332.26 0.23 -0.05 0.70 0.52 0.32 0.68 0.66
22.00 58.14 -264.37 154.70 654.33 0.13 -0.28 0.12 0.03 0.49 0.14 0.45
9.00 15.83 -41.34 248.49 313.29 0.71 -0.53 0.73 0.04 0.07 0.68 0.47
15.00 46.80 -150.14 218.86 -433.64 0.64 0.49 0.16 0.82 0.67 0.63 0.25
5.00 1.94 -215.01 -642.15 161.79 -0.06 -0.92 -0.08 0.72 0.48 0.97 0.73
11.00 17.88 145.38 45.04 -712.21 -0.55 0.92 0.93 0.19 0.48 0.19 0.87
16.00 20.93 650.84 -182.66 -283.62 -0.91 -0.95 0.81 0.16 0.43 0.45 0.80
39.00 300.91 -250.45 -57.02 -317.63 0.69 0.75 0.34 0.91 0.47 0.09 0.85
33.00 136.71 -411.90 -560.50 379.12 -0.83 0.06 -0.17 0.63 0.49 0.79 0.17
8.00 3.03 233.67 -576.59 -213.27 -0.75 -0.61 -0.73 0.97 0.09 0.79 0.20
8.00 5.63 -55.79 269.83 237.71 0.52 -0.64 0.40 0.39 0.92 0.00 0.29
7.00 8.71 147.27 -450.49 625.23 0.12 0.22 -0.32 0.40 0.95 0.17 0.56
10.00 16.13 575.04 -502.69 -74.12 -0.61 -0.52 0.18 0.56 0.19 0.18 0.27
8.00 1.40 119.76 -589.42 467.01 0.00 -0.47 -0.19 0.01 0.16 0.66 0.32
25.00 78.98 160.97 -502.79 -195.33 -0.18 0.91 -0.62 0.93 0.17 0.07 0.84
14.00 11.17 -206.58 -421.27 -87.89 0.26 0.26 -0.82 0.11 0.47 0.72 0.71
5.00 1.37 -82.52 -597.33 -420.78 0.37 -0.26 0.28 0.16 0.67 0.28 0.10
16.00 2.31 -132.10 251.89 -724.66 0.45 0.48 -0.03 0.69 0.25 0.82 0.75
9.00 11.89 116.68 303.02 -501.74 0.87 0.71 0.75 0.15 0.25 0.35 0.09
6.00 4.28 657.60 -234.46 -298.89 -0.82 0.43 -0.75 0.36 0.53 0.74 0.97
20.00 92.94 -130.63 -83.34 -37.80 -0.20 0.11 -0.91 0.38 0.86 0.61 0.76
6.00 1.14 -238.07 -687.99 45.22 -0.31 0.27 0.24 0.41 0.71 0.88 0.49
15.00 50.85 419.56 289.78 561.76 0.61 0.77 0.45 0.56 0.83 0.51 0.40
5.00 1.88 -56.56 540.04 -442.75 -0.34 0.29 -0.69 0.66 0.83 0.27 0.75
16.00 18.50 52.57 247.02 319.78 -0.95 -0.60 0.52 0.27 0.20 0.99 0.03
33.00 209.80 -309.43 -166.11 603.61 -0.56 0.45 -0.15 0.97 0.29 0.43 0.75
12.00 30.68 -422.57 -269.99 375.15 0.44 0.44 -0.70 0.36 0.63 0.25 0.47
20.00 19.25 80.44 -29.33 177.20 0.09 -0.46 -0.84 0.66 0.09 0.80 0.24
16.00 23.01 -607.68 459.38 103.26 -0.36 0.57 0.98 0.04 0.54 0.81 0.24
12.00 11.30 310.96 -166.22 -231.33 -0.16 0.30 -0.98 0.97 0.10 0.34 0.94
19.00 52.57 88.25 315.67 436.71 0.46 0.98 -0.73 0.78 0.94 0.73 0.73
6.00 1.25 389.07 -502.52 308.80 -0.35 -0.45 -0.70 0.95 0.64 0.04 0.49
18.00 0.83 -128.71 -313.32 285.40 0.45 0.64 0.75 0.96 0.42 0.10 0.41
6.00 1.30 133.43 408.56 114.66 0.45 -0.91 0.50 0.80 0.21 0.44 0.05
9.00 12.12 658.82 179.25 -298.75 -1.00 -0.93 -0.14 0.04 0.68 0.65 0.83
14.00 27.80 -117.54 86.71 -752.22 -0.64 0.24 0.64 0.99 0.23 0.71 0.60
25.00 27.89 -538.77 -61.44 -543.86 0.43 -0.80 -0.20 0.36 0.13 0.47 0.23
11.00 11.12 -574.91 -272.29 396.65 0.68 0.12 -0.62 0.54 0.45 0.42 0.62
13.00 15.68 663.74 160.09 380.98 0.29 0.86 -0.55 0.11 0.17 0.77 0.68
7.00 12.96 368.17 83.87 549.88 -0.92 -0.68 -0.84 0.75 0.74 0.72 0.83
14.00 18.96 -504.95 -348.08 -203.23 0.30 0.15 0.56 0.93 0.18 0.15 0.74
11.00 28.15 621.78 -83.25 468.08 0.11 -0.34 -0.30 0.57 0.16 0.08 0.42
11.00 5.45 326.52 -84.42 -413.92 -0.88 0.17 -0.09 0.66 0.15 0.34 0.51
9.00 12.13 183.00 -645.90 -306.08 -0.25 0.05 -0.66 0.88 0.39 0.55 0.68
5.00 0.75 -130.83 -1.41 524.14 -0.26 0.34 -0.63 0.86 0.79 0.55 0.74
26.00 172.88 -343.83 643.41 137.10 -0.98 1.00 -0.95 0.92 0.04 0.38 0.42
5.00 6.64 200.00 -506.19 -509.25 -0.81 0.15 0.70 0.62 0.15 0.60 0.00
13.00 33.84 -126.65 30.67 -142.93 -0.39 0.48 0.88 0.31 0.85 0.04 0.24
6.00 7.48 510.42 -443.71 -49.15 0.52 0.14 0.89 0.79 0.92 0.28 0.80
5.00 2.00 -147.17 322.04 213.94 0.14 0.34 -0.42 0.77 0.73 0.84 0.69
21.00 88.05 -147.84 -504.03 -506.51 -0.11 -0.18 -0.30 0.41 0.58 0.23 0.88
13.00 16.07 -648.96 352.31 159.61 0.33 0.03 0.19 0.44 0.89 0.39 0.79
8.00 14.86 -466.50 -300.88 -240.79 0.29 -0.52 0.96 0.55 0.77 0.33 0.17
17.00 47.95 350.58 -262.66 -157.32 -0.31 -0.42 0.71 0.64 0.52 0.84 0.31
10.00 0.83 -493.20 -123.67 -408.97 -0.11 0.19 0.66 0.02 0.33 0.15 0.25
25.00 95.42 -73.59 -327.84 426.95 0.71 -0.26 -0.50 0.39 0.45 0.13 0.14
14.00 52.89 432.51 317.24 -207.39 0.81 0.89 0.56 0.32 0.46 0.58 0.92
13.00 41.94 -286.85 178.38 211.82 0.02 0.65 0.81 0.28 0.05 0.58 0.94
17.00 54.79 -228.83 -42.13 145.34 0.12 -0.42 0.55 0.33 0.14 0.46 0.44
9.00 4.26 -192.91 80.88 -558.37 0.37 0.36 0.29 0.09 0.72 0.91 0.05
5.00 5.07 101.79 616.12 350.98 0.45 -0.98 0.24 0.11 0.60 0.19 0.72
16.00 28.97 726.63 -111.82 -272.58 0.05 -0.03 -0.01 0.64 0.39 0.97 0.56
16.00 66.59 555.16 23.37 506.25 0.01 0.42 -0.95 0.62 0.39 0.09 0.09
8.00 17.47 -375.64 256.65 -613.66 -0.35 0.72 0.72 0.50 0.30 0.88 0.39
6.00 6.70 191.34 -352.36 84.85 -0.02 0.75 -0.93 0.07 0.45 0.14 0.13
5.00 0.38 408.30 -198.90 -646.96 -0.26 -0.44 0.49 0.32 0.36 0.11 0.41
7.00 10.89 451.27 -234.95 -571.81 -0.22 -0.68 0.21 0.73 0.18 0.77 0.37
5.00 0.40 -305.42 329.07 -155.29 -0.39 0.10 0.21 0.33 0.24 0.59 0.98
24.00 109.05 -374.94 101.41 -370.51 -0.49 0.89 0.44 0.01 0.38 0.21 0.19
12.00 32.99 434.71 -570.10 96.70 0.97 0.88 0.98 0.44 0.44 0.10 0.50
18.00 63.31 605.26 42.09 -74.68 -0.70 -0.28 0.41 0.08 0.66 0.17 0.07
17.00 54.03 388.62 -433.22 -322.06 -0.07 0.82 0.43 0.71 0.71 0.74 0.95
12.00 13.94 -34.13 -447.50 357.64 0.48 0.95 -0.54 0.86 0.03 0.58 0.42
14.00 44.48 468.66 1.60 70.63 0.43 -0.28 0.29 0.85 0.21 0.01 0.78
36.00 226.82 95.50 115.33 -217.06 0.72 0.32 -0.49 0.66 0.52 0.73 0.41
11.00 18.16 541.53 -253.81 -449.44 0.26 0.85 0.58 0.70 0.11 0.46 0.79
12.00 24.88 -94.56 673.27 -317.58 0.41 -0.01 -0.91 0.99 0.81 0.65 0.83
6.00 2.45 -175.19 330.44 -644.65 -0.63 -0.88 -0.09 0.94 0.68 0.16 0.87
22.00 32.59 508.67 -291.88 382.29 0.50 0.33 -0.29 0.21 0.87 0.75 0.66
11.00 30.42 -185.51 163.19 138.61 -0.93 -0.40 0.14 0.61 0.21 0.92 0.59
19.00 79.66 -238.83 -372.72 -175.58 0.20 -0.46 -0.13 0.25 0.75 0.63 0.22
9.00 15.13 -204.04 -604.04 246.85 0.12 -0.78 -1.00 0.66 0.53 0.83 0.44
21.00 40.80 -139.76 -28.24 146.86 -0.88 -0.13 -0.86 0.63 0.85 0.23 0.07
17.00 3.71 -23.38 -30.02 468.97 -0.48 -0.45 -0.48 0.89 0.89 0.84 0.06
8.00 13.05 -582.81 -49.31 224.70 0.99 -0.72 0.24 0.96 0.40 0.78 0.60
7.00 7.70 221.62 -40.15 78.15 -0.19 0.77 -0.48 0.14 0.89 0.21 0.59
10.00 26.48 550.18 -216.73 2.06 -0.09 -0.45 -0.41 0.41 0.62 0.33 0.69
13.00 24.69 -640.29 -190.41 25.65 0.32 -0.68 -0.24 0.41 0.14 0.61 0.10
7.00 13.41 406.63 582.37 185.83 0.82 0.65 -0.48 0.66 0.57 0.87 0.50
17.00 1.05 192.09 396.06 -481.42 -0.50 0.04 -0.28 0.14 0.62 0.01 0.22
5.00 6.46 -250.51 -500.20 -518.11 -0.66 -0.76 -0.43 0.51 0.48 0.09 0.21
5.00 2.50 -119.95 468.22 352.07 -0.22 0.61 0.88 0.35 0.30 1.00 0.43
23.00 45.55 24.93 85.17 714.69 0.27 -0.25 0.83 0.48 0.04 0.57 0.59
9.00 13.19 116.71 114.54 66.01 0.00 -0.15 -0.30 0.44 0.13 0.39 0.31
26.00 35.92 -166.36 667.33 243.79 -0.75 -0.73 0.43 0.61 0.67 0.84 0.50
8.00 15.98 -377.77 -227.27 -409.20 0.03 -0.73 0.96 0.09 0.23 0.48 0.88
6.00 3.60 -58.35 -600.81 207.13 -0.92 -0.70 0.32 0.67 0.35 0.94 0.23
12.00 26.68 180.12 -676.69 -169.81 0.14 -0.66 0.09 0.62 0.59 0.55 0.53
10.00 18.27 -200.81 74.96 291.02 -0.14 0.68 0.23 0.37 0.05 0.87 0.83
7.00 2.98 -319.86 320.91 551.06 0.73 0.05 -0.54 0.21 0.51 0.20 0.04
14.00 24.09 -175.11 -734.84 -35.20 -0.92 0.10 0.40 0.40 0.62 0.37 0.22
6.00 1.76 -512.54 -280.69 202.77 -0.76 0.20 0.91 0.02 0.82 0.25 0.21
6.00 1.88 -310.11 -651.58 -78.05 0.32 0.20 -0.44 0.50 0.61 0.16 0.44
18.00 87.21 -670.98 -319.83 -39.14 -0.90 0.56 0.41 0.75 0.49 0.71 0.39
6.00 5.35 -113.41 -200.36 531.72 -0.93 -0.97 -0.30 0.69 0.34 0.66 0.13
24.00 84.02 -612.68 -174.94 -469.62 0.62 0.53 -0.30 0.57 0.36 0.45 0.71
11.00 25.14 374.22 493.20 -255.88 0.96 0.69 0.26 0.81 0.02 0.67 0.32
8.00 7.85 -571.73 -496.79 -35.57 -0.84 0.14 0.55 0.80 0.83 0.56 0.57
5.00 4.76 599.68 122.91 -221.90 0.39 -0.99 -0.99 0.41 0.61 0.42 0.44
8.00 14.27 -13.01 -650.00 382.59 0.47 0.85 0.68 0.72 0.03 0.65 0.08
6.00 7.35 36.99 -127.96 746.40 0.90 0.33 -0.14 0.19 0.13 0.67 0.36
18.00 70.50 -556.73 235.55 441.10 0.77 -0.96 -0.10 0.30 0.97 0.12 0.25
6.00 5.55 -103.53 -152.51 -374.75 0.84 0.50 -0.88 0.78 0.96 0.12 0.98
10.00 7.13 -49.17 -270.12 628.09 0.98 0.69 0.72 0.26 0.33 0.98 0.29
33.00 264.26 426.94 -73.17 -259.37 0.00 0.09 0.99 0.40 0.56 0.18 0.32
7.00 8.43 -186.16 402.58 538.94 -0.84 -0.36 0.66 0.18 0.93 0.62 0.79
10.00 3.20 -342.40 250.32 -389.79 -0.23 -0.71 -0.89 0.17 0.42 0.28 0.35
11.00 29.97 186.42 -306.77 226.15 0.53 -0.59 0.75 0.87 0.85 0.71 0.09
10.00 0.26 170.82 -188.59 214.11 0.79 -0.41 -0.50 0.55 0.52 0.56 0.04
15.00 8.15 -183.36 524.47 522.09 0.40 -0.32 0.90 0.11 0.50 0.76 0.22
7.00 9.76 198.64 352.07 431.29 -0.66 0.31 -0.82 0.22 0.26 0.34 0.78
10.00 14.81 -662.24 59.60 -328.54 0.81 -0.01 -0.00 0.59 0.22 0.85 0.65
6.00 2.44 -536.83 482.21 340.42 0.39 0.27 -0.84 0.16 0.62 0.80 0.49
17.00 33.34 -726.90 85.54 -287.31 -0.01 0.22 0.02 0.22 0.81 0.09 0.83
26.00 27.15 50.70 474.87 -578.45 -0.92 -1.00 0.28 0.62 0.25 0.85 0.74
10.00 2.68 257.30 323.44 122.78 -0.58 -0.88 -0.91 0.01 0.95 0.52 0.42
13.00 45.75 623.09 -195.13 -88.08 -0.71 -0.26 0.95 0.52 0.40 0.94 0.03
16.00 54.08 97.45 -305.41 308.03 -0.24 0.62 0.04 0.15 0.21 0.72 0.37
10.00 24.06 -186.54 86.08 712.21 -0.34 0.88 -0.06 0.36 0.67 0.92 0.69
10.00 21.74 -315.38 183.08 -137.36 -0.26 -0.16 0.88 0.01 0.66 0.82 0.31
15.00 14.46 -567.13 -409.30 66.45 0.75 -0.26 -0.37 0.54 0.49 0.70 0.14
6.00 6.97 623.83 76.21 143.03 -0.91 -0.27 -0.60 0.38 0.23 0.15 0.56
6.00 3.67 -382.89 594.40 -234.33 -0.94 0.20 0.70 0.34 0.65 0.84 0.15
26.00 160.36 45.72 495.86 31.86 -0.76 0.49 0.67 0.11 0.45 0.40 0.17
9.00 21.70 296.76 293.48 -352.87 -0.78 0.52 -0.92 0.48 0.83 0.34 0.38
6.00 7.51 480.59 -270.32 182.78 -0.98 0.09 -0.60 0.22 0.28 0.17 0.72
8.00 6.96 159.86 221.87 127.58 -0.29 0.80 0.47 0.75 0.66 0.54 0.76
15.00 16.71 -74.46 651.72 -268.82 -0.42 -0.33 0.18 0.74 0.30 0.59 0.60
10.00 21.68 -398.74 -330.58 196.59 0.69 0.53 0.05 0.25 0.75 0.05 0.55
5.00 2.89 -94.89 -640.59 31.76 0.47 -0.59 -0.38 0.70 0.70 0.04 0.17
11.00 31.14 22.98 517.15 533.93 0.18 -0.19 0.36 0.82 0.29 0.92 0.95
8.00 3.84 -112.35 -540.00 -134.92 -0.19 -0.75 0.09 0.23 0.75 0.54 0.17
11.00 22.64 -297.80 -293.67 28.76 -0.01 -0.88 -0.38 0.52 0.19 0.10 0.66
22.00 84.67 -449.70 78.39 151.73 0.49 0.91 -0.19 0.09 0.06 0.18 0.34
14.00 14.95 -728.05 -64.49 303.43 0.54 0.71 -0.88 0.91 0.07 0.47 0.44
7.00 5.33 -304.75 -442.26 -490.49 -0.76 0.16 -0.96 0.54 0.25 0.03 0.97
12.00 33.74 490.82 -553.64 211.95 0.62 -0.72 0.78 0.36 0.07 0.90 0.73
9.00 5.90 -483.78 -463.58 264.19 -0.48 0.25 0.38 0.40 0.07 0.15 0.65
14.00 21.70 153.58 -150.20 590.81 0.32 -0.09 -0.07 0.78 0.72 0.79 0.23
10.00 26.75 459.42 290.69 253.84 0.76 -0.43 0.87 0.34 0.55 0.92 0.52
15.00 54.18 47.88 -591.60 -419.42 -0.72 -0.28 -0.19 0.42 0.76 0.16 0.42
10.00 8.71 -80.09 -25.42 276.17 0.15 -0.01 -0.99 0.83 0.02 0.51 0.47
14.00 15.27 -418.00 -225.37 -203.84 -0.46 -0.21 -0.27 0.13 0.67 0.58 0.27
18.00 4.79 284.48 333.97 534.01 -0.86 0.65 -0.78 0.04 0.34 0.15 0.05
9.00 8.12 -275.90 -280.35 -696.22 -0.03 0.79 -0.63 0.59 0.08 0.51 0.39
5.00 3.82 -234.95 561.12 437.84 -0.87 -0.06 -0.61 0.53 0.54 0.26 0.98
11.00 22.75 -227.20 -492.74 -402.16 -0.62 -0.79 -0.60 0.50 0.88 0.53 0.57
6.00 6.10 760.81 -196.72 116.21 -0.13 0.41 -0.48 0.85 0.32 0.52 0.61
9.00 0.88 119.85 -348.34 230.82 0.13 0.57 0.71 0.42 0.29 0.65 0.16
8.00 10.53 -643.02 -126.63 -15.69 -0.83 0.02 0.49 0.10 0.32 0.08 0.67
9.00 17.56 458.36 -629.68 3.40 -0.52 0.50 -0.62 0.19 0.07 0.02 0.39
6.00 6.88 -29.21 443.78 242.13 -0.46 0.20 -0.61 0.18 0.10 0.12 0.64
15.00 41.85 27.23 -83.66 275.94 -0.81 -0.91 -0.12 0.08 0.55 0.67 0.14
9.00 11.00 336.06 370.69 441.55 0.76 -0.34 -0.09 0.79 0.83 0.17 0.67
5.00 6.14 -141.44 -13.15 100.67 -0.98 -0.64 -0.10 0.71 0.50 0.88 0.23
13.00 27.11 132.47 -695.94 128.05 0.67 -0.37 -0.22 0.31 0.40 0.43 0.18
6.00 6.06 -39.28 -52.47 592.83 -0.50 -0.99 0.54 0.82 0.71 0.32 0.81
20.00 91.12 -468.43 195.12 -155.34 0.62 0.08 0.02 0.29 1.00 0.81 0.68
19.00 62.21 -551.77 561.93 -125.43 0.37 -0.58 -0.81 0.87 0.17 0.19 0.15
8.00 11.34 184.41 495.47 258.13 -0.49 -0.65 -0.88 0.25 0.04 0.87 0.60
11.00 2.15 -363.23 -453.80 -231.42 -0.64 0.29 -0.93 0.82 0.43 0.53 0.70
7.00 1.74 285.04 -106.00 586.75 -0.08 -0.90 -0.37 0.55 0.35 0.49 0.96
5.00 2.16 -275.32 237.47 -609.30 -0.90 -0.73 -0.08 0.82 0.42 0.07 0.72
20.00 71.06 -488.97 -203.66 21.78 0.52 0.98 -0.02 0.84 0.50 0.89 0.97
9.00 8.59 156.06 -367.01 19.21 0.44 0.10 0.87 0.44 0.82 0.60 0.72
9.00 16.01 -447.70 -297.05 -408.82 -0.70 0.74 -0.10 0.90 0.20 0.57 0.63
6.00 3.58 108.13 -26.67 348.50 0.92 0.66 -0.36 0.91 0.31 0.90 0.80
18.00 25.45 -327.76 424.77 -571.41 0.07 -0.61 -0.80 0.03 0.75 0.55 0.54
7.00 11.68 632.48 132.13 101.85 0.29 0.80 0.02 0.25 0.70 0.61 0.22
9.00 0.45 -648.74 -444.17 -98.37 -0.13 0.85 0.06 0.69 0.76 0.03 0.56
11.00 6.22 365.29 -593.75 158.76 -0.50 -0.20 -0.22 0.45 0.72 0.01 0.58
9.00 21.05 -190.01 -408.46 52.82 0.71 0.78 0.14 0.36 0.86 0.57 0.78
9.00 10.43 -390.34 149.92 24.93 0.39 -0.57 -0.83 0.78 0.66 0.10 0.32
5.00 0.28 43.39 -290.06 -568.96 -0.04 0.01 -0.11 0.79 0.55 0.57 0.57
6.00 4.86 -655.17 76.49 184.06 0.91 0.21 -0.69 0.83 0.82 0.20 0.38
6.00 7.42 425.99 553.73 156.62 -0.22 0.74 0.03 0.17 0.95 0.33 0.57
7.00 12.24 437.78 55.12 -293.74 0.32 -0.83 -0.30 0.48 0.32 0.08 0.76
21.00 23.60 -70.73 -148.91 -531.55 -0.75 0.52 0.86 0.29 0.34 0.47 0.56
16.00 15.52 611.77 385.88 -73.42 0.11 -0.37 0.79 0.88 0.16 0.72 0.79
5.00 2.54 287.93 -21.99 213.54 0.41 0.82 -0.15 0.62 0.03 0.72 0.67
9.00 19.22 473.03 -311.10 50.14 -0.73 0.29 0.83 0.28 0.31 0.52 0.17
12.00 14.47 43.31 -708.73 52.96 0.49 -0.75 -0.90 0.74 0.94 0.03 0.41
22.00 91.23 -633.56 107.78 371.92 0.36 1.00 -0.49 0.86 0.60 0.09 0.09
12.00 11.49 -403.44 -72.04 -583.09 -0.54 0.44 0.72 0.91 0.75 0.92 0.34
5.00 5.61 98.86 -344.50 -652.76 0.42 0.45 0.96 0.08 0.67 0.86 0.77
27.00 30.15 -107.53 93.68 -570.14 -0.00 0.45 -0.94 0.88 0.26 0.60 0.11
31.00 72.86 298.51 -338.31 -576.06 0.88 0.28 0.58 0.55 0.19 0.41 0.71
6.00 4.54 442.58 292.13 -77.00 0.64 0.11 -0.96 0.86 0.56 0.38 0.73
8.00 4.60 -339.49 -521.63 12.56 0.68 -0.62 0.99 0.35 0.75 0.78 0.01
8.00 14.01 -127.89 -228.66 118.00 0.86 0.15 -0.24 0.20 0.93 0.37 0.61
7.00 10.60 219.86 137.93 140.35 0.72 0.80 -0.59 0.73 0.80 0.67 0.70
5.00 3.16 -267.77 209.02 -619.13 0.82 0.41 0.73 0.28 0.70 0.83 0.40
8.00 16.94 30.94 125.11 -337.07 -0.87 0.12 0.43 0.66 0.39 0.27 0.94
21.00 19.70 -82.80 1.12 -95.66 0.57 0.48 -0.91 0.32 0.35 0.40 0.98
11.00 6.01 -443.43 -52.58 -540.42 0.09 -0.51 0.24 0.49 0.92 0.71 0.98
5.00 6.73 151.03 305.78 633.77 -0.17 -0.89 0.64 0.31 0.25 0.09 0.71
6.00 5.32 -346.57 398.63 474.82 0.14 1.00 0.08 0.32 0.15 0.39 0.69
6.00 7.65 -663.01 50.36 126.15 -0.35 -0.26 0.33 0.84 0.49 1.00 0.54
8.00 13.16 113.02 -432.06 -660.24 0.96 0.50 -0.89 0.07 0.20 0.98 0.02
16.00 33.15 -296.31 -485.53 -492.36 -0.50 -0.94 0.73 0.18 0.55 0.09 1.00
5.00 0.98 -293.09 640.23 54.95 0.96 0.66 -0.67 0.30 0.02 0.87 0.79
15.00 25.19 389.53 -426.71 222.51 0.88 -0.98 0.27 0.33 0.41 0.93 0.03
17.00 18.89 278.79 76.47 629.42 -0.18 0.36 0.30 1.00 0.64 0.97 0.08
8.00 11.10 -395.77 -381.43 229.27 0.46 -0.40 -0.81 0.45 0.94 0.85 0.09
10.00 3.77 -17.03 -77.90 -49.89 0.81 -0.03 -0.32 0.92 0.24 0.11 0.96
5.00 5.60 -244.98 -355.30 208.49 -0.32 -0.26 -0.91 0.03 0.46 0.09 0.97
6.00 9.26 529.09 -464.55 -134.01 -0.15 0.39 -0.86 0.15 0.54 0.80 0.22
17.00 11.03 -68.81 459.60 -651.15 0.87 -0.99 0.42 0.82 0.01 0.78 0.35
5.00 0.80 47.98 -451.87 342.99 0.02 -0.20 -0.49 0.40 0.33 0.41 0.33
8.00 5.48 -114.39 727.03 59.59 0.92 -0.17 -0.15 0.04 0.76 0.19 0.04
10.00 12.06 -336.72 -267.06 72.61 -0.11 -0.26 0.15 0.62 0.56 0.90 0.47
5.00 6.22 269.02 133.35 -438.73 -0.06 -0.57 -0.79 0.58 0.55 0.20 0.04
21.00 50.53 -407.26 -610.04 302.08 0.26 0.44 0.91 0.90 0.91 0.42 0.12
6.00 6.79 -65.66 3.25 162.26 0.24 0.65 0.40 0.96 0.38 0.48 0.87
5.00 2.32 105.45 -230.01 743.55 -0.39 -0.05 -0.77 0.27 0.14 0.38 0.28
6.00 3.10 -560.28 5.63 113.86 -0.66 -0.37 -0.55 0.16 0.47 0.27 0.74
9.00 10.03 504.44 3.17 189.21 -0.82 0.16 0.73 0.85 0.09 0.03 0.78
6.00 7.67 -506.28 -41.47 -77.73 -0.82 0.97 -0.97 0.44 0.40 0.77 0.59
20.00 0.77 289.46 -197.88 -490.64 -0.29 -0.50 -0.55 0.34 0.38 0.77 0.82
6.00 3.48 646.56 -262.03 338.87 -0.06 -0.48 0.32 0.43 0.27 0.42 0.81
6.00 7.51 281.08 -120.58 -262.97 0.26 -0.83 0.76 0.54 0.00 0.58 0.42
9.00 13.21 -388.13 -366.27 -102.71 -0.39 0.10 0.50 0.18 0.26 0.86 0.88
10.00 23.68 191.53 129.75 519.41 0.14 -0.27 -0.05 0.18 0.65 0.04 0.84
23.00 125.33 -49.04 -285.69 446.16 0.47 -0.56 -0.76 0.66 0.22 0.12 0.93
14.00 23.36 95.58 501.43 0.21 -0.10 -0.72 0.72 0.33 0.45 0.19 0.24
9.00 1.30 242.29 -672.99 44.95 -0.96 -0.76 -0.47 0.81 0.34 0.24 0.60
7.00 3.91 -54.95 429.49 19.23 0.64 -0.91 -0.84 0.12 0.13 0.10 0.72
7.00 4.02 378.57 309.19 -629.11 -0.37 -0.31 0.72 0.98 0.80 0.14 0.68
15.00 16.48 276.29 237.30 -607.75 -0.88 -0.09 -0.52 0.54 0.14 0.22 0.51
10.00 6.46 -54.40 574.54 -507.12 0.69 -0.84 -0.53 0.99 0.69 0.68 0.71
6.00 8.63 -625.59 373.61 -185.06 0.86 -0.08 -0.86 0.21 0.96 0.44 0.16
10.00 25.42 -514.80 541.49 -86.42 -0.37 -0.01 -0.90 0.48 0.15 0.23 0.87
8.00 9.53 105.08 121.19 251.25 -0.23 0.11 -0.84 0.24 0.50 0.53 0.17
10.00 5.28 547.54 390.19 249.06 0.05 0.12 0.06 0.73 0.54 0.97 0.55
15.00 18.52 6.46 640.37 166.76 -0.14 -0.35 -0.36 0.87 0.14 0.26 0.49
5.00 4.09 586.33 182.01 -350.19 1.00 0.08 1.00 0.78 0.85 0.32 0.01
8.00 1.02 96.14 -128.41 -649.13 -0.71 -0.07 -0.24 0.47 0.07 0.88 0.26
8.00 3.68 284.10 178.26 298.58 -0.11 -0.57 -0.64 0.00 1.00 0.75 0.52
26.00 79.28 -295.71 703.65 201.08 0.24 0.27 0.97 0.80 0.57 0.37 0.41
36.00 84.91 4.32 255.28 437.89 0.41 -0.31 -0.43 0.38 0.72 0.03 0.57
10.00 19.77 -632.24 -181.30 117.25 0.88 0.43 0.59 0.19 0.50 0.84 0.95
21.00 66.78 -489.68 203.58 260.98 -0.76 0.37 -0.26 0.58 0.99 0.40 0.84
21.00 59.04 -693.33 104.86 -193.01 0.58 -0.01 0.10 0.05 0.49 0.26 0.90
14.00 50.45 -91.59 166.67 680.67 0.83 -0.61 -0.61 0.33 0.13 0.99 0.97
6.00 1.00 -698.42 -116.93 230.95 -0.95 -0.75 0.33 0.00 0.78 0.38 0.21
17.00 3.19 151.70 -698.36 -81.55 0.54 0.21 -0.32 0.78 0.43 0.76 0.49
18.00 30.05 679.64 201.47 339.09 0.61 0.88 0.46 0.92 0.53 0.43 0.04
13.00 30.08 -342.89 -11.18 52.49 -0.84 -0.86 -0.98 0.43 0.07 0.73 0.41
18.00 83.21 -736.28 -22.12 308.62 0.45 0.16 -0.40 0.35 0.60 0.16 0.89
16.00 24.00 240.35 51.49 -7.83 0.97 0.43 0.94 0.15 0.32 0.39 0.44
7.00 13.11 326.28 -113.86 382.31 -0.55 0.04 -0.02 0.02 0.52 0.47 0.94
7.00 3.29 507.67 -108.53 19.42 0.38 0.44 -0.86 0.11 0.42 0.71 0.27
20.00 76.12 -522.28 175.78 -98.00 0.33 0.81 -0.65 0.05 0.06 0.01 0.75
6.00 8.21 -721.40 -181.83 -275.48 0.57 0.96 0.68 0.25 0.89 0.42 0.54
11.00 17.01 -374.43 -518.62 156.01 -0.70 0.54 0.23 0.09 0.23 0.45 0.52
21.00 16.22 -3.17 -504.05 -515.34 -0.59 -0.06 -0.74 0.12 0.60 0.36 0.32
13.00 39.57 573.44 15.78 -547.51 0.34 -0.09 -0.84 0.35 0.50 0.13 1.00
7.00 9.87 150.87 336.78 110.90 0.70 0.92 0.04 0.85 0.10 0.48 0.83
17.00 47.72 -167.27 554.38 42.45 0.61 -0.82 -0.59 0.16 0.63 1.00 0.17
7.00 1.18 -149.68 -443.22 41.64 -0.41 0.27 -0.29 0.29 0.14 0.98 0.71
16.00 4.03 -698.62 179.57 17.67 -0.32 -0.01 0.92 0.87 0.32 0.65 0.10
14.00 43.51 67.39 102.01 730.67 0.59 0.19 -0.58 0.10 0.19 0.66 0.42
11.00 0.76 71.67 26.57 -261.14 -0.21 -0.79 0.21 0.86 0.57 0.35 0.32
8.00 9.92 -106.65 193.07 -116.69 0.47 -0.02 -0.46 0.32 0.15 0.83 0.65
12.00 0.14 262.39 -177.81 -420.71 -0.54 0.57 -0.28 0.41 0.36 0.11 0.54
10.00 23.88 -69.13 104.06 513.41 0.66 0.35 0.07 0.38 0.82 0.58 0.69
8.00 16.15 -708.54 -34.20 -302.78 -0.01 -0.46 0.11 0.29 0.89 0.44 0.44
12.00 13.49 -189.80 -312.82 -637.55 -0.80 -0.67 0.95 0.10 0.40 0.52 0.24
7.00 11.05 174.38 152.68 -539.16 -0.65 0.63 0.79 0.95 0.68 0.46 0.90
19.00 13.30 311.74 214.93 -248.83 -0.06 0.52 0.21 0.24 0.11 0.80 0.52
31.00 113.01 592.97 35.91 49.99 0.53 0.33 0.46 0.18 0.45 0.82 0.79
9.00 13.73 58.12 576.46 -534.43 -0.61 -0.10 0.04 0.06 0.12 0.04 0.93
10.00 13.49 -184.69 -444.94 -529.96 -0.93 0.21 -0.32 0.36 0.35 0.21 0.19
8.00 1.43 7.39 707.26 -186.01 0.19 0.73 -0.47 0.07 0.74 0.79 0.22
6.00 7.85 -177.91 436.45 -586.38 0.33 -0.70 0.30 0.59 0.00 0.03 0.12
23.00 6.71 326.03 -393.44 438.24 -0.08 -0.71 0.15 0.07 0.67 0.66 0.75
9.00 6.96 80.87 -474.00 378.29 -0.32 -0.23 0.35 0.54 0.50 0.37 0.95
5.00 2.81 -602.42 384.28 -243.87 0.21 -0.33 -0.56 0.57 0.94 0.02 0.08
22.00 108.89 -644.56 -38.31 155.11 -0.76 0.98 0.88 0.95 0.29 0.46 0.58
13.00 38.57 674.77 -288.85 61.42 0.84 0.07 0.15 0.30 0.52 0.45 0.95
5.00 5.70 561.39 331.08 -355.52 0.92 1.00 0.19 0.71 0.27 0.17 0.88
5.00 0.14 415.97 31.75 575.22 0.26 0.75 0.32 0.82 0.25 0.20 0.00
8.00 7.89 457.33 -249.13 406.71 -0.52 -0.87 0.46 0.01 0.22 0.77 0.59
10.00 21.02 375.17 128.60 -567.51 -0.02 0.59 0.41 0.78 0.62 0.57 0.63
8.00 11.15 -28.21 359.60 -643.03 -0.91 -0.57 -0.24 0.13 0.59 0.28 0.76
6.00 5.89 -528.94 -129.15 191.62 -0.23 -0.44 -0.72 0.57 0.19 0.57 0.66
9.00 13.39 676.22 138.27 373.02 0.51 0.80 0.61 0.28 0.74 0.10 0.57
18.00 68.67 -433.72 343.02 -367.72 -0.83 -0.31 -0.51 0.65 0.10 0.08 0.77
14.00 39.20 658.74 161.97 217.24 -0.27 0.91 -0.32 0.22 0.68 0.95 0.51
12.00 25.67 -191.84 -286.41 122.73 -0.20 0.82 0.49 1.00 0.81 0.10 0.46
12.00 37.41 -21.96 101.46 -440.31 -0.47 -0.96 -0.42 0.06 0.94 0.42 0.09
7.00 0.22 -559.65 -420.70 10.04 0.76 -0.51 0.13 0.50 0.80 0.76 0.69
11.00 11.16 141.62 378.15 -22.13 0.80 0.76 -0.48 0.87 0.22 0.89 0.85
6.00 3.95 -344.10 156.75 105.54 -0.84 0.58 -0.66 0.58 0.35 0.58 0.63
19.00 38.34 -376.99 598.68 202.80 -0.18 0.45 0.62 0.62 0.13 0.44 0.24
11.00 17.31 402.40 458.21 156.03 0.86 0.49 0.66 0.97 0.45 0.86 0.23
19.00 22.10 176.23 67.29 615.99 -0.76 -0.03 0.45 0.77 0.93 0.09 0.20
15.00 59.95 -158.73 -495.51 41.00 0.89 0.92 0.82 0.62 0.49 0.64 0.43
10.00 16.06 14.57 429.85 0.11 -0.75 0.55 -0.53 0.47 0.53 0.71 0.91
7.00 13.32 -66.01 -495.37 -436.29 -0.29 -0.39 0.57 0.23 0.57 0.36 0.49
7.00 6.25 -462.19 -62.49 259.10 0.28 0.01 0.47 0.69 0.86 0.75 0.67
16.00 57.43 114.46 311.45 -172.32 0.67 0.53 0.40 0.26 0.36 0.48 0.92
16.00 3.40 359.52 466.44 377.83 0.65 0.06 -0.12 0.21 0.72 0.72 0.88
9.00 13.81 -141.00 -118.56 -301.14 0.51 -0.55 0.90 0.98 0.17 1.00 0.42
10.00 19.32 585.82 -17.13 99.33 0.30 -0.56 0.44 0.74 0.44 0.97 0.10
31.00 76.99 -613.39 -114.88 -370.30 -0.19 -0.77 0.92 0.97 0.91 0.52 0.59
8.00 6.22 -408.70 104.95 556.87 0.04 0.10 -0.96 0.57 0.44 0.75 0.87
12.00 33.60 -599.45 -396.14 38.72 -0.45 0.20 0.60 0.99 0.18 0.28 0.22
24.00 54.44 -287.07 430.51 573.22 0.56 -0.73 0.96 0.02 0.33 0.83 0.83
6.00 6.36 -189.65 -348.58 586.87 -0.87 0.10 -0.49 0.39 0.34 0.70 0.53
19.00 24.00 -175.85 88.76 -514.48 -0.21 0.94 -0.17 1.00 0.79 0.40 0.27
8.00 8.60 -179.39 -663.91 134.86 0.66 -0.34 0.81 0.21 0.61 0.66 0.56
11.00 11.15 -107.69 588.10 -365.31 -0.11 -0.98 0.05 0.57 0.96 0.46 0.61
12.00 12.36 -28.86 -16.51 269.13 0.50 -0.75 -0.18 0.78 0.07 0.11 0.83
6.00 1.61 100.85 570.52 -141.39 0.29 -0.87 0.81 1.00 0.81 0.85 0.54
12.00 17.82 -46.11 209.12 -150.13 -0.14 -0.45 -0.17 0.74 0.26 0.27 0.12
6.00 4.97 328.96 -125.38 243.67 -0.17 0.45 0.58 0.38 0.70 0.02 0.53
25.00 136.87 288.61 154.11 613.13 0.63 0.90 -0.60 0.53 0.76 0.07 0.46
16.00 9.69 -116.03 72.40 4.26 -0.24 -0.29 0.09 0.23 0.95 0.34 0.14
9.00 16.71 62.22 352.55 163.84 -0.68 0.63 -0.48 0.46 0.77 0.97 0.38
12.00 18.39 -123.72 675.74 -324.95 -0.51 -0.77 0.30 0.86 0.85 0.66 0.02
9.00 0.50 495.32 -503.54 -66.54 -0.86 -0.23 -0.14 0.46 0.15 0.80 0.86