9.53 935
13.00 6.33 -152.73 -691.48 -95.99 0.27 0.40 0.08 0.12 0.97 0.05 0.95
9.00 14.07 98.57 204.66 -171.29 -0.03 -0.54 0.99 0.76 0.17 0.20 0.32
5.00 7.72 -69.14 30.16 -708.50 0.04 -0.25 0.32 0.03 0.46 0.88 0.71
19.00 80.46 224.86 279.43 -95.07 -0.04 0.70 -0.11 0.16 0.16 0.89 0.58
9.00 19.31 459.50 -100.40 -563.45 -0.13 -0.31 0.58 0.88 0.64 0.40 0.20
13.00 42.65 290.91 712.11 29.72 -0.83 -0.49 0.83 0.18 0.74 0.03 0.21
7.00 0.76 71.91 -603.19 -300.57 0.89 0.55 0.25 0.31 0.68 0.84 0.82
8.00 14.59 424.16 -236.16 -451.25 0.07 0.65 0.29 0.21 0.02 0.89 0.10
6.00 9.96 -383.16 589.34 7.43 -0.24 0.12 0.60 0.01 0.26 0.71 0.83
8.00 1.84 -165.73 -292.24 -360.19 0.41 -0.61 0.60 0.97 0.17 0.44 0.40
5.00 8.17 -583.94 301.42 326.35 -0.89 0.26 0.19 0.08 0.17 0.01 0.61
10.00 5.22 401.55 368.30 -80.06 -0.66 0.03 -0.86 0.93 0.23 0.94 0.19
8.00 10.85 -516.64 -240.59 488.62 0.73 0.23 0.11 0.32 0.36 0.40 0.85
7.00 11.94 -462.45 364.07 491.77 0.63 -0.76 -0.54 1.00 0.23 0.60 0.67
8.00 10.53 -679.26 -238.58 -106.45 0.99 -0.95 -0.35 0.81 0.81 0.75 0.14
13.00 10.41 -10.42 332.83 -317.83 -0.50 -0.05 -0.75 0.09 0.17 0.03 0.31
9.00 2.86 -601.58 -97.87 -324.66 -0.15 0.15 0.07 0.22 0.20 0.02 0.83
12.00 45.66 -214.68 280.69 -292.67 0.99 0.96 -0.14 0.45 0.63 0.01 0.23
11.00 21.28 -359.88 -227.93 63.30 -0.96 0.14 -0.20 0.95 0.89 0.14 0.21
6.00 3.58 -324.64 119.19 198.28 0.14 -0.80 -0.90 0.45 0.86 0.18 0.11
12.00 27.81 -214.50 -422.08 481.51 0.27 0.39 0.13 0.25 0.39 0.18 0.21
6.00 10.20 -339.69 368.46 -402.03 -0.73 -0.25 -0.13 0.51 0.94 0.86 0.54
12.00 42.01 395.85 257.91 234.06 0.99 -0.85 -0.17 0.34 0.87 0.83 0.23
6.00 6.44 563.78 363.22 161.48 0.84 -0.64 0.37 0.47 0.79 0.52 0.30
19.00 17.57 165.88 469.33 267.56 0.50 -0.13 -0.13 0.44 0.52 0.07 0.31
6.00 8.13 126.85 292.68 478.73 -0.55 -0.84 -0.44 0.18 0.61 0.39 0.01
27.00 141.24 -456.90 328.80 352.54 -0.19 0.61 0.32 0.92 0.34 0.22 0.92
7.00 14.22 -661.79 339.06 36.07 -0.57 -0.69 -0.76 0.70 0.60 0.35 0.07
28.00 18.37 -225.80 727.19 214.73 0.74 0.34 0.33 0.79 0.13 0.81 0.80
12.00 16.64 677.28 -235.06 -167.56 -0.12 0.59 -0.09 0.66 0.87 0.26 0.33
5.00 2.34 -225.13 600.77 -216.36 -0.06 -0.39 0.13 0.11 0.72 0.87 0.75
18.00 65.08 -317.18 -285.68 56.79 0.67 -0.23 -0.73 0.39 0.78 0.13 0.65
8.00 15.62 218.76 -149.67 -542.09 0.68 0.30 -0.88 0.28 0.25 0.88 0.91
21.00 3.19 169.62 69.51 440.80 -0.81 -0.76 -0.71 0.80 0.59 0.10 0.92
6.00 11.53 -20.82 120.62 -263.05 -0.69 0.17 0.95 0.33 0.21 0.38 0.31
8.00 9.26 477.53 414.26 42.96 -0.07 -0.61 -0.86 0.83 0.98 0.23 0.10
6.00 5.72 -274.98 100.94 167.07 -0.60 -0.90 -0.13 0.75 0.70 0.86 0.82
27.00 183.40 -110.31 -542.50 -206.45 0.08 0.80 0.43 0.09 0.80 0.22 0.50
5.00 2.26 355.64 -67.93 -19.90 -0.54 0.61 -0.28 0.06 0.93 0.88 0.06
17.00 35.76 541.51 113.77 -520.75 0.36 0.09 -0.47 0.89 0.47 0.13 0.40
7.00 14.51 498.08 501.97 126.14 0.37 0.26 -0.74 0.99 0.05 0.84 0.69
19.00 12.57 -49.79 435.63 -349.49 -0.08 -0.85 0.57 1.00 0.37 0.99 0.93
8.00 0.50 -106.59 -116.95 207.09 0.54 -0.74 0.29 0.22 0.76 0.70 0.69
14.00 59.66 367.80 422.03 533.16 0.64 -0.09 -0.10 0.49 0.87 0.61 0.67
8.00 16.87 -315.32 147.83 -114.82 0.80 0.63 -0.16 0.43 0.89 0.29 0.56
10.00 4.57 570.95 363.55 293.28 -0.70 -0.00 0.26 0.09 0.82 0.65 0.36
13.00 20.07 150.03 379.88 -62.69 0.51 -0.71 0.14 0.41 0.70 0.47 0.89
8.00 8.53 -372.67 -228.44 -81.24 -0.13 -0.52 0.93 0.48 0.19 0.34 0.21
8.00 5.18 304.91 1.95 -404.73 0.06 -0.81 -0.87 0.72 0.43 0.19 0.90
11.00 35.56 75.46 -156.32 -650.06 0.53 0.76 0.69 0.23 0.04 0.01 0.56
11.00 38.38 134.37 -62.10 -709.42 -0.82 -0.15 -0.94 0.71 1.00 0.59 0.54
10.00 12.11 -287.24 113.81 674.05 0.69 -0.19 0.71 0.58 0.78 0.74 0.01
14.00 24.42 -175.54 21.36 30.18 0.65 0.68 -0.39 0.67 0.35 0.23 0.26
5.00 7.56 -496.30 -301.40 105.13 -0.52 -0.84 0.63 0.15 0.40 0.80 0.83
23.00 88.96 -785.06 125.64 -33.28 -0.38 -0.86 -0.12 0.97 0.52 0.66 0.99
8.00 5.06 272.05 -402.91 150.61 0.96 0.69 -0.02 0.71 0.47 0.22 0.41
12.00 6.30 326.58 595.77 -41.19 -0.93 0.23 -0.54 0.17 0.68 0.91 0.93
9.00 4.00 28.36 -457.76 -542.11 0.62 -0.53 0.42 0.97 0.56 0.18 0.65
8.00 18.23 377.11 -184.87 -10.39 -0.47 0.10 -0.36 0.14 0.76 0.19 0.67
10.00 1.60 628.06 -141.35 -372.54 0.53 -0.98 -0.96 0.24 0.00 0.34 0.45
8.00 8.66 186.28 -108.49 683.47 -0.90 0.29 0.61 0.72 0.24 0.67 0.87
12.00 26.80 -454.32 -528.69 -243.76 -0.85 -0.86 -0.39 0.25 0.69 0.15 0.21
14.00 30.96 179.13 -684.18 -237.60 -0.62 -0.41 0.18 0.32 0.26 0.83 0.63
8.00 19.86 -340.48 -646.93 -234.41 -0.85 -0.22 0.50 0.45 0.18 0.90 0.99
5.00 3.79 16.74 18.62 31.14 0.86 0.03 0.39 0.37 0.48 0.21 0.42
12.00 15.51 -52.05 -363.60 650.67 0.14 0.59 0.05 0.92 0.76 0.67 0.50
5.00 7.50 69.64 489.48 -12.90 0.90 0.40 0.45 0.72 0.06 0.81 0.33
6.00 3.77 22.68 -357.98 18.92 -0.02 -0.40 0.66 0.42 0.13 0.95 0.49
16.00 5.02 273.63 -682.60 -123.56 0.44 0.37 -0.88 0.69 0.34 0.32 0.75
11.00 31.18 437.74 2.06 -407.80 -0.67 0.13 0.70 0.84 0.77 0.45 0.89
18.00 62.31 83.44 229.67 542.11 -0.49 -0.62 0.99 0.97 0.99 0.08 0.14
11.00 14.07 271.62 15.19 -35.19 -0.47 0.02 0.62 0.63 0.80 0.20 0.23
6.00 8.04 266.26 -228.57 615.35 0.24 0.96 -0.21 0.82 0.53 0.66 0.71
8.00 19.30 -363.73 -344.75 -284.27 0.43 -0.45 -0.99 0.04 0.18 0.32 0.57
13.00 20.74 157.66 -589.61 208.69 -0.67 0.05 -0.52 0.36 0.73 0.75 0.93
7.00 10.44 137.83 711.51 -205.05 -0.32 0.02 -0.17 0.36 0.97 0.54 0.34
6.00 3.94 623.83 76.21 143.03 0.81 -0.36 -0.23 0.95 0.74 0.55 0.69
6.00 6.56 -85.79 -514.99 -2.80 0.00 0.81 -0.71 0.62 0.65 0.31 0.62
6.00 9.58 32.15 -698.71 278.37 -0.87 -0.16 -0.31 1.00 0.36 0.90 0.82
8.00 9.86 621.73 -418.12 -43.24 -0.03 -0.71 0.46 0.70 0.87 0.67 0.13
9.00 9.71 130.77 503.37 -58.65 -0.28 -0.94 0.08 0.80 0.91 0.35 0.04
8.00 4.49 -446.58 -92.77 150.46 0.50 -0.73 0.38 0.92 0.82 0.10 0.75
31.00 93.24 -573.10 123.74 318.77 0.47 -0.31 0.56 0.35 0.38 0.74 0.41
10.00 2.25 -430.00 -644.37 184.55 -0.66 -0.08 0.02 0.79 0.84 0.62 0.23
5.00 4.67 392.66 360.80 -562.48 -0.89 -0.58 0.39 0.88 0.82 0.94 0.53
8.00 11.91 -260.96 502.69 -315.18 0.03 0.03 0.57 0.29 0.58 0.36 0.30
15.00 14.85 -73.29 79.80 -428.02 0.40 -0.82 -0.85 0.64 0.11 0.41 0.58
10.00 21.70 395.41 -259.73 81.31 -0.04 0.44 0.64 0.64 0.84 0.11 0.11
13.00 51.41 188.10 -248.30 -574.82 0.47 0.66 0.89 0.13 0.17 0.60 0.63
15.00 6.82 285.87 40.94 558.51 0.85 -0.06 -0.62 0.98 0.75 0.69 0.17
9.00 9.99 414.50 -328.18 -52.21 -0.78 -0.48 -0.01 0.62 0.36 0.75 0.31
14.00 7.62 199.37 -30.66 108.33 -0.82 -0.79 -0.57 0.07 0.19 0.18 0.46
10.00 19.45 -311.55 -288.77 -52.00 0.14 0.66 0.68 0.12 0.23 0.71 0.03
11.00 38.12 256.39 35.34 -739.09 0.07 0.30 -0.47 0.82 0.16 0.44 0.16
13.00 50.42 305.43 -587.67 -333.18 0.63 0.86 -0.35 0.03 0.15 0.54 0.11
5.00 5.80 -464.96 51.71 -36.46 -0.45 0.82 0.38 0.62 0.14 0.86 0.93
12.00 46.46 166.12 -758.15 -179.22 -0.12 -0.52 -0.06 0.69 0.15 0.23 0.52
7.00 1.28 -36.86 -566.49 -317.91 -0.04 -0.24 -0.32 0.76 0.12 0.44 0.09
9.00 11.66 -200.30 -150.17 357.63 -0.23 -0.18 0.04 0.33 0.81 0.10 0.46
11.00 32.65 -181.94 518.73 34.69 0.57 0.28 0.37 0.42 0.18 0.19 0.86
13.00 37.27 -353.68 61.80 -324.78 0.87 -0.52 -0.27 0.28 0.04 0.33 0.53
8.00 1.83 41.92 55.94 284.36 -0.90 0.80 -0.10 0.22 0.95 0.47 0.47
22.00 90.93 -218.36 224.31 -339.77 0.38 0.03 -0.82 0.36 0.52 0.44 0.44
7.00 2.26 -420.94 -72.45 -450.15 -0.50 0.75 0.39 0.77 0.48 0.56 0.41
13.00 50.70 281.35 -554.00 423.51 0.40 -0.15 -0.94 0.29 0.94 0.13 0.80
6.00 10.64 215.97 -372.41 -312.73 -0.45 0.59 0.07 0.95 0.76 0.85 0.79
9.00 13.31 5.38 623.31 128.26 -0.96 -0.02 -0.75 0.24 0.26 0.53 0.07
12.00 15.75 194.45 265.82 -290.53 0.57 -0.25 -0.79 0.06 0.25 0.26 0.93
12.00 32.35 -151.01 168.92 -482.55 0.26 -0.42 0.07 0.77 0.50 0.80 0.58
13.00 28.34 -597.77 -180.70 -209.51 -0.53 -0.08 -0.01 0.60 0.49 0.32 0.82
19.00 107.17 -355.07 652.38 8.71 0.15 0.47 0.05 0.73 0.14 0.23 0.16
6.00 5.36 359.83 533.29 -234.81 -0.17 0.52 -0.47 0.93 0.39 0.93 0.13
8.00 19.75 296.81 728.47 -112.81 -0.15 -0.73 -0.18 0.70 0.07 0.58 0.33
7.00 0.89 -431.04 228.11 376.35 -0.27 -0.11 -0.38 0.18 0.59 0.68 0.80
14.00 16.27 -389.77 -369.71 453.36 -0.48 -0.78 0.80 0.12 0.66 0.41 0.64
9.00 2.86 3.85 196.61 -460.86 -0.68 0.90 0.34 0.01 0.38 0.57 0.92
6.00 4.59 104.46 341.29 495.99 0.28 -0.77 0.76 0.22 0.38 0.82 0.52
25.00 127.64 -622.98 -229.10 -436.90 0.80 -0.67 0.67 0.37 0.39 0.37 0.22
7.00 4.99 493.25 -352.19 -160.27 0.83 0.43 -0.96 0.21 0.33 0.58 0.37
14.00 32.12 313.85 102.52 638.55 0.09 0.95 0.46 0.70 0.03 0.06 0.44
13.00 24.68 -343.99 -309.52 -309.24 0.30 0.41 -0.84 0.86 0.99 0.93 0.36
6.00 3.51 -28.90 -350.71 -218.68 0.22 -0.16 0.40 0.65 0.47 0.39 0.83
8.00 8.55 -186.65 278.28 201.04 0.22 -0.14 -0.29 0.37 0.51 0.64 0.25
15.00 52.48 -600.56 -488.03 -8.63 -0.60 0.71 0.88 0.79 0.25 0.87 0.74
14.00 51.96 -320.11 617.60 226.15 0.42 0.45 -0.08 0.36 0.62 0.86 0.45
7.00 9.70 -170.02 326.53 -678.45 0.56 0.32 0.07 0.63 0.31 0.59 0.60
21.00 141.60 225.44 523.51 75.80 0.20 -0.76 -0.64 0.05 0.78 0.06 0.70
26.00 119.70 -325.19 13.09 -728.79 0.43 0.20 -0.51 0.14 0.51 0.44 0.64
6.00 11.31 378.56 -236.15 496.24 0.19 -0.13 -0.05 0.57 0.97 0.90 0.83
7.00 7.74 241.21 -670.42 -340.54 0.49 -0.55 0.24 0.61 0.78 0.67 0.54
6.00 6.36 -337.42 -247.20 -166.59 0.65 0.19 0.07 0.71 0.73 0.70 0.85
9.00 3.89 474.56 66.04 17.93 0.02 0.35 0.15 0.66 0.35 0.46 0.01
8.00 13.08 -564.51 -145.03 -344.70 0.75 -0.04 -0.83 0.15 0.15 0.90 0.21
25.00 27.49 542.56 -352.24 118.24 0.65 -0.72 -0.24 0.13 0.44 0.94 0.43
9.00 3.97 -376.01 -243.38 -484.46 0.68 0.39 0.10 0.51 0.32 0.31 0.10
13.00 37.54 620.41 164.79 123.50 0.37 0.43 0.83 0.40 0.15 0.57 0.92
18.00 64.79 39.08 -225.23 70.19 -0.27 0.21 -0.91 0.76 0.41 0.19 0.83
7.00 9.90 66.73 559.14 233.57 -0.16 -0.57 0.67 0.23 0.74 0.80 0.68
22.00 135.17 203.75 715.70 185.16 -0.13 0.95 0.54 0.60 0.11 0.19 0.33
14.00 13.20 540.66 47.21 -461.33 -0.07 -0.22 0.77 0.88 0.96 0.62 0.58
14.00 44.16 -209.72 397.32 580.18 -0.58 -0.87 0.20 0.79 0.14 0.84 0.68
18.00 9.99 -62.46 -431.82 640.45 -0.66 0.28 0.65 0.80 0.66 0.77 0.39
5.00 3.78 -349.68 686.61 209.33 0.90 0.66 0.82 0.80 0.67 0.62 0.89
10.00 6.55 -363.09 259.67 542.07 0.79 -0.69 -0.40 0.58 0.77 0.59 0.01
10.00 32.27 404.67 -614.29 -97.53 0.12 -0.41 0.25 0.99 0.90 0.12 0.94
8.00 5.45 0.57 444.65 0.09 0.81 0.86 0.43 0.85 0.13 0.41 0.89
9.00 7.03 -409.12 -217.52 134.79 -0.43 -0.97 -0.79 0.21 0.16 0.21 0.16
7.00 5.00 26.29 258.76 491.26 -0.88 0.19 0.13 0.70 0.66 0.55 0.25
9.00 20.56 -373.02 -405.17 342.46 -0.00 -0.28 0.69 0.38 0.32 0.12 0.76
12.00 7.46 251.11 386.49 -145.31 0.76 -0.64 0.93 0.22 0.23 0.59 0.52
5.00 5.40 -198.74 -121.68 -429.99 0.54 -0.60 0.87 0.94 0.46 0.07 0.69
11.00 28.46 -105.62 -363.20 173.07 0.38 0.84 0.44 0.92 1.00 0.25 0.84
7.00 6.41 223.57 3.22 678.69 0.21 0.79 0.40 0.26 0.97 0.75 0.03
10.00 30.54 -24.36 105.18 -304.50 0.43 -0.37 -0.70 0.87 0.42 0.54 0.88
10.00 6.99 -459.81 -275.51 458.59 -0.29 0.81 0.45 0.51 0.16 0.61 0.04
38.00 48.34 173.82 90.65 -88.28 -0.66 0.55 0.24 0.55 0.57 0.24 0.84
10.00 9.62 -422.94 -6.75 -531.82 -0.39 -0.36 -0.00 0.05 0.75 0.32 0.78
36.00 219.82 14.69 -435.09 207.55 0.07 -0.85 0.79 0.01 0.11 0.37 0.95
9.00 8.11 -274.71 402.43 161.98 0.63 0.44 -0.97 0.73 0.29 0.19 0.47
5.00 3.19 -340.02 -608.22 7.99 0.67 -0.52 0.45 0.69 0.18 0.73 0.76
6.00 9.79 19.05 373.38 -643.79 -0.67 0.17 -0.78 0.08 0.79 0.58 0.99
29.00 190.94 486.17 163.81 -312.80 -0.20 -0.30 0.12 0.23 0.83 0.29 0.03
6.00 3.69 -311.62 487.88 229.88 -0.42 -0.74 -0.37 0.39 0.64 0.63 0.79
10.00 22.69 398.26 -24.24 -333.25 0.70 -0.69 -0.60 0.54 0.22 0.46 0.79
5.00 2.98 315.48 -553.12 65.71 0.87 0.99 0.40 0.20 0.87 0.19 0.89
6.00 3.60 414.90 -451.46 -444.35 -0.14 -0.27 -0.48 0.99 0.12 0.46 0.93
5.00 0.31 386.66 159.62 45.84 -0.59 0.68 0.69 0.91 0.42 0.81 0.41
8.00 2.46 48.36 -521.93 -533.97 0.79 -0.16 0.87 0.27 0.58 0.10 0.81
17.00 54.68 -223.22 464.25 -83.58 -0.40 0.22 -0.60 0.76 0.72 0.91 0.02
25.00 59.16 -646.76 -425.03 181.19 -0.88 0.31 -0.38 0.15 0.66 0.83 0.37
5.00 5.14 85.41 -173.60 -455.57 -0.06 -0.75 0.65 0.53 0.09 0.57 0.47
8.00 2.04 -225.88 242.72 -275.96 0.36 -0.69 -0.14 0.01 0.64 0.14 0.81
22.00 11.14 -636.90 -86.97 -137.99 -0.37 0.90 -0.61 0.31 0.17 0.39 0.57
11.00 23.77 -411.08 180.26 -483.62 -0.19 0.49 0.87 0.59 0.18 0.76 0.54
7.00 1.37 -516.70 -349.04 420.40 0.87 0.02 0.52 0.81 0.74 0.99 0.58
5.00 4.63 227.08 505.68 543.42 0.52 0.88 0.00 0.60 0.73 0.94 0.65
5.00 1.64 409.39 -312.58 474.40 0.86 0.98 -0.41 0.48 0.25 0.58 0.82
16.00 59.83 338.73 -30.06 121.45 -0.31 -0.70 -0.22 0.29 0.24 0.81 0.53
5.00 7.76 274.05 -378.13 37.76 0.81 0.60 0.89 0.51 0.58 0.76 0.28
9.00 17.01 435.38 295.12 -50.03 -0.38 -0.41 0.11 0.76 0.77 0.37 0.48
19.00 79.51 232.78 -729.08 182.81 -0.17 0.94 -0.96 0.78 0.03 0.53 0.17
29.00 190.53 -411.01 -184.50 -292.21 0.80 0.13 -0.19 0.06 0.35 0.37 0.52
12.00 18.09 113.30 -94.59 -188.89 -0.61 0.51 0.24 0.71 0.80 0.59 0.52
7.00 7.71 362.06 -453.67 520.61 0.02 0.04 -0.83 0.75 0.97 0.39 0.02
16.00 3.34 546.97 354.04 308.06 -0.82 0.00 -0.72 0.90 0.20 0.48 0.12
5.00 7.35 338.93 145.90 167.11 0.44 -0.18 0.91 0.37 0.10 0.83 0.63
5.00 2.81 262.06 -176.01 -313.94 0.00 0.34 -0.14 0.38 0.56 0.50 0.43
14.00 26.32 594.82 347.59 298.65 -0.08 -0.49 -0.54 0.12 0.36 0.48 0.25
7.00 11.11 -331.09 -453.61 271.13 -0.26 -0.06 -0.05 0.13 0.55 0.94 0.66
7.00 13.09 -201.64 -440.09 332.97 -0.30 -0.29 -0.72 0.45 0.99 0.83 0.67
9.00 10.69 -136.76 88.39 -151.49 0.21 0.85 0.30 0.63 0.34 0.62 0.65
7.00 3.36 275.02 -171.55 526.19 -0.48 -0.31 0.14 0.59 0.86 0.04 0.35
15.00 33.07 346.93 703.53 -55.85 0.52 -0.29 0.66 0.81 0.91 0.87 0.36
6.00 0.85 -263.53 -85.05 74.06 -0.50 0.89 0.16 0.23 0.40 0.92 0.63
9.00 24.44 226.21 -346.28 10.22 0.21 0.36 0.45 0.99 0.32 0.53 0.82
6.00 0.57 6.64 -698.28 108.28 0.35 0.83 -0.59 0.97 0.19 0.44 0.69
9.00 17.63 171.50 -196.85 729.80 -0.36 0.04 -0.23 0.27 0.46 0.97 0.52
10.00 2.38 -287.27 383.64 58.07 -0.24 -0.03 -0.54 0.26 0.62 0.18 0.99
13.00 26.38 97.23 256.56 -609.34 0.05 0.64 -0.03 0.15 0.06 0.33 0.40
23.00 140.33 -357.16 449.85 57.69 0.03 0.74 -0.62 0.18 0.82 0.46 0.30
17.00 55.71 -647.23 347.51 255.69 -0.53 -0.04 -0.83 0.95 0.74 0.85 0.45
8.00 14.22 -81.20 627.11 -59.49 0.05 -0.17 -0.43 0.24 0.63 0.69 0.07
5.00 2.37 531.29 432.21 -389.29 0.60 0.99 -0.86 0.78 0.96 0.05 0.93
7.00 7.66 505.18 88.45 -103.51 -0.87 -0.81 -0.30 0.54 0.54 0.21 0.03
9.00 15.53 521.84 -100.06 -531.57 0.90 -0.09 0.03 0.61 0.04 0.22 0.84
16.00 21.59 54.92 212.66 -705.35 -0.73 -0.25 -0.82 0.93 0.59 0.15 0.54
18.00 2.90 629.01 17.95 223.45 0.70 -0.26 -0.81 0.82 0.33 0.59 0.68
8.00 4.67 -185.80 273.76 92.98 0.09 0.87 -0.11 0.63 0.42 0.80 0.03
20.00 120.89 -217.87 -252.95 -386.84 0.87 0.21 0.29 0.65 0.17 0.72 0.59
14.00 30.62 56.92 -571.49 240.96 -0.32 0.32 -0.49 0.46 0.10 0.55 0.61
5.00 7.82 -546.35 -191.37 340.42 -0.40 0.64 0.55 0.55 0.75 0.79 0.81
5.00 5.96 55.89 -283.44 -595.61 -0.88 -0.76 -0.61 0.27 0.18 0.09 0.98
13.00 32.49 -207.07 -274.61 677.38 0.86 -0.44 -0.57 0.16 0.27 0.16 0.35
20.00 57.01 58.94 -207.89 -616.01 0.10 -0.18 -0.73 0.11 0.97 0.94 0.16
11.00 28.93 501.09 -545.66 -62.14 0.78 -0.43 0.06 0.95 0.90 0.49 0.38
7.00 7.33 -489.89 -309.16 -417.54 0.97 0.51 -0.09 0.57 0.50 0.30 0.95
18.00 22.57 468.21 -336.22 111.04 -0.81 -0.14 -0.70 0.95 0.41 0.46 0.52
15.00 20.32 -112.58 71.86 -73.33 0.67 -0.63 0.79 0.46 0.99 0.69 0.05
12.00 33.51 -49.64 -693.05 317.76 0.70 0.53 -0.74 0.15 0.91 0.61 0.29
8.00 4.07 -189.32 -337.03 -628.56 0.22 -0.12 0.51 0.86 0.28 0.44 0.93
11.00 19.32 253.33 450.53 293.83 -0.90 -0.97 -0.72 0.72 0.11 0.78 0.55
33.00 198.41 -19.77 -198.82 563.06 0.33 -0.86 0.61 0.31 0.61 0.38 0.07
9.00 20.85 -620.81 -230.98 -3.37 0.02 -0.79 -0.84 0.74 0.45 0.49 0.88
5.00 3.99 -412.82 -262.60 291.92 0.73 -0.19 -0.88 0.85 0.87 0.60 0.22
14.00 58.48 85.75 669.95 -99.84 0.68 -0.41 -0.60 0.88 0.48 0.17 0.34
13.00 31.69 17.82 -270.49 605.65 0.16 0.11 0.29 0.07 0.10 0.63 0.05
26.00 148.84 166.56 189.23 591.21 -0.36 0.98 -0.46 0.60 0.89 0.54 0.86
12.00 19.72 349.87 -81.70 402.04 -0.27 -0.92 -0.53 0.14 0.59 0.37 0.91
8.00 2.10 43.66 374.95 123.91 -0.92 -0.15 -0.87 0.61 0.24 0.48 0.58
15.00 34.73 227.17 -356.88 395.06 0.18 0.49 -0.36 0.72 0.38 0.03 0.28
26.00 127.75 -151.35 345.84 -496.26 -0.00 0.56 0.23 0.14 0.87 0.57 0.78
10.00 28.97 -13.30 -107.95 -601.96 0.76 -0.01 0.01 0.24 0.71 0.34 0.37
13.00 50.57 201.21 -344.52 -233.79 0.39 0.59 0.56 0.02 0.20 0.99 0.95
9.00 16.82 -332.17 -372.09 -446.62 0.61 -0.32 -0.24 0.96 0.70 0.41 0.22
13.00 30.33 -286.19 -319.51 -380.95 0.18 -0.09 0.62 0.15 0.77 0.62 0.82
8.00 14.54 525.77 445.61 202.13 -0.24 0.21 -0.84 0.34 0.46 0.16 0.19
7.00 13.28 -341.29 365.01 491.86 0.84 0.11 -0.01 0.94 0.04 0.49 0.77
9.00 1.65 408.73 69.92 -9.43 -0.21 -0.67 0.38 0.12 0.17 0.00 0.24
13.00 12.29 -138.94 96.67 -174.14 0.34 0.99 -0.78 0.82 0.96 0.07 0.63
20.00 24.33 -58.24 -426.41 -162.29 -0.77 0.94 -0.15 0.34 0.92 0.16 0.24
13.00 7.14 252.26 -163.82 43.73 -1.00 -0.09 -0.61 0.14 0.97 0.95 0.98
22.00 30.40 27.25 -360.30 -334.98 -0.70 0.57 -0.46 0.24 0.85 0.09 0.21
18.00 87.29 -264.36 -232.65 339.42 0.73 -0.19 -0.34 0.18 0.09 0.79 0.80
13.00 11.68 93.15 -420.95 625.81 0.46 -0.40 -0.76 0.57 0.47 0.32 0.94
11.00 20.15 449.13 3.76 495.74 0.55 0.18 -0.54 0.86 0.92 0.32 0.07
27.00 109.44 -14.10 195.57 70.83 -0.41 0.69 -0.79 0.98 0.39 0.23 0.73
9.00 18.41 444.97 -318.97 294.24 -0.20 -0.16 -0.28 0.41 0.21 0.69 0.03
12.00 15.61 192.12 396.76 -291.39 -0.61 0.19 0.13 0.12 0.86 0.77 0.32
19.00 53.35 -406.98 -513.22 179.22 -0.22 -0.74 -0.05 0.13 0.67 0.84 0.20
15.00 32.28 362.70 -61.83 -430.23 -0.74 0.52 0.79 0.06 0.67 0.72 0.48
26.00 164.22 559.62 119.80 -431.52 0.93 0.61 0.36 0.31 0.58 0.56 0.96
9.00 11.30 152.10 -297.50 56.53 -0.31 0.60 -0.05 0.62 0.49 0.51 0.86
11.00 22.74 -17.63 -57.31 383.14 0.84 -0.47 0.76 0.52 0.03 0.85 0.98
12.00 44.00 233.07 496.13 -531.23 0.85 -0.05 -0.78 0.99 0.60 0.81 0.90
14.00 26.11 -381.76 -395.93 213.08 -0.42 -0.46 -0.73 0.86 0.09 0.11 0.73
19.00 109.79 -132.74 -473.36 462.74 0.29 -0.49 0.17 0.92 0.83 0.65 0.51
7.00 11.28 2.60 -460.15 632.51 -0.99 0.12 0.14 0.15 0.38 0.09 0.44
21.00 127.18 -255.02 -30.43 88.30 0.58 -0.37 0.71 0.93 0.01 0.22 0.63
15.00 70.62 452.03 118.92 -338.39 -0.58 0.92 -0.01 0.16 0.20 0.96 0.99
13.00 22.79 -54.20 183.18 107.49 -0.15 0.67 0.34 0.99 0.26 0.21 0.01
22.00 107.64 340.88 120.31 597.92 0.34 -0.34 0.99 0.45 0.61 0.52 0.10
10.00 21.78 -387.30 -621.89 -273.99 0.51 0.76 -0.91 0.84 0.57 0.55 0.42
10.00 11.89 400.86 -231.94 70.32 0.90 0.76 -0.43 0.76 0.40 0.74 0.60
11.00 32.16 -147.95 594.08 -262.40 0.31 0.12 -0.53 0.91 0.16 0.94 0.50
31.00 253.17 -4.08 179.89 -56.55 -0.04 -0.28 0.23 0.01 0.89 0.98 0.27
20.00 84.64 -30.87 198.37 -194.52 0.89 0.84 0.10 0.44 0.73 0.76 0.59
5.00 2.47 254.56 -704.12 42.44 0.27 0.54 0.77 0.57 0.26 0.37 0.25
17.00 59.04 -437.58 49.83 321.30 0.70 -0.29 0.30 0.76 0.00 0.03 0.24
10.00 14.38 -57.60 -222.51 480.30 0.14 -0.33 -0.42 0.59 0.57 0.33 0.51
8.00 18.40 449.43 -399.51 -134.19 -0.88 0.13 0.93 0.85 0.67 0.42 0.12
16.00 42.54 132.86 -102.88 520.32 0.09 0.14 -0.75 0.32 0.03 0.94 0.56
15.00 42.81 117.33 247.63 -663.31 -0.18 0.23 -0.93 0.52 0.12 0.77 0.30
22.00 93.85 603.47 88.20 320.84 0.75 -0.14 0.48 0.55 0.23 0.87 0.30
6.00 0.19 -506.28 -41.47 -77.73 -0.16 0.57 0.16 0.44 0.06 0.17 0.64
10.00 10.26 -256.21 218.62 -259.86 0.56 -0.31 0.81 0.90 0.85 0.44 0.32
18.00 102.00 661.29 -290.49 327.55 0.51 0.07 -0.22 0.32 0.14 0.12 0.31
39.00 378.71 222.74 579.71 470.98 -0.04 0.36 0.59 0.19 0.53 0.81 0.79
12.00 2.33 482.78 522.39 15.73 -0.06 0.59 0.39 0.27 0.42 0.39 0.89
8.00 13.00 -275.02 -547.47 210.20 0.98 0.60 -0.73 0.49 0.92 0.76 0.69
8.00 2.68 139.07 -401.99 118.64 0.61 -0.37 0.18 0.87 0.70 0.59 0.39
6.00 3.13 144.69 112.18 506.63 -0.41 -0.36 -0.13 0.71 0.41 0.27 0.93
19.00 60.02 -527.23 61.25 -170.08 -0.51 0.35 0.07 0.62 0.57 0.89 0.99
7.00 6.71 740.42 40.33 -255.19 0.06 0.92 -0.32 0.99 1.00 0.65 0.83
8.00 11.30 -548.70 80.79 42.45 -0.63 -0.45 0.33 0.98 0.61 0.60 0.19
7.00 1.78 -695.15 274.25 199.89 0.40 -0.72 0.22 0.05 0.81 0.34 0.15
12.00 12.70 378.91 327.54 193.61 0.83 -0.11 -0.75 0.81 0.14 0.34 0.23
8.00 1.81 584.17 -533.76 45.23 0.71 0.62 -0.44 0.88 0.60 0.20 0.25
7.00 9.79 186.60 153.67 64.81 -0.72 -0.04 0.77 0.04 0.22 0.77 0.55
20.00 61.55 -186.08 284.78 280.82 0.96 0.92 -0.35 0.43 0.01 0.01 0.31
7.00 0.54 -195.62 646.83 -373.92 0.38 -0.44 0.77 0.05 0.57 0.39 0.80
21.00 108.17 -147.84 -504.03 -506.51 -0.07 -0.23 0.91 0.80 0.68 0.78 0.13
15.00 23.49 -164.90 -352.57 253.53 -0.78 0.52 0.34 0.27 0.04 0.82 0.89
31.00 10.13 -391.33 -525.15 244.15 0.29 0.79 -0.05 0.55 0.68 0.79 0.18
14.00 32.79 -237.87 276.26 202.12 -0.97 -0.54 0.33 0.78 0.80 0.22 0.27
11.00 17.21 517.97 -292.34 436.36 0.18 0.35 -0.31 0.43 0.44 0.73 0.08
5.00 4.25 -260.80 288.67 158.36 0.95 -0.21 0.36 0.77 0.93 0.14 0.14
7.00 4.52 -60.18 466.79 -9.65 0.95 -0.79 0.59 0.14 0.07 0.39 0.79
8.00 0.18 302.12 365.69 370.48 -0.32 0.22 0.93 0.36 1.00 0.24 0.67
12.00 22.05 -49.20 -598.57 -24.05 0.36 0.27 0.60 0.33 0.27 0.21 0.43
8.00 15.09 -579.34 -384.26 336.94 -0.07 0.31 -0.40 0.51 0.05 0.22 0.40
7.00 12.59 241.83 361.60 -377.29 0.74 -0.82 0.69 0.65 0.70 0.29 0.97
5.00 2.60 -155.94 194.96 295.38 -0.78 -0.86 0.57 0.98 0.06 0.27 0.52
17.00 43.29 202.52 277.49 -492.30 0.71 -0.33 -0.03 0.51 0.57 0.11 0.09
11.00 4.82 86.13 505.04 -352.81 -0.28 0.12 -0.85 0.62 0.72 0.62 0.43
10.00 21.94 39.86 133.49 138.79 -0.45 0.60 0.45 0.01 0.90 0.57 0.33
29.00 110.72 345.29 -555.61 -257.68 0.07 0.61 -0.56 0.62 0.08 0.79 0.27
20.00 102.29 150.90 286.12 507.69 0.95 -0.65 -0.72 0.54 0.90 0.82 0.88
5.00 8.16 -434.61 417.64 460.59 -0.33 0.78 0.88 0.43 0.89 0.52 0.15
5.00 7.13 35.00 266.66 593.94 -0.26 0.68 -0.82 0.38 0.79 0.92 0.01
26.00 178.05 -204.24 -227.87 26.79 0.76 -0.53 -0.54 0.69 0.41 0.53 0.45
6.00 5.43 -138.58 339.75 -277.35 -0.84 -0.78 -0.92 0.89 0.24 0.41 0.33
7.00 5.68 -60.24 180.91 587.15 -0.62 0.57 0.88 0.17 0.80 0.77 0.96
6.00 5.03 281.74 22.49 -410.18 -0.69 0.10 -0.01 0.16 0.45 0.04 0.85
7.00 15.91 -149.68 -443.22 41.64 0.32 -0.89 0.12 0.31 0.10 0.01 0.02
7.00 11.62 -64.67 548.42 -61.97 -0.10 0.75 0.12 0.52 0.73 0.43 0.87
9.00 15.08 -261.34 333.34 -511.57 0.82 -0.12 -0.19 0.29 0.55 0.67 0.81
10.00 6.30 -39.46 260.63 -724.93 -0.00 0.14 -0.90 0.88 0.33 0.31 0.85
11.00 20.51 -161.83 228.11 -304.73 -0.22 0.05 -0.57 0.23 0.45 0.48 0.71
6.00 0.15 -11.92 -463.13 -436.38 -0.11 -0.10 0.12 0.24 0.26 0.80 0.87
13.00 17.62 1.94 -548.16 116.88 -0.60 -0.26 -0.11 0.21 0.25 0.53 0.11
13.00 20.72 -211.59 8.26 -416.71 0.16 -0.74 -0.65 0.19 0.46 0.58 0.16
14.00 35.22 -180.98 -34.00 -620.25 0.68 -0.59 -0.61 0.11 0.99 0.41 0.21
8.00 4.01 291.42 255.16 161.69 0.17 -0.29 -0.25 0.20 0.14 0.26 0.34
9.00 25.41 -244.82 -18.32 665.66 -0.34 0.55 -0.55 0.58 0.55 0.85 0.78
6.00 7.64 -352.40 -187.99 -404.36 -0.91 -0.21 -0.78 0.08 0.12 0.11 0.27
13.00 33.06 -181.39 -514.98 424.27 -0.27 -0.30 -0.22 0.61 0.61 0.97 0.89
18.00 101.62 313.31 -55.44 433.54 -0.60 0.61 0.64 0.84 0.20 0.11 0.57
11.00 24.27 -437.57 -277.37 186.23 -0.14 -0.34 0.23 0.44 0.35 0.78 0.76
24.00 48.20 -174.17 384.32 211.60 -0.80 -0.41 -0.13 0.77 0.99 0.96 0.45
6.00 6.69 315.48 -536.80 366.58 0.23 -0.51 0.81 0.70 0.31 0.62 0.46
7.00 13.32 200.55 -427.96 -534.05 0.84 0.49 0.54 0.01 0.18 0.96 0.32
11.00 1.74 -46.50 -326.58 -560.20 0.02 0.39 -0.15 0.23 0.61 0.77 0.80
6.00 8.23 -401.94 -322.15 -92.86 0.11 0.17 -0.60 0.63 0.87 0.56 0.26
5.00 5.02 -110.63 -519.80 562.21 -0.17 -0.31 -0.57 0.52 0.49 0.52 0.89
8.00 11.01 667.52 98.60 174.43 -0.50 0.90 0.24 0.07 0.10 0.13 0.16
22.00 154.52 -584.74 188.90 372.64 0.70 -0.10 0.12 0.01 0.29 0.33 0.52
8.00 1.05 157.66 -406.20 -56.97 0.90 0.80 0.24 0.02 0.85 0.73 0.07
9.00 13.65 -242.33 89.57 -664.06 -0.91 -0.78 -0.82 0.92 0.45 0.66 0.25
6.00 4.80 401.66 619.33 -39.22 0.63 0.69 -0.73 0.57 0.98 0.09 0.22
15.00 37.00 -8.20 -610.28 -466.97 0.70 -0.40 0.43 0.08 0.22 0.67 0.07
29.00 208.52 435.68 239.41 -42.54 0.66 -0.69 0.95 0.75 0.43 0.03 0.15
7.00 8.84 503.18 173.18 70.92 0.65 -0.33 -0.02 0.37 0.70 0.96 0.85
10.00 25.43 585.97 -326.82 -28.15 0.61 -0.83 -0.69 0.92 0.34 0.86 0.70
7.00 0.99 -523.55 -561.67 -189.21 -0.57 -0.51 -0.02 0.35 0.07 0.33 0.15
6.00 5.60 195.13 401.22 -201.63 -0.81 -0.38 0.25 0.21 0.42 0.37 0.05
12.00 8.72 481.79 -621.25 118.45 0.38 0.38 -0.80 0.48 0.11 0.65 0.00
5.00 7.96 -406.71 -591.87 328.73 0.98 0.56 0.66 0.31 0.78 0.15 0.89
20.00 90.37 46.62 661.23 106.31 0.07 -0.03 -0.85 0.46 0.44 0.97 0.72
23.00 68.04 516.29 164.88 384.96 0.57 -0.16 -0.16 0.08 0.30 0.26 0.60
5.00 6.32 -105.70 -393.34 -409.58 0.40 -0.84 -0.97 0.61 0.10 0.43 0.16
5.00 7.54 -189.35 45.40 200.13 -0.13 -0.19 -0.17 0.10 0.91 0.79 0.98
6.00 3.02 -147.38 282.97 -615.86 -0.12 0.89 -0.68 0.87 0.74 0.40 0.06
5.00 4.60 588.50 -55.18 396.23 -0.96 -0.64 -0.42 0.37 0.30 0.47 0.86
9.00 17.00 155.15 457.80 -253.58 -0.65 0.37 -0.71 0.95 0.86 0.76 0.31
10.00 23.63 -617.47 -66.57 267.86 -0.29 -0.56 -0.55 0.65 0.19 0.69 0.71
10.00 19.43 -195.20 -657.99 158.59 -0.28 -0.22 -0.46 0.92 0.86 0.82 0.28
14.00 39.46 292.30 228.46 -136.32 0.57 -0.92 -0.02 0.16 0.20 0.48 0.99
26.00 70.94 -449.43 37.37 -207.27 0.42 0.19 -0.19 0.15 0.55 0.85 0.13
7.00 2.34 -343.66 -553.27 -337.74 0.39 -0.97 -0.96 0.49 0.52 0.67 0.11
14.00 27.86 220.01 40.15 -297.08 0.17 0.24 -0.64 0.93 0.83 0.88 0.77
19.00 74.41 -290.91 -416.00 -478.23 0.17 0.57 -0.86 0.10 0.37 0.71 0.87
11.00 12.57 265.58 -25.48 32.59 -0.36 0.53 0.96 0.54 0.04 0.64 0.81
14.00 50.00 -220.19 -104.86 274.71 0.66 -0.70 -0.47 0.67 0.17 0.44 0.39
5.00 2.76 -256.16 57.29 283.60 0.50 -0.39 -0.44 0.80 0.58 0.87 0.96
6.00 1.70 -10.84 56.49 348.29 -0.74 -0.39 -0.87 0.55 0.85 0.65 0.62
5.00 8.04 -228.30 -496.09 185.51 -0.04 -0.61 -0.97 0.08 0.41 0.99 0.24
7.00 13.58 -185.44 266.86 701.88 -0.16 0.40 -0.90 0.00 0.41 0.78 0.33
25.00 154.93 640.31 -440.26 187.45 0.32 -0.90 0.61 0.57 0.46 0.90 0.90
10.00 21.58 228.29 -72.22 467.99 -0.89 -0.69 -0.32 0.87 0.36 0.65 0.99
20.00 21.22 505.00 -38.95 189.25 -0.10 0.36 -0.40 0.31 0.65 0.84 0.94
10.00 6.24 54.03 24.48 -760.96 -0.10 0.41 -0.36 0.52 0.53 0.72 0.46
28.00 85.62 4.49 -376.85 519.62 -0.17 0.21 0.72 0.17 0.07 0.45 0.77
32.00 237.20 258.75 263.46 373.31 0.19 -0.78 0.09 0.75 0.75 0.18 0.38
8.00 8.08 -48.28 339.48 7.77 0.85 0.34 0.94 0.32 0.06 1.00 0.67
16.00 52.64 -253.19 51.61 -755.74 -0.17 -0.58 0.94 0.26 0.29 0.27 0.94
10.00 7.25 415.37 -530.23 -278.74 -0.36 0.15 0.58 0.11 0.53 0.71 0.99
19.00 104.28 -238.93 206.94 331.06 0.46 -0.57 0.87 0.86 0.28 0.53 0.76
18.00 64.60 -52.64 91.18 -676.01 0.27 -0.01 -0.43 0.39 0.41 0.94 0.63
7.00 15.00 124.40 -153.39 94.84 0.48 -0.69 -0.36 0.11 0.00 0.94 0.09
14.00 11.92 -244.11 377.20 -575.70 -0.79 -0.02 -0.76 0.33 0.24 0.04 0.84
9.00 10.26 351.07 329.14 -397.04 0.79 -0.93 0.82 0.87 0.13 0.53 0.18
12.00 11.88 -68.11 658.15 -105.26 -0.06 0.28 0.91 0.06 0.70 0.27 0.62
9.00 18.59 -61.09 -212.75 -193.13 0.08 -0.79 -0.15 0.36 0.05 0.84 0.44
9.00 17.08 94.81 -436.34 265.40 -0.96 -0.30 -0.19 0.22 0.60 0.68 0.48
24.00 24.28 719.52 -130.94 -314.56 0.92 -0.27 0.80 0.57 0.60 0.69 0.86
11.00 0.43 367.60 262.63 -540.82 0.93 -0.30 0.74 0.78 0.94 0.38 0.74
12.00 24.46 631.72 -347.52 -305.44 0.33 -0.12 0.09 0.43 0.91 0.35 0.54
12.00 25.46 -2.41 39.75 676.87 -0.76 0.89 0.90 0.60 0.25 0.74 0.10
10.00 14.78 -519.66 431.10 -309.98 -0.23 -0.65 -0.10 0.40 0.29 0.57 0.73
27.00 104.54 414.10 -222.04 -564.57 0.27 0.99 -0.13 0.23 0.18 0.05 0.35
11.00 4.98 279.26 -426.75 351.93 -0.32 0.55 -0.35 0.46 0.70 0.45 0.97
7.00 4.59 -40.21 -273.31 287.97 0.91 0.54 0.39 0.22 0.67 0.16 0.98
26.00 122.39 182.24 283.30 -586.29 0.29 0.26 0.53 0.05 0.23 0.38 0.05
14.00 0.56 -694.42 228.07 175.97 0.06 -0.96 -0.23 1.00 0.73 0.30 0.54
7.00 12.92 485.64 -27.39 348.91 0.80 -0.31 -0.99 0.73 0.40 0.16 0.24
7.00 13.40 711.00 -110.35 33.24 0.55 -0.08 0.18 0.88 0.47 0.86 1.00
13.00 52.58 241.65 445.87 -115.16 -0.07 0.26 0.99 0.95 0.54 0.32 0.13
18.00 11.07 -480.90 61.79 -307.83 -0.96 0.94 0.58 0.25 0.61 0.88 0.82
13.00 38.80 -386.31 69.40 -295.39 -0.56 -0.77 -0.39 0.49 0.16 0.51 0.67
23.00 57.31 406.38 495.10 283.46 0.11 -1.00 0.14 0.13 0.14 0.83 0.19
12.00 20.63 -21.10 -137.86 542.43 -0.92 -0.51 -0.40 0.97 0.57 0.94 0.21
7.00 0.22 -52.36 7.31 147.96 -0.94 -0.79 -0.24 0.44 0.02 0.81 0.03
15.00 9.39 -558.38 -506.60 48.89 -0.96 0.65 -0.91 0.96 0.66 0.14 0.94
31.00 203.31 -548.43 -195.55 -371.35 -0.88 0.80 -0.60 0.58 0.79 0.42 0.50
27.00 196.19 449.75 -376.57 -27.63 -0.67 -0.58 0.71 0.12 0.31 0.14 0.52
8.00 4.18 237.29 89.17 -194.16 -0.01 0.20 0.91 0.29 0.90 0.55 0.31
12.00 6.01 -707.76 18.98 31.53 0.89 -0.75 0.54 0.31 0.38 0.90 0.88
13.00 33.00 -138.13 -277.44 -87.29 -0.75 0.05 -0.27 0.73 0.15 0.20 0.10
11.00 24.05 -33.18 135.62 -567.11 -0.78 0.62 -0.65 0.95 0.04 0.79 0.51
24.00 91.24 26.68 -353.97 584.76 0.21 0.43 -0.94 0.38 0.58 0.74 0.30
8.00 3.71 -344.48 438.73 -199.48 -0.38 0.95 0.56 0.68 0.83 0.35 0.54
11.00 4.46 -74.34 389.74 -554.24 -0.33 0.19 0.65 0.32 0.40 0.82 0.39
7.00 4.97 381.17 -22.69 339.03 0.77 -0.80 -0.49 0.88 0.59 0.93 0.79
10.00 15.58 -233.52 -522.46 516.83 0.40 -0.94 -0.92 0.37 0.80 0.66 0.43
13.00 51.04 -138.10 138.96 -11.27 0.41 0.49 -0.86 0.66 0.03 0.53 0.91
10.00 5.45 -93.70 -113.18 446.55 0.43 0.88 0.64 0.85 0.76 0.42 0.17
9.00 24.85 68.34 -103.19 541.79 -0.19 0.13 -0.43 0.11 0.48 0.01 0.80
6.00 4.67 232.17 -135.74 179.14 0.89 0.71 0.35 0.93 0.01 0.23 0.93
9.00 26.41 -126.16 148.57 472.97 -0.64 0.57 -0.71 0.91 0.79 0.65 0.82
12.00 28.36 9.55 124.80 434.83 -0.13 0.04 -0.25 0.86 0.52 0.91 0.96
10.00 0.70 -66.85 -72.26 -563.13 -0.55 0.85 -0.32 0.52 0.70 0.63 0.03
9.00 22.55 218.05 27.01 -215.92 -0.84 -0.26 0.25 0.55 0.79 0.28 0.40
11.00 12.80 -54.03 86.08 58.15 0.95 0.55 -0.68 0.05 0.35 0.38 0.45
7.00 15.62 311.09 293.71 -225.17 0.89 0.66 -0.40 1.00 0.65 0.86 0.79
11.00 31.84 -481.31 171.64 -201.97 -0.51 0.77 0.50 0.80 0.24 0.81 0.19
9.00 11.58 382.34 519.65 368.09 0.85 0.71 -0.67 0.76 0.83 0.85 0.84
10.00 1.65 12.97 -294.11 -323.18 -0.36 0.25 0.06 0.70 0.60 0.08 0.39
30.00 150.56 182.65 -431.39 564.55 -0.94 -0.35 -0.53 0.10 0.87 0.96 0.29
17.00 93.93 2.50 53.16 -516.40 0.75 0.98 -0.98 0.88 0.87 0.67 0.26
19.00 99.91 96.25 69.67 -474.85 -0.30 0.42 0.46 0.19 0.05 0.41 0.94
23.00 51.32 5.24 -310.14 52.69 -0.73 0.38 0.94 0.92 0.30 0.57 0.58
6.00 3.36 603.60 -361.18 -321.84 -0.78 0.94 0.65 0.57 0.69 0.32 0.38
23.00 127.44 -256.72 488.80 563.37 0.05 0.50 -0.62 0.10 0.75 0.61 0.69
9.00 8.99 -4.73 -585.62 -375.71 -0.34 -0.88 -0.98 0.98 0.50 0.28 0.74
5.00 1.04 414.96 464.95 461.78 -0.78 0.15 0.22 0.52 0.86 0.78 0.49
12.00 42.93 238.94 58.97 -245.83 -0.87 0.85 0.11 0.79 0.60 0.99 0.16
16.00 71.54 58.18 543.88 101.70 -0.97 0.90 -0.41 0.41 0.43 0.39 0.95
8.00 15.91 -342.27 -490.13 -9.48 -0.52 -0.63 -0.56 0.78 0.66 0.15 0.07
17.00 86.33 -281.68 87.57 428.71 -0.21 0.99 0.60 0.53 0.99 0.02 0.50
5.00 5.40 -128.50 -402.41 385.26 0.22 -0.46 0.38 1.00 0.80 0.16 0.81
30.00 24.24 -511.70 417.08 -128.17 -0.97 -0.21 0.84 0.62 0.62 0.54 0.30
14.00 22.48 -384.90 -332.26 240.43 0.19 0.81 0.24 0.28 0.89 0.87 0.31
21.00 78.79 -116.96 259.76 -248.74 0.65 0.44 -0.13 0.15 0.21 0.98 0.36
26.00 91.91 -484.59 8.37 319.01 -0.09 -0.62 -0.19 0.15 0.08 0.85 0.51
7.00 11.73 -278.21 -90.46 -219.03 0.95 -0.45 -0.38 0.63 0.85 0.33 0.69
5.00 2.20 -167.54 -373.31 -540.05 -0.76 0.44 -0.53 0.04 0.85 0.87 0.33
9.00 21.32 495.32 -503.54 -66.54 0.14 -0.97 -0.01 0.68 0.22 0.14 0.85
8.00 4.35 -194.68 753.97 67.51 -0.71 0.30 0.47 0.94 0.73 0.08 0.63
5.00 3.25 111.33 54.67 -325.70 0.56 0.92 -0.23 0.57 1.00 0.38 0.48
21.00 76.24 174.75 -306.48 512.24 0.41 -0.02 0.85 0.51 0.05 0.81 0.67
6.00 7.71 502.34 280.84 -48.27 -0.19 0.26 -0.51 0.66 0.13 0.04 0.78
15.00 47.54 345.88 4.82 91.33 -0.48 -0.42 -0.85 0.21 0.99 0.44 0.35
9.00 3.33 -660.79 103.76 -141.12 -0.65 -0.59 -0.28 0.30 0.93 0.97 0.38
5.00 7.89 -65.47 277.43 86.56 0.45 0.66 0.12 0.02 0.85 0.20 0.14
21.00 49.13 -263.42 448.71 141.21 0.28 0.04 -0.34 0.49 0.93 0.30 0.35
16.00 2.15 483.61 -12.80 -40.87 0.72 0.84 0.27 0.98 0.63 0.04 0.69
17.00 53.21 532.01 -0.99 -366.79 -0.32 0.09 0.48 0.95 0.80 0.17 0.07
8.00 18.23 -81.06 -275.62 72.99 0.53 0.73 -0.13 0.32 0.62 0.37 0.46
6.00 9.52 -5.48 584.25 -244.94 -0.03 0.63 -0.04 0.99 0.68 0.66 0.91
13.00 16.67 -146.20 -280.36 -293.55 -0.39 -0.72 0.83 0.53 0.44 0.67 0.11
6.00 4.27 -257.63 247.67 376.75 -0.00 0.10 0.24 0.65 0.76 0.80 0.63
18.00 57.43 518.55 242.75 116.33 -0.09 0.50 -0.34 0.55 0.03 0.61 0.82
5.00 8.03 -473.99 189.24 205.52 0.90 -0.35 0.74 0.40 0.62 0.38 0.66
13.00 21.19 151.39 226.47 -350.32 0.88 -0.71 -0.75 0.64 0.12 0.71 0.84
31.00 93.31 -227.01 471.66 -597.80 -0.44 -0.77 -0.12 0.90 0.51 0.92 0.11
18.00 56.26 290.14 256.43 -472.85 -0.38 0.04 0.70 0.13 0.44 0.94 0.15
9.00 12.16 -88.52 -305.08 -194.83 -0.35 0.03 -0.18 0.33 0.68 0.85 0.20
7.00 6.77 22.24 26.69 261.72 -0.75 -0.60 0.24 0.23 0.68 0.96 0.90
15.00 26.46 -443.51 -516.11 202.42 0.35 0.11 -0.46 0.47 0.20 0.81 0.99
5.00 0.67 -62.62 214.41 -305.45 0.29 -0.89 0.07 0.72 0.50 0.97 0.88
10.00 18.11 294.71 73.95 655.69 -0.83 0.06 0.91 0.39 0.57 0.06 0.61
5.00 4.27 -324.14 -390.72 -458.95 -0.91 0.28 -0.95 0.91 0.65 0.92 0.03
21.00 93.56 -5.25 540.43 -408.39 -0.81 0.40 -0.84 0.03 0.64 0.64 0.03
8.00 3.61 229.27 -142.18 -475.32 0.14 -0.33 0.72 0.48 0.51 0.47 0.62
5.00 3.99 362.59 256.85 354.73 -0.97 -0.33 -0.93 0.26 0.33 0.18 0.35
25.00 14.10 249.29 678.78 325.63 0.67 -0.51 0.62 0.52 0.32 0.21 0.56
7.00 15.85 153.11 -56.16 76.48 -0.31 0.88 0.09 0.76 0.04 0.13 0.59
14.00 42.09 59.93 518.49 389.39 0.08 -0.52 0.30 0.51 0.92 0.20 0.02
18.00 72.40 -79.88 -236.65 101.51 -0.98 0.59 -0.71 0.41 0.01 0.07 0.73
5.00 3.21 36.69 -190.53 -167.54 -0.24 -0.52 -0.34 0.04 0.03 0.22 0.43
6.00 9.75 426.33 -363.61 547.45 0.06 -0.88 0.76 0.54 0.73 0.22 0.46
14.00 4.57 -48.76 167.17 -165.23 -0.21 -0.77 0.52 0.55 0.25 0.36 0.14
32.00 103.29 -382.73 -337.10 491.81 -0.65 -0.57 0.44 0.63 0.82 0.45 0.44
13.00 23.12 212.51 -276.06 -698.11 0.84 0.21 -0.06 0.95 0.44 0.99 0.24
8.00 10.91 -14.35 485.62 -592.67 0.83 -0.77 -0.11 0.79 0.66 0.92 0.40
6.00 6.53 605.00 -121.45 -342.18 -0.67 0.81 0.99 0.11 0.70 0.02 0.62
11.00 15.95 -304.46 492.44 115.35 0.98 -0.43 0.73 0.91 0.12 0.98 0.36
9.00 24.24 -105.16 292.68 -364.94 -0.42 0.43 -0.36 0.13 0.74 0.09 0.50
11.00 11.84 -29.51 468.77 -204.23 0.53 -0.42 -0.70 0.80 0.59 0.17 0.03
8.00 18.95 -54.93 612.59 -291.34 -0.18 0.46 -0.28 0.19 0.98 0.26 0.10
8.00 4.76 69.92 113.70 557.21 -0.43 -0.54 0.46 0.09 0.91 0.96 0.27
8.00 13.71 -520.94 -308.19 -144.03 0.72 0.23 -0.90 0.23 0.27 0.41 0.09
32.00 131.03 -208.75 22.93 -569.88 -0.38 0.06 0.07 0.71 0.94 0.47 0.05
15.00 47.97 88.86 531.83 -314.41 -0.16 -0.90 -0.23 0.46 0.12 0.07 0.76
6.00 0.47 -413.60 -423.39 152.12 -0.91 0.09 0.92 0.92 0.87 0.50 0.63
7.00 15.27 -336.15 59.51 371.66 -0.97 0.87 -0.35 0.05 0.68 0.46 0.57
6.00 6.96 213.25 -477.98 -367.36 0.22 0.91 0.44 0.86 0.68 0.52 0.38
8.00 3.70 -126.86 101.28 618.89 0.33 -0.01 -0.78 0.97 0.65 0.76 0.66
6.00 2.35 415.49 -439.17 217.33 -0.03 0.75 -0.06 0.85 0.25 0.99 0.79
6.00 5.83 -6.94 -345.85 -127.81 -0.18 -0.58 0.73 0.98 0.27 0.30 0.94
11.00 31.36 453.56 281.74 -549.17 -0.33 0.01 0.23 0.22 0.59 0.39 0.18
6.00 0.14 446.74 336.49 297.71 0.63 -0.82 -0.61 0.88 0.55 0.11 0.92
5.00 0.13 117.48 -605.59 209.16 -0.61 -0.66 0.97 0.82 0.07 0.07 0.20
16.00 0.92 173.56 -209.93 568.02 0.84 0.35 0.99 0.44 0.35 0.59 0.95
7.00 15.04 -587.51 98.20 264.41 -0.50 0.45 -0.50 0.21 0.89 0.35 0.65
5.00 4.65 -118.62 -289.91 -225.93 0.29 -0.70 -0.95 0.65 0.59 0.52 0.83
9.00 14.98 -428.43 417.91 -495.31 -0.10 0.37 -0.40 0.45 0.91 0.13 0.44
9.00 8.76 -355.25 -318.91 48.31 0.19 -0.14 0.88 0.62 0.47 0.82 0.43
7.00 11.54 -149.62 -322.38 -576.78 0.99 -0.20 -0.37 0.72 0.76 0.81 0.73
15.00 53.22 -348.57 -537.30 -318.59 0.42 0.75 -0.75 0.81 0.83 0.28 0.18
7.00 1.10 687.81 -164.03 46.75 0.68 0.93 0.32 0.06 0.21 0.79 0.42
5.00 5.83 190.08 -418.46 191.38 -0.56 -0.04 0.84 0.30 0.43 0.56 0.12
8.00 20.52 571.83 -110.06 116.30 0.14 -0.64 0.78 0.43 0.37 0.53 0.88
12.00 8.30 -307.56 401.21 -540.49 -0.64 -0.17 0.71 0.87 0.97 0.55 0.67
5.00 5.23 -158.62 634.23 -113.50 0.96 0.28 0.99 0.19 0.98 0.97 0.39
15.00 52.00 177.89 112.96 -583.83 0.91 0.60 -0.32 0.96 0.00 0.48 0.39
7.00 1.20 46.12 298.96 157.91 -0.40 0.35 0.28 0.40 0.56 0.09 0.25
14.00 22.82 405.58 446.84 -486.09 0.96 0.37 -0.95 0.22 0.86 0.92 0.67
9.00 11.04 -403.28 3.17 612.18 -0.00 0.77 -0.07 0.84 0.18 0.58 0.47
13.00 31.81 -251.53 171.72 -674.60 -0.49 0.94 1.00 0.57 0.41 0.96 0.71
11.00 19.56 247.23 -760.52 11.60 0.84 -0.42 -0.52 0.32 0.37 0.12 0.39
17.00 41.63 -568.59 -439.18 185.82 0.79 0.96 0.38 0.60 0.59 0.95 0.68
10.00 19.38 -402.66 527.08 100.00 -0.14 -0.38 -0.22 0.28 0.15 0.56 0.35
8.00 18.80 484.43 -126.75 -272.43 0.48 0.43 0.14 0.81 0.49 0.69 0.72
6.00 0.26 -228.29 -231.30 -79.45 0.67 -0.26 0.34 0.70 0.65 0.61 0.33
33.00 245.29 -277.35 672.86 297.89 0.45 0.42 0.53 0.15 0.61 0.81 0.75
8.00 10.23 -115.89 -37.22 468.80 0.64 0.09 -0.85 0.02 0.13 0.24 0.17
5.00 2.23 719.66 205.68 213.11 -0.37 0.91 -0.91 0.00 0.46 0.16 0.93
25.00 107.15 464.27 240.26 537.30 0.23 0.37 0.99 0.36 0.79 0.75 0.20
12.00 16.87 -44.95 43.10 673.59 0.03 -0.13 0.77 0.91 0.29 0.89 0.24
21.00 43.72 290.12 -353.95 222.48 0.49 -0.55 0.42 0.58 0.30 0.77 0.58
9.00 5.75 649.90 250.01 -389.22 0.74 -0.46 -0.59 0.76 0.65 0.43 0.33
5.00 3.29 184.48 267.37 -416.01 0.65 -0.36 -0.40 0.17 0.77 0.07 0.62
25.00 72.96 -46.06 -73.69 559.65 0.85 0.63 0.65 0.28 0.90 0.86 0.89
5.00 7.31 -558.54 154.36 147.23 0.82 -0.10 -0.71 0.19 0.82 0.51 0.99
5.00 7.34 -45.60 -667.62 68.92 -0.17 0.10 -0.90 0.38 0.30 0.61 0.94
9.00 15.42 -557.71 474.05 254.70 0.21 0.63 -0.97 0.42 0.14 0.23 0.42
38.00 354.05 407.80 269.23 -103.62 -0.32 0.18 -0.00 0.39 0.25 0.39 0.28
15.00 26.64 -530.56 159.88 -140.35 0.66 -0.16 0.67 0.58 0.94 0.53 0.16
19.00 83.10 -16.04 -254.99 300.90 0.74 0.17 -0.26 0.90 0.23 0.68 0.76
28.00 166.24 290.13 682.93 90.72 -0.54 -0.89 0.30 0.36 0.21 0.52 0.73
26.00 89.86 -195.48 -241.15 -151.55 0.49 -0.81 0.73 0.22 0.82 0.80 0.42
8.00 5.00 -3.30 -629.58 308.00 0.40 0.74 0.36 0.34 0.68 0.37 0.21
9.00 10.42 -159.92 313.90 430.02 0.21 -0.43 0.86 0.09 0.33 0.48 0.72
6.00 7.65 30.84 -659.15 444.10 0.36 0.55 0.51 0.15 0.94 0.89 0.76
5.00 4.06 -233.36 -265.34 -707.01 -0.28 0.21 0.73 0.04 0.86 0.60 0.20
6.00 5.11 -177.56 8.90 365.46 -0.81 0.67 -0.63 0.87 0.82 0.14 0.93
12.00 35.93 -173.95 648.59 -328.19 -0.17 0.59 -0.17 0.45 0.08 0.78 0.25
5.00 3.34 -365.95 -236.73 -440.41 0.42 -0.37 -0.08 0.63 0.43 0.67 0.45
16.00 42.34 515.21 102.31 587.70 -0.89 -0.13 -0.25 0.50 0.02 0.62 0.31
5.00 4.68 142.41 564.26 372.21 -0.83 -0.47 0.72 0.37 0.81 0.87 0.88
26.00 154.17 2.92 108.02 -595.78 0.89 0.91 0.94 0.84 0.86 0.03 0.04
5.00 5.51 -163.28 -373.03 673.07 0.82 0.76 -0.43 0.99 0.49 0.65 0.06
12.00 34.69 114.19 352.94 676.39 -0.60 -0.64 0.03 0.88 0.05 0.73 0.79
5.00 5.60 24.69 602.98 -200.31 0.30 -0.53 -0.03 0.11 0.21 0.58 0.95
12.00 35.15 406.57 -436.15 -501.38 0.19 -0.41 0.76 0.20 0.85 0.01 0.28
20.00 64.74 -22.97 -315.87 -452.02 0.15 -0.16 -0.11 0.60 0.23 0.88 0.83
5.00 3.87 -212.74 625.07 228.90 -0.67 0.66 -0.61 0.34 0.39 0.50 0.57
15.00 50.17 -112.76 -594.32 -125.82 0.04 -0.85 -0.33 0.65 0.96 0.51 0.10
10.00 23.06 -435.54 -5.06 510.85 -0.40 -0.55 -0.95 0.09 0.15 0.84 0.57
5.00 6.84 -223.88 11.36 -474.69 -0.51 0.40 -0.73 0.70 0.55 0.51 0.79
11.00 35.22 14.15 -126.56 301.58 -0.06 -0.21 -0.62 0.19 0.64 0.29 0.88
10.00 6.43 -435.01 126.18 196.31 0.91 0.90 -0.11 0.90 0.30 0.99 0.92
10.00 27.56 -213.33 295.41 -105.90 0.68 0.26 0.73 0.40 0.06 0.83 0.22
18.00 95.84 400.21 -460.80 116.71 -0.92 0.03 0.76 0.05 0.23 0.91 0.98
15.00 37.93 219.25 309.72 431.28 0.52 -0.18 -0.67 0.39 0.65 0.93 0.46
13.00 4.40 140.94 189.92 506.08 -0.44 0.33 0.37 0.08 0.03 0.38 0.18
12.00 19.84 114.46 -564.05 239.61 -0.53 -0.33 0.15 0.37 0.74 0.96 1.00
26.00 185.88 -678.69 -246.75 23.08 -0.37 0.26 0.83 0.23 0.68 0.09 0.34
17.00 64.91 112.69 513.16 -137.64 -0.51 -0.19 -0.20 0.71 0.71 0.39 0.70
13.00 14.13 207.85 -723.76 -50.73 -0.24 -0.50 -0.56 0.97 0.57 0.69 1.00
5.00 3.53 -436.78 -80.79 102.50 -0.35 0.27 -0.05 0.72 0.31 0.00 0.98
5.00 4.01 -274.68 240.16 -358.78 -0.30 -0.10 -0.95 0.08 0.52 0.34 0.39
8.00 18.05 -420.75 -344.56 59.04 -0.25 -0.39 -0.24 0.42 0.76 0.46 0.35
5.00 6.95 -249.03 -646.75 -23.53 -0.97 -0.02 0.86 0.26 0.07 0.96 0.83
12.00 22.29 27.73 224.62 477.52 0.70 0.23 -0.43 0.88 0.01 0.57 0.82
6.00 8.83 -30.79 564.83 -398.36 0.84 0.68 -0.29 0.81 0.66 0.36 0.26
8.00 14.81 -213.31 287.82 -155.19 0.35 0.35 0.86 0.52 0.78 0.12 0.61
15.00 51.18 -536.75 423.59 167.82 0.38 -0.79 0.79 0.47 0.07 0.69 0.84
17.00 23.80 -545.34 -117.42 -173.89 0.96 0.17 0.51 0.27 0.06 0.09 0.61
20.00 5.62 318.06 -44.76 -561.84 -0.93 -0.03 0.74 0.73 0.86 0.72 0.38
17.00 22.89 -325.94 -254.06 683.71 -0.61 -0.71 -0.15 0.36 0.76 0.19 0.19
9.00 6.29 308.45 -516.25 241.82 0.54 -0.94 0.65 0.75 0.53 0.30 0.61
5.00 7.24 -543.40 201.03 220.03 -0.38 -0.89 0.68 0.30 0.56 0.19 0.30
16.00 75.79 -251.98 250.99 22.20 0.56 -0.97 -0.91 0.44 0.29 0.79 0.30
8.00 5.42 -239.53 345.05 -390.05 -0.03 -0.86 0.96 0.98 0.90 0.27 0.25
17.00 60.43 -55.63 758.09 96.73 0.11 0.88 -0.66 0.91 0.31 0.72 0.95
6.00 5.63 335.98 181.89 -497.32 -0.90 0.14 -0.99 0.25 0.36 0.15 0.46
21.00 13.65 -344.76 -478.53 536.43 -0.01 0.81 -0.37 0.76 0.55 0.05 0.51
14.00 59.58 3.21 -16.44 21.68 -0.64 0.09 -0.42 0.51 0.75 0.92 0.90
12.00 12.88 375.35 -196.85 -387.98 0.22 0.28 -0.20 0.33 0.03 0.31 0.35
7.00 13.56 -357.00 -602.04 7.46 0.88 0.34 0.38 0.54 0.29 0.80 0.91
9.00 25.50 -178.34 -382.02 -219.61 0.79 -0.27 -0.06 1.00 0.38 0.30 0.26
7.00 11.18 -248.86 -582.95 94.74 -0.44 0.60 -0.93 0.72 0.21 1.00 0.85
5.00 7.82 -463.91 -321.92 232.79 -0.53 -0.09 0.27 0.08 0.61 0.41 0.80
7.00 10.86 643.84 -89.21 -211.59 -0.29 -0.48 0.09 0.80 0.75 0.65 0.17
8.00 2.98 -155.63 -49.52 -240.42 0.20 -0.73 -0.25 0.40 0.23 0.19 0.66
8.00 10.79 -168.77 -626.40 413.42 0.84 0.62 0.13 0.57 0.66 0.57 0.02
14.00 43.41 -436.39 130.33 -380.99 -0.13 -0.25 0.37 0.83 0.49 0.84 0.29
8.00 2.24 -704.40 127.75 -246.65 0.34 0.88 0.10 0.06 0.11 0.52 0.26
6.00 6.06 286.29 -7.70 683.06 -0.57 0.95 0.23 0.27 0.40 0.15 0.03
17.00 12.68 -236.59 277.11 448.59 -0.65 -0.30 0.86 0.22 0.37 0.40 0.72
5.00 6.82 315.71 331.53 233.49 -0.66 0.59 0.49 0.05 0.74 0.67 0.44
21.00 78.27 162.34 629.42 54.41 0.79 -0.19 -0.05 0.98 0.10 0.28 0.04
28.00 33.65 84.35 -262.45 -164.17 -0.14 -0.59 -0.73 0.46 0.93 0.71 0.41
5.00 2.87 -607.89 -509.75 -15.44 -0.32 0.86 0.55 0.44 0.06 0.48 0.15
6.00 7.58 374.60 -376.52 -392.65 -0.62 0.34 -0.08 0.46 0.07 0.02 0.39
25.00 170.27 2.08 610.41 -396.10 -0.33 -0.48 0.15 0.61 0.88 0.70 0.64
5.00 7.22 8.45 24.55 469.35 0.53 -0.35 -0.20 0.27 0.59 0.33 0.72
6.00 5.02 598.94 -262.26 335.40 0.06 0.79 -0.91 0.24 0.09 0.73 0.48
5.00 7.37 -40.59 233.26 -585.91 0.00 -0.97 0.98 0.61 0.88 0.90 0.55
19.00 57.07 190.58 -77.92 646.12 -0.34 -0.60 -0.90 0.93 0.83 0.41 0.16
18.00 50.03 -266.59 -485.37 564.53 -0.27 -0.42 1.00 0.89 0.40 0.85 0.79
14.00 36.80 132.68 -514.65 107.79 0.44 0.50 0.92 1.00 0.35 0.71 0.30
6.00 3.07 354.75 -442.63 542.28 0.15 0.28 0.31 0.68 0.40 0.10 0.70
17.00 35.10 289.77 -287.26 683.50 -0.32 -0.13 0.65 0.66 0.57 0.25 0.57
8.00 12.42 306.06 -74.34 491.23 -0.86 -0.11 -0.82 0.77 0.56 0.86 0.78
12.00 38.18 284.65 75.52 553.41 -0.48 -0.23 0.90 0.26 0.12 0.06 0.79
14.00 53.59 -117.54 86.71 -752.22 0.08 0.49 -0.49 0.10 0.08 0.08 0.13
25.00 115.12 240.93 -93.94 -570.71 0.49 -0.54 0.20 0.39 0.68 0.21 0.96
14.00 31.22 268.42 -640.67 56.17 -0.86 0.26 -0.75 0.04 0.64 0.17 0.59
12.00 7.12 -34.76 -465.80 -637.74 -0.03 0.58 -0.21 0.55 0.42 0.98 0.26
6.00 9.62 -499.37 184.42 -450.75 -0.91 -0.02 0.47 0.86 0.03 0.84 0.94
6.00 7.92 -89.61 710.28 98.14 0.59 -0.85 -0.90 0.34 0.43 0.13 0.40
5.00 4.50 211.66 -105.27 -659.37 0.39 0.68 -0.12 0.16 0.13 0.88 0.37
20.00 18.48 -176.05 129.73 541.56 0.44 0.93 0.67 0.82 0.44 0.65 0.05
7.00 4.33 105.30 -452.93 395.39 0.60 -0.54 0.33 0.99 0.33 0.61 0.28
11.00 2.65 -295.56 37.38 -462.89 -0.51 0.82 0.03 0.98 0.21 0.25 0.05
6.00 5.18 308.95 495.52 170.57 0.16 -0.23 -0.45 0.63 0.24 0.08 0.92
11.00 3.66 431.12 196.11 -410.66 -0.68 0.83 -0.76 0.83 0.97 0.31 0.94
6.00 5.65 -41.95 144.03 160.33 0.38 -0.27 0.69 0.74 0.24 0.64 0.85
22.00 33.57 478.14 554.81 -267.27 0.87 -0.22 -0.89 0.42 0.53 0.43 0.50
6.00 2.91 -218.75 46.54 493.48 -0.44 0.70 0.55 0.36 0.09 0.23 0.37
5.00 2.90 130.88 -517.55 360.51 0.96 -0.38 0.03 0.46 0.08 0.61 0.34
7.00 1.98 -11.87 359.63 231.54 0.38 0.74 -0.06 0.38 0.21 0.42 0.88
26.00 168.89 -387.12 -86.76 691.66 -0.50 0.70 0.99 0.20 0.76 0.57 0.61
7.00 8.60 -70.79 -716.28 -128.78 -0.27 0.74 0.50 0.29 0.02 0.04 0.80
7.00 8.41 322.60 -291.53 42.01 0.86 0.24 0.91 1.00 0.34 0.33 0.62
8.00 2.32 -93.72 389.33 508.84 0.81 -0.84 0.08 0.98 0.96 0.38 0.68
15.00 57.54 234.22 -404.65 -547.80 0.97 0.87 0.09 0.02 0.03 0.18 0.74
6.00 1.23 254.12 462.79 -116.47 -0.38 0.43 -0.08 0.54 0.31 0.45 0.15
5.00 0.34 -100.36 494.49 -486.26 0.64 0.41 -0.71 0.89 0.32 0.78 0.70
8.00 14.91 90.69 512.04 422.40 -0.49 0.44 0.79 0.71 0.12 0.38 0.02
15.00 41.24 77.48 -338.22 -527.59 -0.52 0.05 -0.25 0.19 0.78 0.86 0.16
6.00 1.01 -143.54 194.34 595.39 -0.75 0.90 -0.09 0.97 0.32 0.38 0.18
15.00 6.04 -489.96 -234.20 485.58 -0.33 -0.49 -0.93 0.29 0.35 0.77 0.15
8.00 0.39 -179.67 154.36 324.35 -0.36 -0.76 -0.88 0.37 0.61 0.30 0.36
10.00 22.77 136.54 -188.94 90.09 0.69 -0.04 -0.12 0.39 0.98 0.16 0.05
16.00 9.60 343.40 654.43 -250.05 0.97 -0.56 -0.16 0.51 0.46 0.86 0.80
5.00 5.89 467.90 -93.23 422.87 0.50 -0.94 -0.19 0.11 0.88 0.40 0.21
22.00 57.25 -34.47 403.09 -397.81 -0.51 -0.82 -0.49 0.54 0.33 0.65 0.88
6.00 1.98 -231.80 188.18 473.43 0.34 0.16 -0.79 0.34 0.38 0.91 0.35
15.00 31.37 -555.94 -244.90 115.01 -0.84 0.37 0.76 0.98 0.50 0.54 0.26
15.00 5.79 -60.21 731.46 126.06 0.76 0.41 -0.29 0.57 0.60 0.09 0.52
10.00 11.01 -340.34 -263.75 260.91 0.47 -0.03 -0.10 0.80 0.88 0.22 0.47
6.00 0.02 -515.71 391.35 230.74 0.87 -0.11 -0.67 0.61 0.72 0.94 0.38
12.00 4.00 396.96 653.01 66.50 0.33 -0.95 -0.09 1.00 0.85 0.48 0.16
10.00 2.37 102.81 -0.05 193.92 -0.12 -0.63 0.95 0.34 0.64 0.15 0.39
9.00 17.40 -377.84 325.56 366.26 -0.63 -0.05 -0.57 0.33 0.99 0.55 0.81
6.00 9.32 489.58 286.63 467.26 0.31 -0.09 0.75 0.85 0.81 0.88 0.29
5.00 3.56 117.09 193.63 -78.67 0.78 -0.20 0.90 0.46 0.62 0.65 0.22
13.00 54.45 388.67 43.02 595.41 -0.11 -0.53 -0.20 0.84 0.66 0.26 0.33
10.00 21.08 392.10 26.54 126.16 -0.26 0.92 0.31 0.86 0.06 0.52 0.19
6.00 2.84 -507.11 -103.13 -142.82 0.33 -0.20 -0.76 0.30 0.03 0.48 0.66
9.00 17.80 -490.58 184.95 -364.08 0.01 1.00 -0.86 0.03 0.11 0.20 0.09
8.00 0.16 418.20 615.69 -11.02 -0.44 -0.41 0.35 0.33 0.75 0.84 0.63
6.00 6.38 -451.14 -9.95 419.75 0.98 -0.84 -0.87 0.14 0.10 0.71 0.48
7.00 9.47 356.21 574.87 -88.74 0.92 -0.29 0.42 0.00 0.11 0.21 0.05
33.00 304.98 -657.78 -331.43 200.06 0.65 -0.51 0.49 0.45 0.75 0.87 0.31
19.00 24.79 -459.95 477.81 172.04 -0.70 -0.93 0.01 0.05 0.47 0.86 0.13
28.00 15.70 -149.68 178.41 192.62 -0.73 0.19 0.41 0.53 0.89 0.91 0.55
15.00 69.51 -155.77 -671.84 -203.34 0.56 0.44 -0.93 0.47 0.11 0.83 0.20
16.00 52.10 -590.66 -53.84 -129.66 0.32 -0.92 -0.94 0.98 0.06 0.40 0.65
10.00 28.12 -519.59 -118.42 -44.13 0.33 -0.82 -0.39 0.15 0.84 0.50 0.91
10.00 30.62 239.82 508.81 531.08 -0.35 0.96 0.42 0.46 0.21 0.98 0.27
13.00 40.73 200.70 482.20 -192.12 0.45 -0.52 0.33 0.89 0.10 0.80 0.82
5.00 5.68 435.32 566.18 136.64 -0.73 0.59 0.15 0.13 0.71 0.59 0.82
9.00 12.97 -164.73 585.61 471.00 -0.45 -0.03 0.79 0.59 0.38 0.43 0.74
5.00 4.24 402.70 279.00 70.22 0.47 -0.87 0.07 0.89 0.20 0.37 0.29
6.00 3.67 131.70 513.82 -384.09 0.11 0.18 -0.25 0.03 0.44 0.58 0.27
12.00 28.96 271.98 -303.34 -474.03 -0.85 -0.92 -0.69 0.74 0.81 0.44 0.91
5.00 1.98 260.76 -49.76 55.97 -0.35 0.88 -0.88 0.67 0.73 0.07 0.03
7.00 1.97 506.01 479.52 -160.03 0.96 0.29 -0.57 0.50 0.19 0.04 0.05
10.00 11.43 -534.42 158.24 563.34 -0.01 0.60 -0.71 0.97 0.68 0.14 0.07
7.00 8.55 78.55 73.92 -515.93 -0.67 0.22 0.45 0.18 0.10 0.53 0.04
10.00 0.21 170.82 -188.59 214.11 0.19 0.51 -0.11 0.67 0.64 0.20 0.99
6.00 9.64 184.17 205.21 -105.23 -0.13 -0.02 0.68 0.86 0.21 0.50 0.69
7.00 6.30 594.11 404.94 75.26 0.86 -0.00 -0.98 0.67 0.68 0.21 0.58
20.00 90.99 748.41 -4.75 119.16 0.78 -0.64 -0.86 0.87 0.97 1.00 0.74
9.00 13.91 751.78 170.87 -49.50 0.78 0.71 -0.53 0.65 0.56 0.50 0.93
6.00 6.00 127.87 -101.70 -213.90 0.35 -0.77 0.61 0.50 0.42 0.25 0.59
11.00 31.42 549.16 -275.42 347.87 0.45 0.45 0.92 0.84 0.79 0.81 0.90
15.00 70.68 168.97 287.23 -330.76 -0.76 0.26 -0.22 0.27 0.01 0.17 0.80
9.00 10.53 -58.27 418.19 355.70 0.57 -0.15 -0.09 0.10 0.97 0.15 0.46
5.00 1.83 47.01 -459.40 169.44 -0.78 -0.54 0.32 0.82 0.32 0.55 0.27
9.00 3.40 152.17 -729.36 184.35 -0.33 -0.68 0.03 0.65 0.39 0.62 0.49
8.00 10.89 -582.65 -302.20 36.40 -0.62 0.59 0.31 0.10 0.43 0.07 0.90
7.00 10.98 -58.51 257.65 -584.32 0.55 0.22 -0.57 0.33 0.24 0.95 0.10
18.00 41.00 540.42 117.10 139.56 0.43 0.03 0.40 0.43 0.45 0.21 0.01
7.00 1.97 -570.21 299.97 113.17 0.55 -0.74 -0.10 0.26 0.23 0.53 0.14
6.00 5.85 116.30 -385.14 -189.49 0.29 -0.95 0.73 0.09 0.03 0.33 0.54
8.00 9.17 749.93 -83.14 218.78 -0.71 -0.07 -0.32 0.56 0.16 0.79 0.38
12.00 35.90 329.51 511.72 40.79 0.67 -0.16 0.77 0.06 0.98 0.53 0.73
6.00 8.80 431.97 -468.78 277.91 0.46 0.22 -0.69 0.57 0.52 0.31 0.08
17.00 24.16 -309.77 592.52 266.49 -0.41 0.65 0.15 0.06 0.06 0.06 0.63
5.00 7.24 -556.72 -243.61 -9.38 0.95 0.44 0.91 0.42 0.03 0.46 0.76
6.00 2.15 -292.24 -605.24 283.13 0.68 -0.56 -0.34 0.91 1.00 0.20 0.20
13.00 46.55 57.62 -118.04 730.66 0.64 -0.33 0.84 0.55 0.34 0.93 0.86
5.00 1.37 -312.35 -245.97 -386.60 0.96 0.98 0.52 0.33 0.40 0.86 0.30
15.00 0.48 -373.72 -220.00 512.77 -0.42 0.98 -0.97 0.79 0.36 0.03 0.42
7.00 10.16 190.63 -407.12 -548.06 0.31 0.85 0.91 0.24 0.84 0.02 0.54
10.00 6.38 -256.54 -165.94 -542.82 0.39 0.25 -0.69 0.31 0.88 0.64 0.48
13.00 16.92 -119.97 493.83 -356.91 0.20 -0.78 0.40 0.15 0.96 0.80 0.96
18.00 44.34 491.77 83.56 493.95 -0.04 -0.77 0.22 0.02 0.92 0.09 0.47
5.00 7.84 -105.83 -204.96 700.90 -0.66 -0.58 0.54 0.95 0.84 0.02 0.68
6.00 11.11 351.95 55.32 445.24 -0.06 -0.08 0.99 0.41 0.47 0.77 0.30
25.00 88.65 21.01 -312.23 -384.31 -0.49 0.55 0.07 0.19 0.10 0.28 0.03
21.00 38.06 -68.73 -47.62 490.21 -0.88 -0.52 -0.58 0.05 0.68 0.47 0.38
5.00 0.36 15.85 593.93 162.03 -0.21 0.48 -0.33 0.63 0.56 0.59 0.40
6.00 11.32 -169.81 -708.76 6.20 0.90 0.80 0.62 0.53 0.12 0.76 0.07
8.00 17.17 -336.48 -258.96 -150.07 -0.55 -0.07 -0.79 0.97 0.48 0.58 0.24
34.00 73.88 334.76 -262.19 -30.85 -0.52 0.94 -0.99 0.57 0.15 0.09 0.60
16.00 69.49 -545.31 -426.85 -89.01 0.47 0.64 0.18 0.59 0.97 0.39 0.18
9.00 3.31 287.59 359.13 468.70 -0.64 -0.01 0.28 0.50 0.13 0.33 0.50
18.00 76.13 -401.50 159.42 562.44 -0.65 -0.65 0.79 0.61 0.52 0.43 0.94
5.00 2.72 42.06 -132.92 112.62 -0.84 0.60 -0.48 0.65 0.73 0.34 0.76
11.00 34.62 386.02 -492.05 242.86 0.02 0.16 -0.44 0.88 0.36 0.46 0.30
39.00 296.82 -669.45 166.24 356.62 -0.23 -0.30 0.60 0.84 0.81 0.67 0.79
7.00 11.07 110.96 156.52 316.09 -0.77 -0.42 -0.04 0.87 0.37 0.65 0.84
5.00 5.72 -572.44 -111.68 213.38 -0.06 -0.64 -0.00 0.21 0.99 0.57 0.55
5.00 3.30 467.41 97.45 280.01 -0.25 0.79 0.20 0.39 0.19 0.94 0.79
17.00 16.28 656.54 131.32 201.41 0.14 -0.67 -0.04 0.91 0.06 0.31 0.49
12.00 28.55 -367.84 179.59 148.98 0.48 0.09 -0.74 0.11 0.66 0.04 0.89
5.00 6.66 -283.72 640.47 -156.06 -0.49 0.36 0.60 0.23 0.51 0.72 0.60
14.00 23.20 -242.36 -607.74 52.23 -0.73 0.71 0.28 0.36 0.71 0.91 0.98
8.00 19.22 -124.37 583.42 53.96 0.81 0.42 -0.07 0.59 0.21 0.83 0.41
19.00 67.85 68.33 -278.07 -379.21 0.53 0.45 -0.45 0.55 0.52 0.50 0.87
24.00 146.97 -324.29 53.42 173.24 0.39 -0.88 -0.84 0.85 0.94 0.47 1.00
10.00 3.59 498.99 121.64 -348.30 -0.24 -0.58 0.65 0.21 0.94 0.88 0.19
5.00 2.46 269.02 133.35 -438.73 -0.03 0.07 -0.13 0.89 0.58 0.13 0.23
10.00 8.37 391.12 464.97 494.07 -0.95 0.63 0.47 0.13 0.22 0.33 0.34
12.00 9.25 236.74 19.02 718.61 0.49 -0.71 0.35 0.24 0.89 0.86 0.97
14.00 16.58 158.62 566.54 229.72 0.93 -0.55 0.83 0.75 0.81 0.95 0.43
7.00 3.69 489.87 -492.30 287.22 -0.95 -0.80 -0.91 0.83 0.94 0.92 0.66
33.00 26.92 84.19 -334.69 505.41 0.02 -0.48 -0.63 0.00 0.36 0.29 0.35
5.00 7.85 -582.82 255.32 73.99 0.72 0.17 0.63 0.33 0.40 0.58 0.05
6.00 3.90 263.26 605.05 -78.70 0.89 0.51 -0.55 0.33 0.08 0.63 0.88
6.00 7.48 -300.72 -376.37 320.65 -0.69 -0.27 0.11 0.64 0.79 0.38 0.63
9.00 4.19 221.64 -28.68 487.53 -0.36 -0.22 0.33 0.24 0.41 0.23 0.27
6.00 1.33 -455.61 619.56 119.52 -0.06 0.97 -0.70 0.65 0.76 0.02 0.47
5.00 1.41 397.34 175.20 337.70 -0.78 0.77 -0.60 0.10 0.14 0.89 0.78
10.00 13.90 110.06 -190.80 -278.44 0.54 -0.95 -0.84 0.52 0.74 0.83 0.64
28.00 98.20 167.16 -103.94 -743.85 0.21 0.17 -0.29 0.31 0.97 0.93 0.33
16.00 36.56 100.24 -375.09 -605.99 -0.98 -0.68 0.29 0.96 0.19 0.80 0.84
7.00 3.82 86.86 -393.80 -334.01 0.91 0.09 1.00 0.42 0.46 0.37 0.91
5.00 7.78 -92.80 338.74 -71.36 0.21 0.70 -0.60 0.75 0.45 0.53 0.68
19.00 32.43 -321.38 -149.27 475.23 -0.82 -0.91 0.43 0.08 0.74 0.39 0.72
16.00 57.08 587.84 -72.07 17.03 0.28 -0.15 0.27 0.17 0.67 0.13 1.00
6.00 9.23 324.51 -518.19 153.47 -0.95 -0.09 0.47 0.07 0.84 0.46 0.79
13.00 37.66 -276.02 230.48 147.04 -0.16 -0.73 0.49 0.89 0.36 0.29 0.28
25.00 88.00 262.66 -197.55 142.14 1.00 0.00 0.99 0.25 0.56 0.18 0.66
9.00 19.52 547.53 67.87 -24.34 -0.29 -0.02 -0.38 0.12 0.54 0.72 0.98
8.00 14.63 -496.93 -58.69 -77.84 0.31 0.09 0.49 0.81 0.83 0.80 0.22
12.00 4.00 109.06 547.37 -195.75 -0.99 0.51 0.98 0.12 0.53 0.62 0.87
7.00 3.92 346.57 254.02 -605.19 -0.64 -0.46 -0.39 0.35 0.69 0.60 0.39
21.00 10.93 -214.77 -213.05 139.76 -0.61 -0.11 -0.77 0.49 0.92 0.23 0.45
7.00 14.77 -150.98 -76.03 195.14 0.92 -0.84 -0.24 1.00 0.56 0.20 0.15
22.00 60.64 566.05 -15.09 428.39 -0.21 0.38 -0.73 0.16 0.16 0.71 0.86
5.00 1.81 206.09 -355.76 449.10 0.65 0.48 -0.42 0.85 0.18 0.27 0.38
6.00 3.91 -451.02 142.46 99.28 0.57 -0.81 0.53 0.73 0.61 0.72 0.40
8.00 13.72 -145.84 -112.44 47.43 0.59 -0.70 -0.87 0.75 0.50 0.35 0.80
5.00 2.48 264.86 141.66 219.86 -0.02 -0.89 -0.77 0.46 0.75 0.06 0.67
8.00 7.73 26.32 -247.10 -514.59 -0.80 0.93 -0.72 0.88 0.38 0.53 0.31
11.00 38.71 -87.10 -535.50 -347.31 -0.74 -0.78 -0.46 0.67 0.77 0.65 0.81
11.00 29.68 195.75 365.45 -441.42 -0.24 0.89 -0.90 0.13 0.64 0.61 0.81
8.00 1.57 -217.43 13.29 504.21 -0.68 0.17 -0.20 1.00 0.62 0.10 0.16
8.00 11.26 88.52 160.54 704.50 -0.91 -0.71 -0.30 0.15 0.60 0.94 0.01
7.00 7.87 -287.35 638.13 -225.64 0.03 0.43 -0.38 0.37 0.19 0.94 0.41
15.00 0.70 516.13 366.14 -181.00 0.77 0.92 -0.20 0.64 0.64 0.25 0.21
12.00 25.08 -201.72 -72.38 274.37 0.13 0.51 0.02 0.38 0.58 0.91 0.37
10.00 18.97 -233.85 335.20 516.81 -0.35 -0.11 0.79 0.23 0.10 0.27 0.27
7.00 14.87 373.32 -621.33 143.01 -0.21 0.95 0.35 0.79 0.10 0.60 0.64
5.00 8.09 -99.70 464.88 -602.99 -0.05 0.94 -0.74 0.57 0.04 0.67 0.67
8.00 10.90 -107.52 -661.03 38.77 0.87 0.88 -0.62 0.37 0.37 0.27 0.02
6.00 1.94 -479.74 -302.20 -75.93 -0.93 -0.47 0.06 0.31 0.65 0.65 0.61
24.00 41.96 -464.86 124.88 -632.42 0.64 -0.51 0.79 0.06 0.79 0.05 0.73
22.00 84.71 58.01 -82.59 225.53 0.16 -0.70 -0.75 0.47 0.77 0.13 0.26
7.00 13.01 -663.10 161.77 -366.26 0.26 0.16 0.67 0.76 0.44 0.05 0.44
5.00 2.72 252.37 651.00 -108.24 0.15 -0.68 0.01 0.09 0.87 0.26 0.74
9.00 16.70 -175.04 -192.98 225.90 0.72 0.35 0.83 0.56 0.29 0.32 0.32
18.00 61.09 294.42 100.44 -238.36 -0.07 -0.72 -0.55 0.93 0.47 0.63 0.15
14.00 47.96 333.68 342.11 528.82 -0.66 -0.71 -0.26 0.53 0.89 0.60 0.63
18.00 33.22 169.26 -108.48 -536.08 0.23 -0.55 0.90 0.20 0.34 0.84 0.54
14.00 62.88 -2.43 207.31 161.25 0.43 -0.24 -0.78 0.21 0.63 0.92 0.13
9.00 15.21 -306.90 -432.37 257.48 -0.65 -0.89 -0.97 0.54 0.52 0.93 0.70
13.00 23.59 -104.03 97.33 -690.40 -0.72 -0.18 -0.99 0.19 0.14 0.91 0.05
25.00 43.02 85.91 -343.31 583.95 0.90 0.41 0.27 0.55 0.60 0.26 0.49
7.00 6.67 75.50 282.06 480.18 -0.81 0.35 -0.89 0.36 0.60 0.07 0.71
14.00 45.61 358.16 -411.31 414.84 -0.39 0.33 -0.97 0.24 0.55 0.87 0.89
19.00 35.61 -324.27 452.42 296.03 -0.87 0.49 0.98 0.09 0.96 0.41 0.74
6.00 0.95 27.49 440.74 -531.09 -0.51 0.41 -0.41 0.69 0.23 0.47 0.50
5.00 6.24 -611.64 212.39 387.15 -0.24 0.04 -0.48 0.57 0.23 0.71 0.50
6.00 3.99 -151.40 -417.75 -123.24 0.95 0.57 0.55 0.77 0.35 0.76 0.12
11.00 14.49 88.33 -118.54 -696.37 -0.62 0.97 -0.78 0.34 0.39 0.09 0.16
7.00 0.03 612.07 -389.67 206.43 -0.66 -0.44 -0.31 0.25 0.09 0.92 0.69
6.00 7.90 643.17 -284.17 -179.49 -0.95 -0.61 0.74 0.87 0.02 0.47 0.52
8.00 1.82 -691.99 117.76 332.07 0.40 -0.86 0.90 0.59 0.07 0.32 0.58
14.00 0.38 150.02 -96.11 -608.84 -0.27 -0.28 0.62 0.86 0.18 0.81 0.54
19.00 9.55 89.72 -254.56 -657.32 0.73 -0.64 0.76 0.01 0.25 0.88 0.58
6.00 4.27 101.67 526.50 212.55 -0.17 0.52 0.71 0.36 0.90 0.77 0.96
5.00 3.55 -82.54 -63.75 119.83 -0.36 -0.90 -0.65 0.20 0.22 0.78 0.86
19.00 40.84 22.41 794.74 -59.71 -0.48 -0.21 0.46 0.25 0.23 0.85 0.91
21.00 33.00 311.12 70.80 -629.68 0.92 0.89 -0.71 0.24 0.34 0.72 0.66
6.00 1.18 570.01 -403.94 279.34 -0.49 -0.96 0.83 0.52 0.08 0.74 0.19
20.00 35.60 422.78 -146.23 -68.20 0.58 -0.74 0.45 0.69 0.69 0.18 0.42
19.00 28.37 492.08 -229.29 -509.28 -0.03 0.81 0.37 0.62 0.89 0.34 0.61
16.00 54.31 -272.64 -66.08 -114.09 0.63 0.80 -0.03 0.96 0.21 0.84 0.48
14.00 38.88 378.54 -523.98 -48.57 -0.87 0.27 0.44 0.64 0.81 0.17 0.45
8.00 9.78 459.37 294.79 -232.04 0.75 -0.01 0.53 0.45 0.91 0.73 0.30
14.00 46.11 596.41 -346.82 370.58 0.53 0.41 -0.54 0.79 0.07 0.81 0.04
9.00 9.42 -162.94 -183.86 13.91 -0.60 -0.18 0.89 0.46 0.91 0.93 0.94
12.00 40.80 68.96 737.80 58.16 0.38 -0.23 0.77 0.78 0.65 0.71 0.27
23.00 70.76 329.57 33.80 118.25 -0.01 -0.80 -0.48 0.25 0.82 0.83 0.76
6.00 4.05 -128.57 443.90 548.43 0.73 -0.13 0.15 0.73 0.32 0.27 0.03
7.00 1.02 -502.94 553.02 -11.71 0.29 -0.25 -0.48 0.27 0.74 0.39 0.81
10.00 14.69 73.49 -553.10 321.12 -0.82 0.38 -0.89 0.53 0.29 0.69 0.78
11.00 4.38 357.15 49.09 527.05 0.66 -0.47 -0.69 0.14 0.30 0.13 0.18
11.00 1.82 537.52 378.80 185.42 0.23 -0.89 0.18 0.21 0.37 0.41 0.74
15.00 53.24 138.30 589.66 477.67 0.24 -0.81 -0.34 0.61 0.21 0.43 0.38
10.00 19.20 150.15 18.82 595.65 -0.98 0.30 0.61 0.04 0.34 0.01 0.76
8.00 8.65 -49.61 333.77 229.58 0.94 0.29 0.76 0.71 0.02 0.73 0.20
10.00 2.26 630.55 434.46 -75.27 0.91 0.25 0.26 0.85 0.90 0.14 0.60
6.00 6.55 -107.45 -190.23 638.06 0.67 0.90 -0.40 0.54 0.05 0.40 0.24
8.00 1.04 240.04 -214.03 322.76 -0.49 -0.09 0.41 0.64 0.40 0.06 0.84
22.00 122.93 283.89 162.13 728.97 -0.45 0.66 -0.73 0.98 0.52 0.58 0.44
9.00 12.26 -707.60 132.66 90.42 -0.26 0.06 0.81 0.24 0.54 0.76 0.98
9.00 21.58 -53.58 539.72 436.13 0.17 -0.27 -0.23 0.33 0.42 0.58 0.30
14.00 31.95 -414.62 -121.90 522.58 0.45 0.78 0.03 0.94 0.96 0.10 0.90
8.00 19.65 -339.50 202.45 -84.50 0.59 0.79 0.18 0.46 0.17 0.78 0.45
5.00 6.75 271.47 94.09 703.01 -0.75 -0.79 -0.76 0.65 0.53 0.08 0.48
6.00 9.10 -89.87 -58.41 386.97 0.11 1.00 0.68 0.06 0.43 0.01 0.76
5.00 2.70 -106.41 321.20 688.75 0.50 -0.46 -0.29 0.85 0.47 0.55 0.02
9.00 6.54 296.47 -364.22 -233.80 -0.87 0.24 -0.73 0.68 0.66 0.39 0.56
5.00 2.77 658.88 92.28 276.19 0.91 -0.15 -0.98 0.50 0.66 0.95 0.29
10.00 30.91 606.79 24.46 -471.05 -0.74 -0.15 -0.89 0.61 0.66 0.61 0.14
5.00 7.97 -237.31 507.18 -412.07 -0.33 0.82 0.06 0.75 0.39 0.14 0.65
11.00 7.57 35.05 690.51 -291.54 0.22 -0.71 0.37 0.75 0.10 0.32 1.00
7.00 5.31 216.42 236.17 -427.22 0.04 0.11 -0.46 0.48 0.32 0.54 0.69
29.00 261.27 43.71 -132.51 254.14 0.64 -0.04 -0.35 0.16 0.50 0.05 0.70
13.00 50.26 404.99 233.22 -637.65 0.97 0.29 0.16 0.82 0.18 0.09 0.27
15.00 13.41 574.43 148.71 -256.55 -0.66 -0.40 0.32 0.30 0.66 0.61 0.77
9.00 8.88 -482.62 -107.81 -107.39 0.08 0.72 -0.40 0.60 0.79 0.44 0.58
5.00 7.60 -502.90 -93.33 612.34 0.54 0.23 0.16 0.59 0.39 0.78 0.80
8.00 13.62 18.31 133.21 -447.48 -0.16 -0.52 -0.15 0.45 0.80 0.69 0.74
7.00 11.60 -40.49 -423.26 -303.55 -0.88 -0.85 0.81 0.19 0.03 0.49 0.75
17.00 1.48 453.39 352.90 -104.19 0.63 0.43 -0.27 0.67 0.17 0.48 0.43
7.00 13.29 464.12 -280.67 475.07 -0.71 -0.81 0.30 0.72 0.94 0.37 0.59
7.00 6.40 365.29 -380.29 -428.74 0.79 -0.51 0.20 0.33 0.31 0.16 0.04
22.00 8.91 279.34 197.88 -164.96 -0.86 -0.10 0.45 0.96 0.53 0.71 0.70
17.00 77.39 227.38 79.40 -672.34 -0.44 0.77 -0.79 0.40 0.74 0.17 0.50
8.00 18.66 42.77 -458.43 238.05 0.67 0.66 -0.11 0.88 0.92 0.14 0.31
36.00 60.49 134.19 -307.14 -376.84 0.86 -0.05 -0.75 0.69 0.02 0.38 0.70
9.00 9.53 -412.90 -416.24 -497.10 -0.61 -0.81 0.00 0.54 0.82 0.21 0.85
10.00 13.77 -275.42 -452.14 -275.76 -0.54 -0.81 -0.50 0.81 0.12 0.15 0.08
11.00 13.08 613.77 -132.80 478.72 -0.80 -0.77 -0.13 0.84 0.65 0.65 0.30
25.00 131.88 193.09 627.28 -447.95 0.83 -0.51 -0.95 0.99 0.14 0.43 0.15
6.00 8.68 -57.37 -671.22 123.13 0.08 0.03 0.48 0.20 0.72 0.65 0.16
7.00 12.44 469.23 368.98 132.32 -0.36 0.78 -0.05 0.74 0.98 0.30 0.00
10.00 13.00 -525.88 -342.48 5.71 -0.77 0.85 0.79 0.39 0.88 0.42 0.94
8.00 17.93 620.31 -100.74 -44.33 0.13 0.56 -0.82 0.07 0.52 0.20 0.91
9.00 8.48 -443.91 255.01 276.39 0.34 0.47 0.82 0.18 0.43 0.29 0.04
5.00 1.57 45.15 564.23 -545.53 -0.91 -0.85 0.36 0.12 0.31 0.94 0.05
13.00 29.70 63.29 -554.03 -339.60 0.36 0.63 -0.72 0.57 0.27 0.77 0.31
18.00 44.70 138.58 -749.65 -163.11 -0.49 -0.87 0.52 0.11 0.51 0.02 0.06
6.00 6.48 -178.91 444.46 -533.84 -0.07 0.86 -0.05 0.24 0.48 0.84 0.36
26.00 0.72 -489.26 132.40 -582.76 0.30 0.95 -0.15 0.80 0.80 0.87 0.27
10.00 25.56 -467.79 -303.88 340.95 0.93 0.85 0.69 0.13 0.62 0.86 0.77
17.00 77.74 -202.89 -76.76 -10.09 -0.78 0.57 -0.31 0.28 0.45 0.93 0.02
9.00 3.18 -354.66 -6.87 -625.35 -0.15 -0.79 0.14 0.99 0.06 0.96 0.10
11.00 30.73 173.12 365.09 30.13 0.76 -0.15 -0.03 0.57 0.49 0.44 0.47
23.00 142.49 25.21 71.43 -196.61 0.90 0.52 -0.52 0.91 0.15 0.64 0.61
5.00 7.94 -381.35 192.11 437.62 0.35 -0.07 -0.03 0.77 0.56 0.83 0.10
11.00 28.08 -436.31 -362.94 163.11 -0.53 0.54 0.82 0.61 0.88 0.28 0.08
8.00 8.70 286.46 -476.23 -88.74 -0.60 -0.60 0.88 0.56 0.63 0.35 0.82
24.00 182.42 301.26 351.31 -346.81 0.45 -0.62 0.31 0.03 0.46 0.01 0.04
8.00 18.97 67.45 -517.40 -596.93 -0.81 0.68 0.25 0.39 0.80 0.12 0.53
14.00 58.08 690.60 240.39 180.41 0.51 -0.59 0.44 0.11 0.65 0.02 0.05
16.00 9.14 -288.25 -721.98 173.61 -0.12 0.81 -0.75 0.10 0.28 0.72 0.53
9.00 22.43 306.86 703.30 -152.76 -0.14 0.37 0.32 0.26 0.61 0.65 0.09
7.00 3.27 -421.59 38.23 301.97 -0.05 -0.71 -0.19 0.91 0.85 0.96 0.76
5.00 1.00 178.21 339.06 -695.96 -0.90 0.08 -1.00 0.45 0.11 0.90 0.40
20.00 61.32 -613.78 280.83 -415.13 -0.82 -0.08 -0.36 0.70 0.14 0.25 0.47
12.00 41.53 332.14 -37.90 -318.80 -0.27 0.60 0.46 0.75 0.85 0.01 0.11
15.00 51.94 -17.38 -428.18 430.14 0.04 0.73 0.44 0.72 0.73 0.11 0.47
8.00 6.75 -410.69 12.80 -387.97 0.91 0.29 0.16 0.14 0.07 0.74 0.29
19.00 4.08 -51.31 -510.33 22.41 -0.35 0.87 0.46 0.06 0.91 0.20 0.10
9.00 0.87 -612.94 165.49 444.69 -0.48 0.67 -0.55 0.41 0.60 0.04 0.43
13.00 9.79 483.71 -242.68 567.74 0.02 0.96 -0.17 0.99 0.12 0.54 0.86
18.00 72.92 -134.42 566.11 212.07 -0.86 0.49 -0.10 0.05 0.91 0.24 0.11
9.00 16.44 687.14 119.15 -379.73 0.52 0.36 -0.92 0.58 0.10 0.41 0.89
8.00 15.87 -311.66 33.70 651.49 -0.10 -0.70 -0.07 0.24 0.51 0.28 0.53
14.00 46.53 265.75 -442.30 430.78 -0.22 -0.46 0.72 0.04 0.31 0.60 0.26
25.00 60.19 110.19 -45.38 -253.61 -0.76 0.56 -0.65 0.37 0.70 0.63 0.83
16.00 30.15 155.73 415.52 -83.77 -0.70 -0.44 0.28 0.22 0.92 0.63 0.91
7.00 13.65 399.37 -619.26 141.55 0.38 0.04 -0.72 0.05 0.32 0.06 0.98
20.00 85.04 112.86 -177.16 465.36 0.04 -0.83 0.58 0.68 0.32 0.93 0.28
6.00 4.36 48.44 -180.59 -24.90 0.17 -0.20 0.66 0.56 0.22 0.01 0.65
13.00 14.03 319.99 -274.62 -663.48 0.45 0.40 -0.02 0.32 0.08 0.36 0.57
10.00 21.01 -490.29 -368.05 -254.47 0.61 0.93 -0.58 0.35 0.02 0.39 0.26
6.00 11.01 -31.33 -396.54 -135.99 -0.83 -0.45 -0.80 0.23 0.41 0.61 0.69
14.00 45.62 248.20 -203.74 -553.75 -0.73 -0.55 -0.31 0.59 0.74 0.29 0.94
7.00 4.27 388.29 593.93 351.47 -0.56 -0.33 -0.88 0.27 0.04 0.14 0.16
5.00 2.91 -54.35 44.95 749.75 -0.71 -0.18 -0.78 0.43 0.71 0.60 0.01
7.00 1.23 -623.81 -283.81 161.31 0.53 0.56 -0.32 0.23 0.35 0.69 0.81
14.00 8.92 -381.85 -91.93 392.99 0.12 0.79 0.93 0.64 0.95 0.67 0.59
17.00 92.96 -430.00 -564.62 219.79 0.40 0.37 0.69 0.74 0.88 0.94 0.66
24.00 28.87 -134.68 -491.99 -183.83 -0.43 0.90 -0.63 0.88 0.61 0.16 0.42
11.00 24.09 410.79 267.46 303.57 -0.47 0.21 0.64 0.73 0.05 0.10 0.47
9.00 19.83 -630.45 300.71 -44.83 0.29 0.21 -0.23 0.95 0.13 0.91 0.75
23.00 94.18 220.86 -383.30 -251.52 0.18 -0.13 0.63 0.79 0.42 0.44 0.92
5.00 4.61 183.39 -588.23 -114.35 0.20 -0.52 -0.98 0.82 0.67 0.94 0.66
11.00 36.76 -345.33 -89.51 333.48 0.68 -0.28 -0.01 0.80 0.96 0.79 0.26
6.00 0.94 692.07 -213.70 -7.98 -0.96 0.81 -0.67 0.90 0.28 0.32 0.44
18.00 66.46 -96.88 490.53 -7.04 -0.40 -0.51 -0.44 0.92 0.52 0.70 0.20
6.00 4.89 -605.91 465.38 37.70 -0.68 -0.58 0.09 0.85 0.29 0.68 0.33
11.00 8.33 244.32 81.93 644.94 0.38 -0.29 -0.40 0.77 0.99 0.29 0.84
10.00 14.75 261.32 -187.82 -159.53 0.04 -0.36 -0.39 0.35 0.53 0.86 0.30
14.00 11.84 -229.34 -140.74 -334.42 0.70 -0.72 -0.03 0.91 0.10 0.79 0.00
6.00 0.95 38.56 271.80 206.22 0.59 -0.06 0.44 0.48 0.28 0.89 0.25
38.00 161.57 169.64 103.94 124.95 0.51 -0.31 -0.59 0.61 0.41 0.27 0.10
21.00 41.32 -475.03 -586.51 -72.27 0.93 0.25 -0.68 0.40 0.00 0.63 0.21
10.00 29.58 227.27 -184.91 -470.87 -0.63 -0.17 -0.47 0.50 0.60 0.58 0.60
12.00 2.79 -410.98 -325.06 -412.61 0.20 -0.39 -0.13 0.38 0.84 0.12 0.96
8.00 5.52 -783.93 -62.20 -145.45 -0.76 -0.44 -0.13 0.77 0.77 0.30 0.27
8.00 9.58 5.01 -233.58 -309.09 0.10 -0.67 -0.12 0.14 0.76 0.30 0.30