18.34 899
6.00 10.98 -192.60 -307.03 -227.98 0.98 -0.16 0.69 0.21 0.03 0.67 0.94
14.00 52.19 595.85 68.48 257.06 0.31 0.22 0.95 0.22 0.07 0.92 0.86
20.00 19.42 112.86 -177.16 465.36 -0.81 0.93 0.14 0.74 0.84 0.14 0.87
6.00 7.73 48.44 -180.59 -24.90 -0.95 -0.96 -0.17 0.64 0.86 0.41 0.31
20.00 127.56 -350.27 -696.65 100.57 -0.41 -0.06 0.90 0.91 0.85 0.78 0.90
9.00 9.08 -640.28 401.66 -8.06 0.72 -0.79 0.47 0.81 0.28 0.27 0.97
5.00 3.00 263.67 -359.70 396.01 -0.91 -0.70 -0.96 0.52 0.47 0.49 0.66
6.00 5.78 211.57 -254.32 -583.42 0.99 -0.15 -0.06 0.92 0.44 0.32 0.57
9.00 7.61 191.22 -368.84 -609.94 0.38 -0.04 -0.55 0.02 0.29 0.86 0.88
5.00 4.53 -324.14 -390.72 -458.95 -0.72 0.88 -0.02 0.19 0.86 0.26 0.23
6.00 4.71 8.42 647.02 -383.12 0.59 -0.68 0.42 0.80 0.55 0.96 0.29
7.00 7.50 105.09 -324.75 -189.13 -0.50 0.56 -0.17 0.68 0.57 0.65 0.18
6.00 8.60 280.36 24.85 -70.36 0.28 -0.24 0.63 0.52 0.67 0.02 0.65
10.00 24.44 144.90 452.45 -561.24 0.81 0.52 0.20 0.13 0.66 0.53 0.06
13.00 1.89 -67.19 352.11 551.92 -0.73 -0.56 -0.95 0.62 0.13 0.74 0.39
6.00 2.14 374.60 -376.52 -392.65 -0.15 -0.77 -0.68 0.50 0.72 0.99 0.86
38.00 443.40 -122.50 -213.50 -212.69 -0.69 -0.49 0.37 0.26 0.10 0.74 0.60
11.00 25.75 404.09 -146.33 6.74 -0.78 -0.98 -0.87 0.30 0.03 0.66 0.05
10.00 3.56 -111.32 609.84 -298.29 -0.05 0.92 -0.29 0.58 0.62 0.90 0.08
7.00 10.24 125.00 -679.29 -401.48 -0.88 0.73 0.90 0.38 0.58 0.95 0.49
12.00 12.78 31.59 16.36 -452.43 -0.53 -0.19 0.84 0.28 0.36 0.56 0.16
26.00 203.27 -343.83 643.41 137.10 0.54 -0.87 0.58 0.01 0.32 0.07 0.45
13.00 48.89 106.40 -666.02 -12.37 0.62 0.37 -0.33 0.11 0.97 0.25 0.40
22.00 33.00 -635.01 470.43 -2.29 -0.96 0.62 0.46 0.80 0.57 0.99 0.04
12.00 40.30 -57.09 465.65 -494.04 -0.62 -0.31 -0.66 0.92 0.92 0.84 0.58
10.00 29.12 -289.91 510.39 -318.86 -0.66 -0.91 0.84 0.61 0.15 0.20 0.27
36.00 273.90 134.15 629.39 -311.11 0.16 -0.02 0.54 0.73 0.24 0.96 0.80
15.00 35.85 387.87 -157.37 -359.28 0.93 -0.11 0.90 0.22 0.11 0.90 0.25
5.00 6.01 -118.30 49.34 -277.01 0.17 -0.00 0.87 0.39 0.54 0.17 0.21
18.00 90.33 92.29 -462.06 340.51 0.99 0.35 0.95 0.20 0.41 0.88 0.17
6.00 9.49 -52.25 -163.34 -39.17 -0.44 -0.03 0.03 0.29 0.61 0.40 0.66
12.00 18.64 123.72 585.77 364.03 0.64 0.89 -0.16 0.61 0.23 0.52 0.04
14.00 23.22 -336.43 -195.12 -612.38 -0.12 -0.99 0.72 0.05 0.77 0.54 0.39
14.00 51.24 -280.57 100.36 -178.28 -0.28 -0.76 -0.81 0.79 0.19 0.43 0.71
14.00 44.45 -554.86 -73.43 -308.95 -0.38 0.00 -0.40 0.00 0.99 0.30 0.17
7.00 15.39 366.92 -680.71 141.94 -0.72 -0.51 -0.77 0.73 0.48 0.81 0.81
16.00 48.27 111.68 -585.09 38.65 0.99 0.58 0.30 0.31 0.78 0.21 0.04
30.00 257.24 90.17 -201.25 589.98 0.58 -0.55 0.72 0.08 0.10 0.13 0.21
29.00 130.12 226.91 -259.33 -310.26 -0.14 0.20 -0.42 0.23 0.21 0.01 0.70
14.00 34.09 80.72 -730.42 -295.39 -0.99 -0.58 -0.66 0.11 0.78 0.08 0.49
11.00 26.78 -614.16 63.87 -360.26 0.52 -0.58 0.35 0.69 0.09 0.50 0.17
10.00 31.20 -589.94 4.01 381.60 -0.86 -0.63 -0.51 0.27 0.36 0.29 0.53
23.00 154.48 282.28 374.81 -203.33 -0.32 0.99 -0.27 0.13 0.95 0.63 0.10
11.00 7.14 186.42 -306.77 226.15 0.41 -0.75 0.18 0.84 0.49 0.41 0.35
17.00 10.71 461.20 -195.13 276.23 0.72 -0.28 0.69 0.65 0.11 0.28 0.09
6.00 10.50 260.61 58.71 635.62 0.30 -0.39 -0.26 0.01 0.93 0.67 0.63
15.00 71.86 -516.82 -166.36 -416.39 0.90 0.48 0.35 0.25 0.99 0.38 0.53
9.00 26.28 -132.52 -601.54 -334.75 0.51 0.42 0.87 0.63 0.16 0.49 0.32
20.00 38.16 88.14 -287.93 127.20 0.06 -0.99 0.54 0.22 0.13 0.20 0.31
38.00 453.19 102.76 -300.20 187.87 -0.49 0.08 -0.19 0.67 0.28 0.87 0.67
20.00 95.85 456.96 226.29 134.27 0.59 0.71 -0.37 0.39 0.30 0.74 0.04
23.00 35.07 -224.58 -465.90 299.30 0.18 -0.06 -0.19 0.59 0.74 0.51 0.30
9.00 20.96 83.37 14.16 -763.04 0.69 -0.88 0.59 0.19 0.84 0.90 0.44
8.00 10.48 234.70 -218.59 -500.12 -0.02 -0.36 -0.36 0.07 0.11 0.13 0.15
9.00 6.10 -219.59 -90.14 136.51 -0.56 -0.87 0.32 0.10 0.26 0.90 0.22
12.00 9.47 -584.00 298.17 -150.63 -0.04 -0.91 -0.48 0.30 0.09 0.01 0.17
10.00 22.08 -127.19 585.63 -425.97 0.79 -0.81 -0.31 0.94 0.22 0.30 0.43
10.00 23.51 59.24 -74.93 460.55 -0.20 -0.46 0.60 0.97 0.14 0.42 0.13
25.00 8.17 180.58 580.16 -360.57 -0.41 -0.40 0.62 0.86 0.05 0.00 0.36
8.00 19.45 77.48 -179.45 82.83 -0.22 -0.58 -0.65 0.94 0.49 0.93 0.58
13.00 54.56 -566.83 -185.16 -291.50 -0.01 0.31 0.23 0.40 0.78 0.88 0.03
5.00 6.48 -390.87 497.59 -188.51 0.56 -0.87 0.22 0.25 0.81 0.70 0.47
11.00 1.66 -276.20 -219.04 -501.01 0.94 -0.69 -0.14 0.00 0.42 0.11 0.79
8.00 5.41 -263.51 218.98 -570.41 -0.96 0.36 0.24 0.59 0.73 0.76 0.70
13.00 36.98 -237.21 555.01 -250.74 0.96 -0.31 -0.65 0.02 0.06 0.10 0.93
14.00 14.86 228.90 -419.56 -506.51 0.11 0.97 -0.67 0.83 0.78 0.42 0.42
5.00 5.53 -187.09 -240.19 548.33 0.41 -0.33 0.52 0.78 0.05 0.82 0.19
10.00 19.32 106.27 129.41 -119.94 -0.72 0.11 -0.88 0.63 0.55 0.68 0.77
24.00 90.20 -277.77 -584.68 253.54 0.83 -0.75 -0.13 0.71 0.87 0.13 0.97
6.00 6.62 314.03 275.23 150.73 0.51 -0.13 0.77 0.67 0.42 0.56 0.88
22.00 81.30 681.93 -125.19 -150.61 0.75 -0.15 -0.40 0.84 0.98 0.80 0.27
5.00 4.01 338.28 146.75 696.30 0.09 0.60 -0.07 0.07 0.24 0.81 0.28
6.00 0.85 351.95 55.32 445.24 -0.91 -0.55 0.32 0.15 0.46 0.70 0.63
6.00 5.92 -629.54 141.68 -152.75 -0.34 -0.13 0.51 0.00 0.59 0.40 0.43
14.00 41.60 11.78 330.23 64.55 0.60 -0.33 0.84 0.78 0.04 0.29 0.36
6.00 1.94 81.25 -42.73 557.03 0.02 -0.44 -0.46 0.63 0.20 0.01 0.52
8.00 15.15 -441.97 478.19 -49.95 0.01 -0.54 0.30 0.99 0.07 0.03 0.76
13.00 41.94 784.45 -72.07 29.00 -0.62 0.22 0.81 0.09 0.35 0.86 0.01
6.00 9.29 532.71 246.48 -15.23 0.23 -0.22 -0.49 0.53 0.61 0.92 0.33
15.00 45.78 -106.01 -132.71 132.86 -0.33 0.10 0.41 0.49 0.64 0.73 0.46
11.00 28.46 237.57 226.70 602.45 -0.59 -0.48 0.55 0.14 0.84 0.13 0.21
26.00 143.92 -130.35 -446.71 269.26 0.39 0.85 0.84 0.62 0.91 0.56 0.94
6.00 6.15 674.34 -157.91 290.49 0.70 0.59 1.00 0.94 0.09 0.15 0.37
5.00 7.55 383.11 438.18 -333.76 0.62 -0.12 0.30 0.40 0.02 0.01 0.79
8.00 19.90 180.86 -228.71 150.64 0.54 -0.73 -0.68 0.29 0.71 0.56 0.21
21.00 66.41 -43.83 -165.82 -747.69 -0.97 0.71 -0.87 0.45 0.08 0.50 0.49
18.00 87.50 -312.97 380.38 -322.16 0.96 -0.78 0.29 0.22 0.80 0.34 0.22
13.00 11.33 -197.86 32.61 469.88 -0.43 -0.92 0.16 0.78 0.70 0.07 0.67
34.00 30.40 -213.15 602.27 107.43 0.12 -0.30 0.47 0.62 0.01 0.32 0.48
16.00 15.19 -342.40 -296.97 -620.66 -0.35 0.27 -0.52 0.05 0.92 0.53 0.31
12.00 36.69 -146.36 313.68 545.77 -0.89 -0.93 -0.98 0.03 0.46 0.36 0.60
12.00 19.68 -244.75 170.56 -131.42 -0.42 0.13 -0.02 0.93 0.27 0.35 0.44
21.00 91.23 -641.36 312.72 -329.76 -0.47 -0.43 0.58 0.60 0.02 0.40 0.54
12.00 19.26 -50.69 -82.38 -258.82 0.43 0.03 0.11 0.44 0.68 0.74 0.21
10.00 7.25 -104.86 -638.43 -173.40 -0.29 0.81 0.42 0.56 0.17 0.26 0.55
10.00 7.03 -139.75 219.39 -258.67 0.38 -0.99 0.72 0.53 0.50 0.13 0.52
15.00 8.63 190.53 -112.71 -502.84 -0.88 -0.84 0.27 0.52 0.23 0.23 0.88
24.00 29.02 303.24 676.79 4.52 -0.45 0.91 -0.26 0.51 0.96 0.24 0.17
14.00 26.40 69.04 -59.85 -701.93 0.49 0.86 0.97 0.67 0.13 0.69 0.58
14.00 47.05 -250.37 79.20 481.07 0.17 -0.07 -0.36 1.00 0.93 0.06 0.70
11.00 8.85 -124.30 3.86 -456.69 -0.79 0.91 0.76 0.66 0.93 0.23 0.42
5.00 3.40 -681.93 -48.58 -321.93 -0.63 0.03 -0.90 0.57 0.72 0.83 0.54
26.00 42.81 -239.24 -592.06 -217.69 0.46 0.53 -0.79 0.36 0.42 0.46 0.03
39.00 247.87 445.39 226.46 198.35 -0.91 0.42 -0.23 0.62 0.45 0.71 0.37
38.00 369.88 -57.16 -316.76 257.94 0.28 0.40 0.45 0.90 0.83 0.72 0.64
15.00 61.53 -361.71 105.98 588.93 -0.41 0.45 -0.76 0.21 0.32 0.74 0.65
5.00 3.93 -368.55 -357.29 -160.18 0.54 -0.90 -0.59 0.62 0.49 0.15 0.36
8.00 8.49 -82.16 -445.47 569.33 -0.88 0.39 0.61 0.13 0.85 0.86 0.00
6.00 6.43 -364.44 -355.82 96.82 -0.83 0.99 0.37 0.32 0.58 0.14 0.23
8.00 11.74 -215.25 30.21 -60.57 0.87 -0.85 -0.26 0.22 0.92 0.98 0.72
30.00 172.52 358.34 -369.84 -192.59 -0.99 0.75 0.97 0.55 0.25 0.52 0.35
10.00 2.41 84.17 496.12 -455.72 0.79 -0.07 -0.44 0.61 0.97 0.03 0.48
12.00 4.34 -151.10 -225.54 0.45 0.41 0.59 -0.76 0.13 0.27 0.88 0.71
14.00 33.73 134.93 -250.76 259.09 0.02 0.68 0.01 0.28 0.54 0.58 0.50
28.00 145.41 -696.21 281.69 -108.62 -0.59 0.62 -0.75 0.78 0.14 0.45 0.33
9.00 16.78 436.18 -329.43 61.28 0.24 0.48 -0.82 0.84 0.73 0.02 0.58
5.00 2.70 -475.68 -344.97 -145.15 -0.24 -0.77 -0.66 0.51 0.46 0.76 0.65
6.00 2.40 -510.06 139.00 376.27 0.49 0.32 -0.37 0.07 0.50 0.35 0.77
7.00 12.54 280.95 477.80 18.58 0.15 -0.24 -0.54 0.16 0.16 0.39 0.81
25.00 48.78 -80.37 544.48 -390.18 0.75 0.71 0.97 0.80 0.39 0.08 0.48
14.00 12.48 318.93 -295.13 -260.10 0.50 -0.68 0.11 0.10 0.62 0.09 0.97
15.00 48.50 437.24 -431.50 295.23 -0.66 0.11 0.94 0.24 0.34 0.41 0.55
15.00 51.93 210.08 -713.75 257.96 -0.22 -0.96 -0.34 0.89 0.76 0.16 0.39
6.00 8.62 28.69 -138.90 11.74 0.69 0.49 0.34 0.97 0.69 0.03 0.47
7.00 0.40 110.65 -90.27 -154.68 -0.93 0.73 -0.09 0.04 0.46 0.41 0.76
8.00 9.66 109.32 -156.73 -687.37 0.52 -0.41 0.00 0.86 0.21 0.31 0.59
10.00 19.39 235.90 -125.90 -371.71 -0.32 0.89 0.99 0.46 0.55 0.23 0.63
10.00 0.66 -122.38 -565.92 253.85 -0.15 0.60 0.22 0.15 0.64 0.17 0.72
9.00 23.45 197.81 300.36 -651.91 0.46 0.10 -0.41 0.84 0.64 0.03 0.85
24.00 3.43 313.40 -489.31 270.23 -0.15 -0.24 0.94 0.84 0.27 0.22 0.46
11.00 2.12 51.91 -234.96 610.65 -0.90 0.95 -0.88 0.40 0.90 0.57 0.20
7.00 4.46 432.99 -330.31 302.86 -0.15 -0.27 0.66 0.62 0.01 0.63 0.11
9.00 19.08 421.74 -296.98 -67.88 -0.76 -0.18 -0.78 0.10 0.91 0.32 0.81
5.00 6.53 128.79 176.07 -297.13 0.18 -0.25 0.48 0.92 0.80 0.46 0.28
11.00 29.80 331.36 -510.96 -67.15 0.85 0.76 -0.21 0.10 0.90 0.32 0.06
9.00 9.49 273.38 256.94 523.81 0.30 0.18 -0.14 0.53 0.94 0.31 0.04
9.00 0.34 -211.85 321.56 674.11 -0.87 -0.86 -0.45 0.70 0.57 0.35 0.82
23.00 152.79 -634.04 -339.76 -106.18 0.01 -0.52 -0.11 0.03 0.02 0.77 0.25
5.00 0.58 501.96 -311.45 -452.91 -0.59 -0.73 0.69 0.92 0.94 0.56 0.60
6.00 7.98 394.14 19.19 624.60 -0.86 0.00 0.49 0.63 0.97 0.27 0.00
6.00 7.94 308.68 -512.99 520.10 0.48 0.32 -0.56 0.21 0.13 0.91 0.04
15.00 17.02 -189.18 -325.86 291.21 -0.49 0.26 -0.39 0.80 0.10 0.84 0.95
12.00 31.80 -398.54 -459.81 458.10 -0.29 -0.94 0.15 0.83 0.52 0.14 0.01
10.00 6.13 402.08 -47.47 -433.51 0.13 0.41 -0.25 0.45 0.13 0.57 0.32
10.00 32.59 -309.30 258.65 -335.80 -0.13 0.28 0.19 0.44 0.51 0.28 0.07
9.00 26.65 -533.74 -191.41 -118.20 0.82 -0.76 0.53 0.43 0.91 0.47 0.61
6.00 9.30 -602.16 -137.33 -339.18 -0.04 0.45 -0.31 0.45 0.04 0.10 0.89
6.00 11.51 293.00 -256.02 -160.26 0.06 0.05 0.65 0.87 0.63 0.54 0.79
8.00 9.74 -110.08 662.50 157.98 0.66 0.45 -0.80 0.45 0.60 0.79 0.82
13.00 12.70 -371.81 -463.44 -155.46 -0.83 -0.93 0.63 0.59 0.66 0.62 0.78
6.00 5.42 14.22 -129.82 320.66 -0.28 -0.93 0.64 0.31 0.85 0.51 1.00
7.00 4.12 -307.84 685.95 11.18 -0.81 0.64 0.95 0.32 0.89 0.56 0.54
32.00 334.66 -121.25 514.92 -218.19 -0.93 -0.44 0.95 0.13 0.16 0.09 0.28
6.00 3.38 -428.06 -367.62 -117.05 0.07 0.36 -0.25 0.77 0.10 0.14 0.76
20.00 82.72 -120.39 193.50 262.66 -0.82 -0.56 -0.33 0.91 0.01 0.83 0.41
8.00 10.73 253.01 -23.09 -423.97 -0.39 0.22 -0.35 0.44 0.70 0.49 0.09
8.00 17.93 -217.93 158.10 352.78 0.19 0.90 -0.43 0.54 0.78 0.08 0.20
20.00 86.58 294.41 -499.98 -343.48 -0.44 0.17 0.56 0.18 0.90 0.41 0.94
9.00 17.48 282.37 130.51 -620.69 0.47 -0.68 0.94 0.93 0.01 0.47 0.72
26.00 195.34 -516.38 589.47 -35.56 -0.84 -0.35 0.68 0.51 0.37 0.28 0.19
8.00 0.89 404.44 -578.25 88.09 0.79 -0.15 0.68 0.31 0.56 0.18 0.29
9.00 0.14 -639.48 -332.17 -288.10 -0.45 0.82 -0.88 0.26 0.79 0.70 0.35
7.00 3.02 474.98 -174.46 19.96 0.36 -0.83 -0.09 0.70 0.82 0.69 0.82
5.00 5.79 35.93 -793.78 12.08 0.21 0.86 -0.32 0.34 0.71 0.47 0.88
12.00 42.73 -287.70 -7.81 -547.81 -0.16 -0.97 -0.89 0.77 0.53 0.80 0.02
18.00 81.49 -642.43 4.28 45.51 -0.40 -0.27 0.31 0.27 0.70 0.41 0.50
5.00 7.22 -152.31 -409.63 79.47 -0.76 0.97 0.53 0.46 0.13 0.63 0.79
6.00 5.76 186.73 348.09 -455.45 0.60 -0.89 -0.98 0.86 0.27 0.89 0.64
11.00 23.90 292.34 -233.23 -567.97 -0.78 0.75 -0.68 0.29 0.99 0.24 0.94
23.00 113.03 328.55 223.33 668.55 -0.31 -0.73 -0.24 0.06 0.35 0.44 0.57
10.00 18.63 13.33 -159.48 -582.88 0.93 -0.19 0.14 0.67 0.76 0.34 0.29
9.00 3.82 256.97 398.25 -55.75 0.85 0.93 -0.18 0.04 0.46 0.83 0.91
16.00 72.63 -67.72 -267.92 -101.40 -0.63 -0.13 0.44 0.50 0.95 0.06 0.87
7.00 10.98 487.13 62.02 -121.75 -0.36 -0.35 0.73 0.98 0.14 0.72 0.28
6.00 3.90 -40.45 -218.61 -431.55 0.97 -0.51 0.36 0.16 0.86 0.88 0.26
7.00 6.13 6.02 -485.49 -114.39 0.82 0.96 0.63 0.31 0.75 0.07 0.97
6.00 1.18 328.96 -125.38 243.67 0.57 0.75 -0.48 0.85 0.39 0.51 0.55
14.00 0.80 303.42 434.30 -574.96 -0.63 -0.25 0.90 0.92 0.80 0.36 0.36
8.00 17.47 -51.85 266.27 505.84 1.00 0.32 -0.54 0.42 0.28 0.57 0.64
14.00 44.43 17.78 -400.30 -541.46 -0.15 -0.48 0.79 0.09 0.31 0.79 0.43
24.00 96.19 -18.28 723.75 -328.23 0.00 0.37 0.57 0.48 0.51 0.55 0.24
7.00 16.27 581.93 251.96 88.01 0.55 0.35 0.25 0.22 0.84 0.94 0.25
14.00 27.64 -19.05 591.27 427.50 0.99 -0.15 0.95 0.27 0.08 0.11 0.64
8.00 10.42 -282.17 535.84 462.79 0.62 -0.14 0.84 0.79 0.53 0.98 0.93
6.00 4.21 281.51 -666.23 101.10 -0.04 0.47 0.52 0.70 0.15 0.58 0.02
6.00 4.20 534.94 -341.87 200.19 0.39 0.29 -0.16 0.10 0.38 0.00 0.73
6.00 10.17 -293.65 48.01 512.28 -0.71 0.16 -0.60 0.41 0.97 0.61 0.39
24.00 183.26 -121.42 -316.85 491.66 0.10 -0.87 -0.54 0.30 0.76 0.34 0.21
23.00 175.08 -37.67 -310.06 -515.17 0.33 0.16 0.40 0.25 0.99 0.29 0.53
11.00 29.63 379.10 -248.07 23.70 0.48 0.31 -0.86 0.50 0.05 0.81 0.43
16.00 21.47 650.84 -182.66 -283.62 -0.93 0.24 -0.37 0.08 0.84 0.30 0.42
9.00 9.88 7.11 -271.21 -651.86 -0.06 0.79 0.45 0.22 0.16 0.84 0.35
10.00 4.88 -481.48 -153.36 -384.27 -0.54 -0.35 0.73 0.32 0.21 0.99 0.80
5.00 2.96 84.42 -517.12 291.08 -0.85 -0.06 0.51 0.52 0.86 0.64 0.87
18.00 10.57 242.85 -719.21 7.91 0.53 -0.83 0.96 0.36 0.11 0.11 0.77
8.00 2.59 -235.77 340.83 636.36 -0.97 0.04 0.05 0.55 0.73 0.73 0.33
7.00 5.20 412.33 -562.77 224.14 -0.04 0.11 -0.25 0.39 0.64 0.57 0.09
5.00 2.14 -256.72 -354.40 -93.27 0.15 0.35 0.70 0.08 0.20 0.97 0.44
6.00 9.64 -198.51 149.60 98.60 -0.43 0.28 0.30 0.77 0.82 0.40 0.48
11.00 35.22 260.74 592.18 -436.66 -0.84 -0.25 -0.19 0.12 0.07 1.00 0.88
7.00 10.63 -525.90 -458.99 -44.27 -0.15 0.44 0.85 0.01 0.80 0.34 0.99
15.00 41.84 90.42 -300.13 -481.29 -0.46 0.79 -0.08 0.99 0.60 0.17 0.23
11.00 15.08 -598.03 -448.71 191.25 -0.79 0.04 0.35 0.77 0.79 0.35 0.52
7.00 7.86 -460.41 -409.67 236.85 -0.76 0.45 0.34 0.31 0.35 0.79 0.91
16.00 31.32 -590.66 -53.84 -129.66 0.67 -0.15 -0.34 0.32 0.37 0.39 0.23
6.00 7.61 25.64 -109.43 541.37 -0.13 0.74 0.99 0.00 0.27 0.63 0.70
26.00 43.55 -486.01 -559.32 -17.42 -0.63 0.98 0.73 0.40 0.87 0.64 0.14
15.00 74.51 -535.28 268.33 253.72 -0.10 0.04 -0.48 0.11 0.67 0.28 0.19
35.00 67.30 69.63 -768.30 207.25 0.24 0.91 0.32 0.90 0.45 0.97 0.76
9.00 8.78 -106.35 169.80 101.48 0.53 0.47 0.76 0.72 0.80 0.80 0.95
10.00 28.70 -200.54 -164.36 140.41 0.82 0.16 -0.01 0.38 0.84 0.62 0.68
12.00 36.65 -470.34 -92.59 -140.91 -0.63 -0.06 0.55 0.99 0.84 0.75 0.82
24.00 155.73 249.10 -114.22 -497.96 -0.00 0.71 -0.67 0.13 0.59 0.89 0.54
7.00 11.86 38.46 -709.04 -181.39 0.88 0.13 -0.59 0.12 0.11 0.33 0.02
11.00 3.47 167.84 -355.28 -108.15 0.32 0.62 -0.52 0.54 0.31 0.15 0.68
15.00 34.67 -101.21 -483.83 -509.71 0.15 0.80 -0.10 0.31 0.19 0.52 0.16
20.00 128.87 -373.03 -157.10 465.46 0.81 -0.55 -0.86 0.99 0.60 0.82 0.08
7.00 2.90 335.77 -371.80 345.32 0.52 -0.18 -0.94 0.05 0.49 0.57 0.62
15.00 0.85 -97.05 -84.81 -432.14 -0.62 0.32 -0.74 0.23 0.49 0.38 0.40
27.00 145.58 -102.06 214.59 -282.98 0.07 -0.34 -0.94 0.26 0.52 0.21 0.69
8.00 17.68 -473.75 -524.42 223.24 -0.53 0.14 -0.83 0.68 0.04 0.27 0.56
5.00 3.80 -218.71 -697.67 -16.45 0.49 -0.00 -0.91 0.01 0.12 0.04 0.08
10.00 2.51 -162.86 510.14 -256.10 -0.60 -0.39 0.79 0.10 0.09 0.16 0.11
18.00 102.02 -367.68 159.39 -430.19 0.56 0.10 -0.04 0.90 0.28 0.88 0.90
5.00 6.89 251.36 -341.98 -339.42 0.04 0.08 0.92 0.93 0.56 0.58 0.36
21.00 144.76 544.50 147.29 422.50 0.06 0.23 -0.27 0.24 0.25 0.49 0.50
6.00 4.97 470.64 -549.99 -89.16 0.70 0.73 0.68 0.23 0.66 0.57 0.41
7.00 0.34 96.36 444.96 -554.19 -0.12 0.71 -0.50 0.94 0.42 0.25 0.42
7.00 4.54 432.49 96.03 -259.06 -0.86 0.86 -0.93 0.75 0.32 0.44 0.58
10.00 30.49 -689.97 -216.95 -209.43 -0.95 0.95 -0.90 0.44 0.25 0.67 0.30
10.00 8.65 686.49 -218.01 -348.03 -0.75 0.87 -0.00 0.55 0.91 0.89 0.37
6.00 8.32 -669.82 207.94 42.21 -0.61 -0.54 0.17 0.84 0.92 0.82 0.41
5.00 3.25 54.70 -173.36 -489.77 0.76 0.95 -0.57 0.35 0.90 0.72 0.18
8.00 3.01 -437.07 -433.32 -418.92 -0.36 -0.59 -0.25 0.27 0.08 0.58 0.40
11.00 16.58 -264.83 -450.53 129.44 0.99 0.62 -0.94 0.47 0.64 0.50 0.42
30.00 215.20 43.64 77.16 379.35 -0.79 -0.24 -0.20 0.03 0.18 0.23 0.48
8.00 21.30 182.69 227.55 585.99 -0.14 0.55 -0.62 0.39 0.65 0.42 0.68
9.00 0.44 24.46 573.29 -506.41 -0.38 -0.53 0.73 0.54 0.07 0.82 0.49
6.00 3.68 -382.87 462.41 -127.72 0.29 -0.04 0.66 0.85 0.58 0.76 0.11
12.00 34.50 181.18 486.48 -263.60 0.96 0.58 -0.71 0.81 0.86 0.97 0.15
19.00 76.50 391.40 -540.11 119.75 -0.19 -0.02 -0.25 0.02 0.12 0.73 0.05
7.00 5.34 -447.55 164.56 -25.87 0.88 -0.55 0.89 0.83 0.15 0.54 0.44
7.00 12.39 -284.37 432.65 -156.41 -0.95 -0.57 -0.41 0.61 0.30 0.84 0.26
5.00 6.54 -29.97 610.78 183.91 0.06 -0.35 -0.15 0.41 0.62 0.89 0.52
6.00 9.34 644.33 393.01 147.32 0.96 -0.31 0.34 0.52 0.75 0.14 0.78
6.00 8.13 467.37 69.40 150.45 0.79 0.67 -0.38 0.67 0.46 0.25 0.35
9.00 22.65 -9.59 55.12 592.35 -0.07 -0.79 0.71 0.57 0.18 0.21 0.91
16.00 74.77 42.30 -76.30 180.29 -0.65 0.55 0.76 0.16 0.17 0.93 0.35
14.00 46.63 -643.09 -214.55 -285.98 0.18 -0.42 0.53 0.99 0.31 0.47 0.66
10.00 7.86 -25.83 -120.75 225.76 0.73 0.74 -0.43 0.83 0.09 0.53 0.47
9.00 16.70 37.78 160.58 -486.69 -0.28 0.50 0.44 0.59 0.52 0.56 0.48
10.00 28.15 -170.25 -82.76 -590.15 0.44 0.46 -0.82 0.96 0.13 0.19 0.92
11.00 27.32 80.60 624.73 209.55 0.71 0.06 -0.64 0.72 0.43 0.80 0.99
17.00 19.42 -153.66 110.75 645.79 -0.69 0.05 0.54 0.87 0.03 0.88 0.31
8.00 20.58 -696.67 79.76 -23.91 0.89 -0.03 0.78 0.03 0.09 0.16 0.63
7.00 12.48 511.37 -511.72 52.25 -0.34 -0.07 -0.74 0.70 0.05 0.36 0.44
10.00 5.28 30.71 -753.47 -51.99 -0.52 0.46 -0.07 0.31 0.39 0.16 0.83
6.00 2.97 22.59 -163.12 -10.95 -0.69 0.48 0.56 0.87 0.46 0.47 0.60
16.00 17.68 -149.04 452.74 -455.15 -0.42 -0.58 -0.98 0.33 0.83 0.33 0.34
8.00 20.37 455.71 -287.22 -168.89 0.32 -0.73 -0.58 0.91 0.46 0.15 0.12
8.00 7.98 -412.52 435.69 -299.55 0.21 -0.50 0.10 0.92 0.05 0.65 0.24
33.00 180.63 -574.86 475.10 -115.22 0.79 -0.89 0.72 0.74 0.63 0.20 0.31
5.00 5.14 53.78 375.35 508.43 -0.08 -0.80 0.96 0.30 0.16 0.16 0.16
11.00 38.46 35.05 690.51 -291.54 -0.03 0.60 0.45 0.07 0.42 0.80 0.41
14.00 3.35 -545.94 369.65 -443.97 -0.07 0.27 0.63 0.05 0.02 0.72 0.52
19.00 19.76 -399.27 69.99 -12.65 0.65 -0.70 0.61 0.52 0.72 0.78 0.50
6.00 1.12 -39.28 -52.47 592.83 -0.97 -0.74 -0.99 0.55 0.22 0.00 0.91
11.00 26.39 -545.67 393.58 200.98 0.03 0.88 -0.06 0.22 0.23 0.56 0.96
7.00 15.98 31.24 -531.29 -541.48 0.94 -0.56 -0.63 0.79 0.71 0.11 0.92
10.00 31.55 82.16 -197.22 -663.15 -0.49 -0.25 0.08 0.18 0.08 0.47 0.91
9.00 4.17 155.63 245.66 380.05 0.13 0.62 0.14 0.84 0.12 0.54 0.13
6.00 10.49 43.65 204.18 -163.95 -0.11 0.85 0.04 0.28 0.69 0.10 0.24
6.00 1.40 196.23 14.67 -653.56 0.17 0.15 0.54 0.66 0.79 0.87 0.07
9.00 24.09 458.87 1.31 568.14 0.97 0.38 0.02 0.07 0.78 0.65 0.11
12.00 31.40 45.54 -576.24 24.03 -0.65 -0.08 -0.43 0.51 0.48 0.75 0.79
11.00 2.99 -275.75 370.33 -610.08 -0.76 0.77 0.81 0.43 0.60 0.85 0.95
35.00 221.76 -307.18 264.76 519.86 -0.40 -0.14 0.23 0.40 0.72 0.46 0.48
7.00 14.91 -643.80 193.10 153.11 -0.14 -0.30 -0.45 0.14 0.06 0.95 0.67
9.00 23.79 -55.79 -321.26 88.64 0.57 0.53 0.64 0.61 0.09 0.31 0.45
6.00 1.24 528.45 170.44 -398.45 -0.39 0.58 0.75 0.71 0.29 0.46 0.30
5.00 4.26 -217.74 -111.62 484.30 0.07 0.49 0.81 0.99 0.23 0.84 0.67
29.00 120.94 -395.10 319.65 431.85 -0.94 -0.01 0.04 0.35 0.15 0.52 0.84
6.00 8.91 575.76 343.95 310.39 -0.44 0.38 0.88 0.90 0.26 0.45 0.65
5.00 7.18 25.64 159.64 493.21 -0.18 -0.55 -0.52 0.97 0.86 0.44 0.09
5.00 2.98 130.15 -628.62 326.00 0.54 0.84 0.64 0.86 0.15 0.20 0.42
16.00 65.58 -23.50 -308.36 -287.20 0.60 -0.14 0.90 0.43 0.63 0.64 0.56
15.00 3.28 -478.33 -69.75 -17.61 -0.22 0.14 -0.31 0.56 0.49 0.55 0.25
5.00 6.26 288.55 187.44 321.07 -0.57 -0.60 -0.42 0.03 0.11 0.62 0.92
9.00 24.65 406.44 186.84 372.22 0.26 0.63 0.58 0.52 0.38 0.83 0.62
12.00 8.19 452.95 -337.57 -426.53 -0.48 0.18 0.26 0.68 0.58 0.08 0.12
5.00 6.44 216.55 408.20 -441.37 0.47 0.84 0.92 0.74 0.25 0.24 0.71
9.00 3.64 208.72 452.93 144.62 0.67 -0.03 0.20 0.45 0.38 0.95 0.03
7.00 15.50 581.91 -369.97 77.50 -0.14 0.14 -0.97 0.21 0.47 0.33 0.68
5.00 2.18 166.15 -107.49 763.29 0.37 0.46 0.93 0.65 0.46 0.70 0.54
6.00 0.66 -175.25 -60.22 -133.76 -0.79 -0.54 0.97 0.21 0.55 0.82 0.25
7.00 11.49 160.88 496.79 -483.80 0.92 0.01 -0.72 0.74 0.17 0.55 0.65
21.00 51.38 -442.73 -70.20 -169.77 -0.41 -0.75 0.86 0.88 0.62 0.26 0.51
12.00 7.39 14.68 685.13 -53.65 0.36 0.49 0.95 0.83 0.12 0.82 0.65
20.00 78.75 55.75 281.31 38.29 -0.12 0.79 0.15 0.42 0.85 0.25 0.47
16.00 64.86 338.73 -30.06 121.45 -0.57 -0.72 -0.77 0.19 0.59 0.06 0.62
6.00 9.71 192.98 -489.28 148.10 0.25 0.36 0.15 0.41 0.81 0.67 0.48
10.00 31.70 -71.38 -32.09 449.82 0.87 -0.95 0.57 0.76 0.62 0.55 0.74
9.00 11.46 -135.32 443.91 -328.52 -0.42 -0.31 0.51 0.46 0.23 0.21 0.91
20.00 59.80 -227.48 -404.81 581.12 0.88 -0.62 0.42 0.27 0.23 0.67 0.56
25.00 147.64 738.17 139.97 -191.29 0.45 0.97 0.73 0.45 0.70 0.53 0.20
15.00 62.99 -169.68 139.83 -563.19 0.24 -0.55 -0.30 0.71 0.42 0.26 0.49
12.00 31.41 -433.95 482.65 -184.54 -0.98 0.59 0.33 0.37 0.77 0.60 0.14
10.00 7.26 -132.96 570.87 -116.66 -0.52 -0.28 -0.42 0.25 0.11 0.03 0.89
8.00 4.02 -415.13 363.01 209.58 -0.26 0.39 0.40 0.91 0.95 0.55 0.43
13.00 50.87 -208.69 238.35 406.38 0.19 0.51 0.66 0.02 0.39 0.97 0.79
10.00 20.52 -649.16 -434.17 -59.47 0.51 0.39 0.41 0.53 0.45 0.27 0.65
16.00 21.61 351.94 -470.30 201.46 -0.43 -0.68 1.00 0.93 0.19 0.50 0.99
6.00 2.51 -368.87 -384.79 -224.36 -0.23 -0.33 -0.85 0.37 0.38 0.03 0.08
17.00 49.79 -147.83 -364.24 13.34 0.82 -0.84 0.39 0.94 0.21 0.75 0.43
8.00 2.18 -205.70 667.06 -244.55 0.12 0.97 0.47 0.33 0.47 0.86 0.98
16.00 42.14 -31.45 465.31 -614.50 0.91 0.79 0.50 0.99 0.86 0.95 0.13
5.00 7.40 31.27 -192.10 -343.71 0.69 0.44 0.40 0.78 0.15 0.18 0.46
5.00 7.41 -160.07 217.71 397.06 -0.59 -0.85 0.04 0.64 0.31 0.65 0.15
20.00 56.71 557.80 171.13 80.72 -0.99 0.21 -0.34 0.87 0.94 0.42 0.07
19.00 29.51 282.54 657.32 260.72 -0.12 0.49 -0.73 0.81 0.98 0.61 0.38
12.00 29.17 232.37 614.52 101.86 0.60 0.36 0.93 0.46 0.31 0.62 0.57
7.00 15.30 -432.88 528.31 -266.76 0.89 -0.42 0.30 0.14 0.70 0.49 0.65
8.00 12.41 143.03 -450.02 -624.02 -0.88 0.87 0.10 0.40 0.16 0.60 0.07
16.00 34.47 523.08 312.52 -67.01 0.48 -0.88 0.19 0.01 0.86 0.56 0.05
20.00 79.25 449.10 451.48 -139.30 0.40 -0.48 0.59 0.91 0.95 0.63 0.50
24.00 2.69 314.39 373.47 629.70 -0.66 0.79 0.22 0.00 0.43 0.39 0.83
8.00 14.91 -282.99 -295.39 0.99 -0.15 -0.01 -0.05 0.66 0.37 0.19 0.32
13.00 28.31 40.15 343.04 -238.40 0.34 0.62 -0.78 0.34 0.44 0.44 0.55
14.00 9.91 -450.87 -541.69 104.14 -0.59 -0.74 -0.69 0.13 0.33 0.79 0.21
7.00 10.66 -371.12 -373.49 217.18 0.47 -0.19 -0.85 0.37 0.90 0.06 0.16
6.00 1.52 544.47 -90.25 -389.32 -0.46 0.59 0.78 0.21 0.02 0.48 0.71
36.00 224.47 372.64 -576.59 -176.30 0.30 -0.58 0.88 0.79 0.79 0.00 0.30
21.00 142.06 179.78 309.12 189.70 0.32 -0.09 0.91 0.55 0.98 0.90 0.09
14.00 21.63 397.46 -271.01 -476.47 0.06 -0.61 -0.51 0.17 0.13 0.53 0.02
28.00 77.97 -92.12 -335.26 -574.36 0.91 0.75 0.80 0.06 0.51 0.80 0.94
24.00 74.25 -141.96 204.25 -710.88 -0.35 0.92 -0.43 0.18 0.44 0.07 0.38
12.00 38.96 278.70 690.78 -257.83 0.16 -0.10 0.21 0.27 0.63 0.78 0.73
5.00 4.69 -184.16 -318.86 -165.65 -0.02 0.90 -0.22 0.58 0.32 0.27 0.17
8.00 13.67 -400.87 -417.12 -400.89 0.50 -0.02 -0.72 0.96 0.93 0.08 0.88
14.00 18.40 152.09 -316.91 476.55 0.12 -0.17 0.78 0.90 0.55 0.20 0.91
12.00 17.71 -686.28 389.16 -56.37 0.34 0.90 0.09 0.96 0.45 0.44 0.42
26.00 139.98 418.97 342.88 -50.38 0.73 0.70 -0.82 0.98 0.50 0.06 0.47
8.00 15.99 470.24 320.19 -299.64 -0.71 0.61 0.23 0.58 0.14 0.62 0.88
12.00 27.26 -477.17 336.70 -239.37 0.57 -0.41 0.23 0.56 0.78 0.34 0.08
9.00 15.47 470.40 -316.05 139.61 0.61 0.30 0.69 0.38 0.98 0.33 0.63
10.00 9.88 297.89 -68.11 -707.31 0.42 -0.17 0.74 0.32 0.62 0.97 0.58
10.00 31.82 432.64 -192.24 -636.55 0.94 0.21 0.41 0.22 0.19 0.80 0.20
13.00 18.51 -596.48 39.78 292.39 -0.92 0.26 -0.02 0.30 0.20 0.61 0.40
10.00 19.52 -717.19 -346.14 -0.58 -0.47 0.67 -0.11 0.36 0.31 0.49 0.43
17.00 64.65 -720.06 -319.59 -80.73 -0.84 -0.51 -0.22 0.22 0.76 0.76 0.10
20.00 20.16 -656.20 422.44 -51.92 -0.55 0.27 -0.68 0.16 0.59 0.40 0.58
7.00 0.40 -358.12 -442.09 303.37 -0.81 0.90 -0.48 0.49 0.76 0.11 0.83
5.00 3.49 149.33 530.63 150.92 -0.81 0.33 0.65 0.56 0.03 0.74 0.20
6.00 0.62 -692.48 -172.45 -292.98 -0.74 -0.58 -0.30 0.57 0.76 0.19 0.95
10.00 12.99 -342.40 250.32 -389.79 -0.76 0.36 0.08 0.02 0.20 0.51 0.11
31.00 299.51 -446.59 463.45 -277.02 0.57 -0.29 -0.51 0.63 0.85 0.10 0.74
11.00 21.84 141.62 378.15 -22.13 -0.98 0.58 -0.85 0.03 0.25 0.50 0.81
23.00 29.32 121.74 420.35 663.03 0.35 -0.49 0.80 0.69 0.77 0.91 0.83
5.00 2.62 460.69 209.54 -601.15 -0.26 -0.80 -0.98 0.81 0.78 0.07 0.16
18.00 96.86 -491.60 -494.35 -369.20 -0.23 -0.61 -0.91 0.63 0.23 0.71 0.80
24.00 77.94 549.98 569.52 -38.04 0.08 -0.05 -0.11 0.68 0.51 0.86 0.02
13.00 32.11 374.86 -21.27 -600.69 -0.25 -0.10 0.53 0.06 0.20 0.74 0.52
21.00 64.43 -202.46 -632.40 365.05 0.43 0.71 -0.39 0.49 0.27 0.31 0.03
10.00 28.36 -201.52 763.63 -47.07 0.08 -0.13 0.31 0.66 0.55 0.94 0.42
7.00 2.20 302.37 -437.20 -24.71 -0.10 0.67 0.75 0.02 0.40 0.88 0.57
6.00 2.06 388.24 348.40 -274.68 0.98 -0.53 -0.80 0.69 0.26 0.64 0.09
5.00 0.83 101.16 -440.00 -231.33 -0.29 -0.88 -0.60 0.17 0.60 0.14 0.49
6.00 4.07 -138.31 -244.78 -656.51 -0.91 -0.79 0.62 0.37 0.16 0.98 0.60
20.00 56.18 420.53 -35.04 618.87 -0.50 0.08 0.17 0.09 0.96 0.95 0.66
6.00 2.92 -314.95 -508.70 78.58 -0.10 0.74 0.58 0.12 0.25 0.20 0.41
27.00 164.47 51.70 313.39 635.73 -0.26 0.63 -0.38 0.96 0.68 0.89 0.71
19.00 40.42 516.28 171.87 106.14 0.36 0.16 -0.27 0.31 0.59 0.90 0.06
5.00 4.56 624.78 -366.53 -320.77 -0.57 -0.83 0.25 0.85 0.15 0.36 0.37
21.00 5.93 409.42 483.63 -476.07 -0.17 0.52 0.33 0.68 0.80 0.17 0.60
6.00 2.81 -528.94 -129.15 191.62 -0.63 -0.53 -0.92 0.91 0.22 0.99 0.52
6.00 6.11 226.67 -387.70 -620.08 0.31 0.33 0.32 0.65 0.66 0.43 0.80
11.00 37.91 -76.95 260.34 113.13 0.76 -0.57 0.60 0.01 0.18 0.29 0.73
14.00 40.47 168.19 -587.25 -22.06 -0.77 -0.34 -0.10 0.78 0.07 0.99 0.88
5.00 0.66 -571.65 300.31 393.81 0.90 -0.67 0.34 0.00 0.60 0.12 0.08
6.00 9.51 49.71 752.87 119.07 0.47 0.78 -0.80 0.37 0.33 0.63 0.56
6.00 0.06 669.75 -267.38 148.40 -0.25 -0.65 0.78 0.85 0.20 0.13 0.82
29.00 200.84 -219.67 -3.52 630.49 0.89 0.16 0.07 0.12 0.38 0.22 0.45
5.00 2.80 -6.59 -188.68 -679.63 -0.17 0.45 0.74 0.08 0.59 0.49 0.06
9.00 9.82 88.19 -132.39 -139.10 0.15 -0.78 0.24 0.76 0.20 0.36 1.00
22.00 148.48 265.69 -474.92 -0.86 0.15 -0.05 -0.37 0.63 0.62 0.44 0.84
11.00 24.75 -147.95 594.08 -262.40 0.16 -0.52 0.79 0.54 0.29 0.27 0.88
10.00 0.99 -132.32 -379.73 -180.14 0.66 0.86 -0.18 0.73 0.38 0.60 0.23
7.00 14.64 -292.47 -538.23 41.50 0.24 -0.63 -0.67 0.62 0.14 0.29 0.87
8.00 10.73 -10.13 -434.18 -114.81 -0.53 0.10 0.96 0.78 0.65 0.17 0.02
29.00 232.66 126.04 -588.68 -268.95 -0.41 -0.20 -0.85 0.66 0.99 0.99 0.85
25.00 113.93 98.61 541.28 338.27 0.01 -0.08 0.83 0.57 0.14 0.51 0.11
5.00 2.79 240.59 -173.35 227.96 0.72 0.22 0.78 0.96 0.95 0.78 0.66
12.00 41.82 13.06 392.92 -124.70 0.55 -0.64 -0.44 0.83 0.76 0.55 0.50
10.00 21.22 111.74 -52.24 154.52 -0.02 -0.20 -0.53 0.65 0.44 0.55 0.63
5.00 5.06 -406.22 -158.32 107.88 0.02 0.75 -0.99 0.06 0.49 0.28 0.64
10.00 21.27 484.51 419.77 -71.58 -0.09 -0.58 -0.26 0.54 0.42 0.28 0.85
7.00 14.83 471.04 242.46 -71.20 0.60 0.21 -0.51 0.75 0.44 0.76 0.74
5.00 7.57 46.22 -160.79 -347.44 -0.58 -0.64 -0.04 0.13 0.79 0.13 0.71
16.00 29.43 -180.29 271.49 -265.38 -0.82 0.63 0.65 0.55 0.16 0.35 0.02
16.00 51.40 620.86 -44.05 475.51 -0.85 -0.72 -0.31 0.76 0.68 0.73 0.18
5.00 3.81 581.83 -191.66 143.88 0.44 -0.76 0.28 0.41 0.70 0.07 0.29
8.00 14.10 -695.58 -253.72 61.09 -0.92 -0.55 0.54 0.21 0.69 0.62 0.19
6.00 7.80 264.95 505.95 480.32 -0.64 1.00 -0.60 0.19 0.04 0.97 0.89
7.00 12.02 365.83 423.26 -35.49 -0.18 -0.26 0.68 0.09 0.34 0.07 0.79
8.00 19.18 -441.46 218.00 104.08 -0.02 -0.78 0.32 0.93 0.86 0.74 0.07
7.00 4.29 286.45 -396.94 327.37 0.20 -0.08 0.97 0.64 0.72 0.59 0.73
7.00 12.02 205.58 241.27 -358.36 -0.98 0.26 0.51 0.83 0.24 0.41 0.55
5.00 4.23 573.01 453.68 -3.32 0.56 -0.50 0.26 0.63 0.61 0.86 0.94
23.00 5.81 278.20 243.47 566.89 0.24 -0.27 -0.87 0.20 0.71 0.66 0.06
11.00 35.21 -612.17 416.81 273.21 0.43 -0.17 -0.96 0.11 0.08 0.61 0.35
6.00 11.52 -227.64 -731.03 222.24 0.43 -0.06 0.51 0.30 0.47 0.74 0.18
7.00 1.60 -166.10 579.06 -524.44 0.30 0.62 -0.99 0.38 0.05 0.76 0.87
8.00 15.07 -51.11 -391.98 -660.91 -0.86 0.80 -0.68 0.73 0.84 0.98 0.61
16.00 62.20 -73.57 243.18 681.63 -0.58 -0.23 -0.10 0.52 0.91 0.94 0.37
7.00 9.72 379.17 -173.72 -623.31 -0.40 0.88 0.11 0.12 0.66 0.05 0.59
11.00 25.43 -707.01 -259.41 134.37 0.32 0.45 0.09 0.54 0.35 0.45 0.73
11.00 18.84 454.58 -514.70 401.46 -0.86 0.06 -0.40 0.31 0.29 0.82 0.32
7.00 1.00 -197.87 317.28 690.36 -0.00 -0.15 0.63 0.46 0.89 0.74 0.69
6.00 2.64 -557.12 32.33 119.97 -0.15 0.56 0.89 0.93 0.81 0.35 0.75
14.00 41.27 -208.29 -534.00 -138.04 0.51 0.61 -0.40 0.74 0.93 0.77 0.86
9.00 16.85 -461.05 5.18 -169.17 0.17 -0.76 -0.19 0.98 0.92 0.08 0.64
5.00 1.05 145.36 156.30 -312.83 0.90 -0.10 0.46 0.81 0.34 0.89 0.80
6.00 8.57 -617.01 433.36 58.97 0.10 0.23 0.23 0.57 0.15 0.10 0.59
6.00 8.22 2.68 414.15 339.97 -0.37 -0.23 0.61 0.84 0.89 0.92 0.05
25.00 107.46 -67.23 -50.58 416.89 0.11 -0.59 0.33 0.39 0.80 0.69 0.61
15.00 34.15 -348.57 -537.30 -318.59 0.44 -0.61 0.20 0.12 0.81 0.27 0.23
36.00 214.24 -405.87 134.48 -659.41 -0.36 0.23 0.01 0.76 0.65 0.38 0.45
8.00 13.63 326.47 35.41 -694.61 -0.51 0.50 0.12 0.12 0.06 0.18 0.04
6.00 11.34 -36.82 -316.66 537.92 -0.47 0.51 0.98 0.79 0.41 0.04 0.24
8.00 19.50 474.07 5.78 140.32 -0.70 0.21 0.30 0.73 0.86 0.48 0.69
27.00 45.90 277.14 -206.00 358.45 -0.28 -0.33 0.79 0.12 0.76 0.11 0.88
6.00 4.44 -664.65 -200.44 11.39 0.25 -0.05 -0.93 0.09 0.45 0.89 0.90
11.00 22.98 -571.69 -271.81 23.38 -0.56 0.57 -0.21 0.71 0.32 0.66 0.30
5.00 8.26 -14.75 424.08 22.16 -0.50 0.04 0.36 0.68 0.60 0.24 0.20
10.00 27.20 30.76 677.88 229.04 0.49 0.52 -0.14 0.79 0.64 0.70 0.86
8.00 4.20 204.54 164.88 -28.85 -0.96 -0.18 -0.63 0.75 0.31 0.14 0.58
11.00 18.78 235.80 190.81 -608.72 0.87 0.13 -0.25 0.41 0.83 0.60 0.27
8.00 6.67 738.89 70.43 -251.13 -0.91 -0.83 0.77 0.60 0.62 0.88 0.59
8.00 0.96 -108.28 391.71 108.93 0.50 0.46 0.21 0.18 0.58 0.84 0.81
12.00 1.47 -623.36 -186.56 426.76 0.05 0.70 -0.89 0.92 0.21 0.27 0.60
11.00 11.64 -107.13 -57.84 455.56 0.89 -0.88 -0.91 0.62 0.19 0.28 0.40
8.00 17.56 -562.79 -412.53 -189.33 0.10 0.01 -0.55 0.60 0.69 0.54 0.22
18.00 54.97 -327.76 424.77 -571.41 -0.09 -0.29 -0.85 0.76 0.93 0.14 0.39
11.00 6.00 -233.53 403.01 -328.77 0.62 0.22 0.61 0.63 0.90 0.74 0.55
10.00 3.46 -198.46 -683.18 -87.76 0.34 -0.37 -0.90 0.56 0.74 0.29 0.19
12.00 32.28 -488.71 -489.11 252.07 -0.94 -0.36 -0.33 0.64 0.77 0.81 0.35
11.00 11.57 -523.17 -324.42 -339.47 -0.64 -0.97 0.99 0.27 0.15 0.86 0.95
10.00 6.88 133.44 276.04 291.74 -0.53 0.04 -0.01 0.21 0.40 0.58 0.17
18.00 76.53 -187.97 -242.85 115.05 0.16 -0.86 0.60 0.37 0.91 0.06 0.61
20.00 60.12 209.39 576.61 -454.75 -0.96 0.70 -0.69 0.40 0.27 0.66 1.00
5.00 1.00 -187.14 -285.35 -441.85 -0.46 0.77 0.78 0.02 0.63 0.52 0.61
24.00 191.36 -39.64 -152.64 717.32 0.72 -0.18 -0.65 0.54 0.25 0.20 0.83
13.00 2.37 -497.19 -73.06 391.90 -0.48 0.70 -0.56 0.98 0.63 0.49 0.80
10.00 19.87 -154.96 44.52 -589.41 -0.94 -0.23 -0.14 0.36 0.42 0.31 0.30
13.00 15.18 326.21 152.76 711.95 0.16 0.00 0.75 0.68 0.30 0.32 0.50
14.00 37.07 -113.22 -203.84 470.77 0.32 -0.21 -0.76 0.75 0.67 0.88 0.82
9.00 23.98 -93.74 317.56 -720.73 -0.73 -0.24 0.89 0.97 0.32 0.55 0.05
5.00 4.82 -278.72 519.04 382.65 0.81 0.87 -0.72 0.30 0.28 0.76 0.84
35.00 200.08 -43.36 749.56 29.01 0.41 -0.36 0.59 0.36 0.94 0.97 0.88
9.00 5.13 248.78 -16.68 8.60 0.28 -0.94 0.07 0.05 0.66 0.07 0.46
10.00 11.40 372.94 -257.34 -558.02 -0.83 0.45 -0.70 0.95 0.03 0.76 0.51
28.00 39.24 29.03 279.68 -563.87 0.29 -0.17 -0.05 0.28 0.19 0.04 0.00
36.00 49.43 314.43 328.27 -528.30 -0.70 -0.11 -0.93 0.88 0.21 0.02 0.97
24.00 16.94 96.93 -616.03 -370.97 0.51 -0.41 0.27 0.16 0.65 0.31 0.78
16.00 43.55 -89.14 -492.42 -136.06 -0.69 0.33 0.41 0.46 0.60 0.98 0.49
5.00 4.45 438.49 424.31 -115.86 -0.36 -0.99 -0.80 0.95 0.84 0.12 0.52
10.00 23.14 -399.33 227.91 -379.85 -0.26 -0.83 -0.28 0.94 0.52 0.66 0.82
8.00 7.01 97.12 354.95 -208.83 0.99 -0.33 -0.33 0.01 0.34 0.28 0.02
14.00 22.33 -437.17 -150.70 -408.12 -0.72 0.32 0.85 0.25 0.86 0.93 0.64
17.00 67.75 -143.14 -431.78 -467.06 0.50 -0.75 0.91 0.15 0.42 0.99 0.93
6.00 9.71 606.80 -427.05 -101.56 -0.70 -0.24 -0.00 0.56 0.96 0.11 0.42
7.00 3.55 -102.71 186.02 -739.19 0.21 -0.77 0.88 0.09 0.79 0.97 0.39
10.00 25.41 -215.74 -228.49 291.11 0.28 0.61 -0.49 0.55 0.88 0.56 0.95
11.00 37.92 -345.67 -95.20 -459.86 0.96 0.86 0.56 0.56 0.47 0.07 0.52
8.00 19.55 -217.43 13.29 504.21 -0.53 -0.63 0.38 0.56 0.06 0.74 0.98
8.00 13.69 -92.29 -709.08 -299.47 0.55 0.09 -0.41 0.92 0.44 0.35 0.93
8.00 2.94 -434.47 -412.80 -459.70 0.06 -0.20 -0.76 0.82 0.02 0.89 0.95
7.00 12.30 587.68 -213.87 148.64 0.51 -0.09 0.73 0.99 0.43 0.08 0.23
7.00 5.16 -674.57 374.84 -71.28 -0.27 -0.42 -0.71 0.79 0.01 0.72 0.79
5.00 3.73 -463.91 -321.92 232.79 0.25 0.66 -0.49 0.19 0.91 0.60 0.96
27.00 174.79 502.57 245.15 -34.69 0.87 -0.86 0.02 0.32 0.75 0.30 0.42
19.00 74.70 -686.87 266.41 108.51 0.48 -0.71 -0.03 0.81 0.83 0.63 0.21
11.00 28.93 -744.91 -70.40 85.73 -0.10 0.55 -0.67 0.99 0.99 0.93 0.43
7.00 0.70 -167.02 -199.79 -657.37 -0.25 -0.20 -0.23 0.90 0.01 0.28 0.33
10.00 19.10 389.72 330.98 -352.74 -0.84 0.92 0.44 0.71 0.50 0.32 0.25
12.00 19.32 -8.07 109.85 -108.51 -0.93 -0.06 -0.36 0.11 0.80 0.74 0.14
5.00 7.74 -323.42 524.41 102.54 -0.05 -0.63 0.67 0.64 0.75 0.28 0.00
5.00 4.16 -108.86 39.44 409.95 0.80 -0.56 -0.34 0.64 0.18 0.94 0.22
13.00 54.16 446.23 242.46 -329.00 -0.96 -0.24 -0.46 0.47 0.75 0.34 0.09
5.00 4.29 455.68 277.61 483.46 0.07 0.26 -0.42 0.47 0.28 0.93 0.46
15.00 50.16 153.63 -149.64 188.19 0.39 -0.73 -0.71 0.68 0.57 0.62 0.77
7.00 10.25 339.05 339.87 202.47 -0.30 0.14 -0.98 0.79 0.34 0.80 0.11
14.00 62.81 -324.48 -440.03 229.53 0.67 -0.08 0.07 0.79 0.18 0.33 0.93
7.00 7.59 78.68 -289.11 364.97 0.70 -0.37 0.06 0.81 0.43 0.42 0.10
12.00 4.85 127.44 -329.93 -209.43 0.91 -0.71 0.63 0.49 0.23 0.29 0.92
11.00 1.12 122.56 365.31 629.16 -0.17 -0.60 0.02 0.89 0.38 0.88 0.22
12.00 4.84 343.26 350.53 379.64 0.19 0.10 -0.07 0.92 0.08 0.31 0.77
10.00 12.23 -452.86 -196.52 -160.73 0.20 -0.28 0.59 0.82 0.95 0.59 0.84
17.00 77.40 748.30 -54.71 -40.40 0.92 0.54 -0.20 0.72 0.47 0.16 0.84
11.00 15.35 -60.00 -117.37 30.79 -0.22 -0.02 -0.94 0.98 0.66 0.82 0.07
11.00 9.67 304.72 -20.88 482.49 -1.00 0.45 0.06 0.26 0.75 0.22 0.96
26.00 188.12 -295.55 -171.71 -298.48 0.76 -0.44 0.23 0.95 0.83 0.70 0.89
5.00 5.39 454.36 535.53 344.59 -0.33 0.43 0.45 0.01 0.29 0.03 0.52
10.00 2.88 230.02 -339.24 83.58 -0.66 -0.81 -0.83 0.33 0.74 0.10 0.60
13.00 31.14 200.70 482.20 -192.12 -0.31 -0.26 -0.88 0.76 0.68 0.18 0.80
5.00 3.66 -463.58 439.37 71.42 0.00 0.71 -0.01 0.53 0.00 0.30 0.77
8.00 16.50 -645.25 -21.23 -106.79 -0.52 -0.32 0.63 0.30 0.86 0.05 0.91
6.00 2.01 434.82 118.47 -413.44 -0.86 -0.73 0.39 0.83 0.96 0.26 0.09
10.00 29.80 -218.78 -658.81 8.68 0.75 0.71 0.30 0.17 0.56 0.77 0.63
5.00 3.27 -754.53 -117.07 104.94 -0.82 0.93 -0.74 0.24 0.39 0.70 0.94
27.00 155.34 270.94 -245.76 -188.50 0.81 -0.24 0.59 0.16 0.57 0.08 0.60
15.00 22.82 488.18 287.70 -364.23 -0.61 -0.20 0.27 0.93 0.69 0.24 0.99
9.00 9.64 518.89 148.31 56.98 0.90 -0.87 -0.67 0.43 0.87 0.94 0.15
16.00 47.97 -592.14 79.07 188.99 -0.73 -0.21 -0.47 0.32 0.15 0.30 0.28
5.00 5.12 -630.76 -121.74 30.03 0.60 -0.65 0.29 0.81 0.21 0.50 0.04
17.00 34.02 -486.72 285.73 5.12 -1.00 1.00 -0.45 0.75 0.63 0.69 0.58
9.00 9.73 -114.62 -269.64 -656.33 0.70 0.00 0.48 0.25 0.42 0.77 0.85
13.00 42.65 638.03 -17.83 39.68 -0.55 -0.06 -0.51 0.66 0.47 0.63 0.61
6.00 0.91 250.30 -227.08 -246.20 0.58 0.62 -0.16 0.30 0.21 0.12 0.87
13.00 16.99 -315.30 631.84 -308.44 0.66 -0.62 -0.84 0.29 0.02 0.19 0.50
11.00 38.21 204.29 526.32 484.81 -0.67 0.00 -0.33 0.05 0.89 0.52 0.42
22.00 4.57 -716.18 -2.47 -139.26 0.62 0.53 -0.71 0.89 0.05 0.93 0.91
8.00 6.60 -114.56 505.58 -265.10 0.76 0.38 -0.05 0.48 0.31 0.68 0.62
13.00 6.48 17.82 -270.49 605.65 0.23 -0.89 -0.78 0.29 0.15 0.32 0.68
18.00 8.98 149.20 222.42 688.08 0.93 -0.98 -0.44 0.06 0.02 0.43 0.98
15.00 62.27 -586.49 -18.54 -27.50 0.43 -0.39 0.09 0.17 0.78 1.00 0.40
6.00 0.38 -753.89 -131.70 76.63 -0.29 0.28 0.07 0.36 0.24 0.03 0.37
11.00 8.84 -231.66 78.45 -739.18 -0.90 0.92 -0.00 0.77 0.18 0.47 0.38
11.00 13.94 -384.16 325.13 -94.04 0.28 -0.24 0.34 0.38 0.34 0.97 0.39
11.00 3.65 -436.31 -362.94 163.11 1.00 -0.96 -0.54 0.47 0.95 0.34 0.82
12.00 14.48 251.11 386.49 -145.31 0.35 -0.95 0.26 0.38 0.54 0.57 0.27
15.00 13.54 -444.84 225.28 399.12 0.72 -0.90 0.83 0.07 0.27 0.46 0.27
10.00 4.37 679.77 4.89 98.36 -0.11 -0.66 0.84 0.78 0.85 0.69 0.09
21.00 7.93 -19.28 -209.10 627.59 0.21 -0.22 0.16 0.51 0.34 0.30 0.16
12.00 43.97 -728.81 -145.41 219.40 -0.70 0.22 -0.36 0.43 0.74 0.25 0.40
10.00 7.41 121.18 218.98 -674.25 0.17 0.93 -0.28 0.48 0.91 0.93 0.50
15.00 16.36 132.26 298.08 -38.63 -0.95 0.83 -0.31 0.97 0.53 0.88 0.72
13.00 35.04 135.62 250.33 -354.60 0.92 0.45 0.85 0.63 0.18 0.26 0.51
10.00 7.99 589.91 -24.57 -406.86 0.99 -0.14 -0.66 0.80 0.97 0.53 0.54
8.00 12.13 134.22 72.44 -572.92 -0.93 -0.49 -0.20 0.09 0.26 0.17 0.64
21.00 40.76 -147.84 -504.03 -506.51 0.90 -0.29 0.97 0.23 0.71 0.53 0.83
9.00 14.59 -314.49 557.07 -254.40 0.44 -0.41 -0.65 0.22 0.00 0.62 0.51
24.00 149.16 334.08 407.48 206.71 -0.24 -0.83 -0.81 0.61 0.78 0.44 0.27
29.00 165.25 -398.23 -5.23 -575.33 0.28 -0.68 -0.50 0.55 0.04 0.08 0.07
7.00 9.09 383.66 -653.42 -77.62 -0.54 -0.65 -0.75 0.56 0.30 0.54 0.28
8.00 1.87 103.62 -162.09 -313.57 0.50 -0.09 -0.88 0.21 0.79 0.23 0.80
5.00 3.60 596.76 223.31 207.60 -0.53 -0.69 0.10 0.19 0.75 0.26 0.73
16.00 61.01 165.34 18.50 527.35 0.79 -0.88 0.52 0.65 0.02 0.92 0.70
9.00 3.07 291.15 -268.99 151.97 0.52 0.77 -0.25 0.36 0.80 0.98 0.77
14.00 27.97 -175.11 -734.84 -35.20 -0.74 0.87 -0.95 0.27 0.15 0.77 0.02
8.00 9.67 -113.73 132.50 21.02 0.01 -0.63 -0.44 0.89 0.25 0.59 0.84
10.00 20.29 258.92 -352.96 -612.30 -0.34 0.07 -0.02 0.46 0.54 0.52 0.47
6.00 7.48 62.15 134.94 -49.30 -0.50 0.62 0.61 0.53 0.73 0.35 0.41
7.00 3.42 680.52 144.58 -153.23 0.53 -0.93 -0.29 0.45 0.10 0.27 0.87
15.00 36.15 223.91 167.92 109.46 0.94 0.73 -0.60 0.98 0.30 0.01 0.97
20.00 67.93 -405.47 -407.37 -85.50 -0.58 -0.30 0.50 0.36 0.59 0.95 0.64
27.00 14.04 29.14 632.07 395.56 0.56 0.50 -0.38 0.18 0.78 0.68 0.22
12.00 1.23 -467.71 491.22 337.89 0.30 0.94 -0.14 0.82 0.80 0.71 0.40
26.00 114.89 378.38 592.25 -205.95 0.08 -0.44 -0.21 0.46 0.27 0.22 0.37
5.00 6.24 -713.50 -257.88 -70.86 0.41 -0.64 -0.52 0.32 0.79 0.13 0.08
23.00 107.03 -43.69 -317.31 -729.09 -0.73 -0.96 -0.75 0.29 0.33 0.34 0.76
35.00 33.94 -214.09 -272.21 -284.18 0.27 -0.12 -0.55 0.41 0.43 0.36 0.48
12.00 25.20 710.90 54.32 362.05 -0.03 -0.69 0.55 0.18 0.69 0.30 0.42
14.00 37.41 -448.66 -566.92 -216.85 -0.50 -0.21 0.16 0.93 0.76 0.28 0.22
37.00 340.47 -350.30 111.22 -128.24 0.46 0.53 0.18 0.59 0.98 0.37 0.47
13.00 22.85 -64.68 506.66 234.27 0.79 -0.81 -0.81 0.99 0.00 0.48 0.66
5.00 1.80 -603.53 76.86 -75.62 0.90 0.40 0.64 0.54 0.28 0.46 0.87
19.00 112.34 -237.30 -360.55 330.63 0.82 -0.23 0.94 0.37 0.37 0.75 0.50
15.00 43.81 -380.09 -72.74 492.81 0.29 0.11 0.60 0.21 0.96 0.54 0.41
9.00 6.50 -328.47 233.33 -127.79 0.84 -0.33 -0.59 0.27 0.12 0.29 0.90
7.00 12.26 -302.88 333.04 263.85 0.76 0.78 -0.69 0.15 0.57 0.74 0.41
16.00 21.40 93.72 101.89 115.31 -0.89 0.42 0.93 0.40 0.79 0.71 0.94
5.00 7.88 -221.20 233.95 -121.75 -0.31 0.25 0.42 0.14 0.85 0.97 0.33
9.00 24.07 -474.19 -449.19 -425.63 0.63 0.09 0.72 0.01 0.85 0.74 0.34
10.00 30.23 -649.90 137.00 -309.91 -0.84 -0.28 -0.99 0.12 0.24 0.33 0.30
17.00 47.88 261.92 552.07 118.38 0.73 0.57 -0.88 0.37 0.69 0.89 0.66
26.00 7.86 -610.39 224.33 311.59 0.79 0.46 -0.12 0.29 0.44 0.34 0.28
13.00 10.20 152.44 350.85 -527.08 0.56 -0.38 -0.31 0.84 0.89 0.76 0.96
5.00 4.71 388.70 -451.21 85.51 0.28 -0.90 0.27 0.03 0.11 0.95 0.68
12.00 38.34 419.17 -219.21 -644.61 0.49 0.59 -0.16 0.05 0.03 0.60 0.93
5.00 5.20 319.94 -688.12 158.03 0.94 0.34 0.13 0.85 0.86 0.47 0.85
17.00 87.12 -397.91 665.41 179.16 0.43 0.32 -0.86 0.59 0.66 0.75 0.24
5.00 4.67 -291.91 134.52 243.33 -0.55 -0.08 -0.82 0.68 0.90 0.17 0.54
7.00 0.46 194.56 500.57 563.44 0.07 -0.41 0.36 0.87 0.86 0.67 0.84
10.00 11.92 496.15 -210.06 301.78 -1.00 0.02 -0.47 0.87 0.38 0.31 0.07
5.00 3.10 -479.25 510.67 199.72 0.25 0.56 0.03 0.47 0.23 0.49 0.54
20.00 76.29 45.54 118.64 40.70 0.08 -0.57 -0.86 0.72 0.40 0.11 0.47
19.00 88.52 -25.29 -113.30 -434.67 0.32 -0.67 -0.67 0.84 0.16 0.79 0.80
6.00 0.18 -400.60 224.34 -571.12 -0.15 0.15 -0.42 0.84 0.91 0.20 0.09
5.00 4.62 -706.28 -8.52 -96.46 -0.62 -0.40 0.91 0.74 0.77 0.91 0.97
33.00 216.61 -618.49 236.56 198.59 0.26 0.28 0.55 0.45 0.55 0.60 0.67
12.00 18.75 493.83 480.50 -190.37 0.61 0.18 0.86 0.74 0.52 0.63 0.51
11.00 27.61 256.67 -234.55 45.21 0.51 -0.11 0.88 0.17 0.89 0.58 0.60
7.00 6.47 -60.73 -548.21 -128.92 0.52 -0.66 0.63 0.60 0.55 0.25 0.89
5.00 0.07 261.75 -408.34 526.74 -0.78 0.28 -1.00 0.40 0.43 0.83 0.51
26.00 198.58 -378.96 -73.00 -670.60 0.72 0.39 0.39 0.42 0.65 0.72 0.79
15.00 62.72 -212.70 -132.10 -416.12 -0.80 0.33 0.94 0.76 0.44 0.53 0.64
6.00 1.58 -287.69 -572.83 -89.00 0.42 -0.32 0.38 0.23 0.56 0.74 0.63
28.00 196.45 205.04 351.62 -16.86 0.69 0.86 0.17 0.81 0.05 0.61 0.47
14.00 5.31 -626.83 -245.75 -321.51 0.02 -0.98 0.14 0.78 0.17 0.63 0.02
14.00 46.35 85.75 669.95 -99.84 0.35 -0.06 0.70 0.01 0.24 0.07 0.93
10.00 28.11 24.10 -76.26 66.27 0.66 -0.32 -0.22 0.88 0.28 0.65 0.28
19.00 48.38 -352.62 81.29 -484.11 -0.57 -0.10 -0.03 0.63 0.94 0.90 0.14
5.00 7.99 163.77 -407.06 -124.87 -0.64 0.30 -0.36 0.70 0.24 0.54 0.32
7.00 6.89 -156.49 -626.88 -318.80 0.46 0.32 -0.33 0.91 0.01 0.55 0.60
11.00 12.61 205.82 180.55 -728.62 0.02 0.92 -0.92 0.76 0.23 0.05 0.82
9.00 24.50 195.54 278.23 -26.82 -0.40 -0.47 -0.93 0.73 0.83 0.24 0.89
18.00 62.96 169.26 -108.48 -536.08 -0.88 0.97 -0.72 0.20 0.14 0.55 0.98
10.00 2.73 398.59 474.48 -21.20 -0.86 -0.51 0.49 0.78 0.62 0.28 0.30
6.00 4.73 528.79 -550.35 0.40 0.77 0.60 -0.84 0.98 0.08 0.67 0.55
12.00 42.64 61.96 638.11 19.75 0.56 -0.06 -0.28 0.99 0.51 0.64 0.23
5.00 5.13 38.69 -405.88 248.06 -0.97 -0.39 -0.15 0.90 0.23 0.40 0.86
7.00 6.35 66.73 559.14 233.57 -0.33 0.94 -0.78 0.01 0.57 0.81 0.27
5.00 7.54 699.35 -106.84 0.14 -0.70 -0.33 -0.86 0.19 0.37 0.54 0.81
5.00 3.07 -108.99 326.34 -142.28 -0.15 -0.25 -0.80 0.13 0.55 0.10 0.31
6.00 10.95 -555.28 119.66 94.84 -0.47 0.22 -0.20 0.52 0.17 0.05 0.07
5.00 4.37 257.21 691.73 -249.38 -0.84 0.34 -0.63 0.27 0.68 0.28 0.98
9.00 23.05 755.03 211.73 -11.49 0.36 -0.34 -0.74 0.33 0.31 0.21 0.27
6.00 9.87 -453.35 453.68 87.35 -0.59 -0.38 -0.83 0.41 0.81 0.76 0.97
6.00 5.07 -406.06 -444.15 22.21 0.67 0.67 -0.47 0.36 0.52 0.21 0.09
27.00 19.95 332.18 -225.76 -213.92 -0.84 -0.06 0.31 0.31 0.10 0.21 0.56
5.00 7.05 -322.67 -449.05 -404.67 0.57 0.22 0.08 0.70 0.39 0.07 0.71
5.00 5.24 442.26 134.69 618.19 0.19 0.32 0.41 0.31 0.92 0.21 0.78
22.00 143.61 -237.90 -43.47 187.72 0.32 -0.70 -0.57 0.67 0.25 0.95 0.59
10.00 28.10 324.47 361.92 415.38 -0.15 0.92 -0.30 0.84 0.11 0.60 0.64
12.00 26.58 -445.71 525.82 144.82 0.66 -0.97 -0.12 0.51 0.69 0.15 0.15
7.00 9.65 269.50 372.63 -474.64 0.03 0.82 -0.00 0.03 0.28 0.72 0.58
7.00 15.50 -406.37 205.86 318.07 -0.18 -0.89 -0.07 0.88 0.41 0.55 0.15
15.00 22.67 417.07 299.88 -5.98 0.03 -0.74 0.55 0.54 0.10 0.21 0.33
19.00 9.50 26.55 -305.63 713.31 -0.02 0.04 0.78 0.73 0.31 0.68 0.14
18.00 26.45 661.29 -290.49 327.55 0.18 0.02 0.77 0.40 0.39 0.50 0.91
14.00 29.73 -469.40 -486.05 -233.71 -0.37 -0.65 0.33 0.76 0.67 0.86 0.19
12.00 14.53 490.82 -553.64 211.95 0.05 0.86 -0.94 0.65 0.92 0.03 0.97
22.00 118.92 -560.30 304.38 -94.24 -0.15 -0.06 0.72 0.38 0.76 0.93 0.22
20.00 104.97 -101.33 163.11 751.80 0.46 0.29 -0.89 0.79 0.47 0.29 0.92
10.00 13.42 -326.41 -109.17 -180.47 -0.69 0.26 -0.59 0.12 0.97 0.83 0.52
10.00 30.06 259.13 97.17 419.73 -0.66 -0.81 -0.27 0.74 0.77 0.33 0.73
9.00 9.42 -222.60 617.28 200.57 -0.01 0.36 -0.15 0.26 0.15 0.86 0.99
8.00 11.07 296.26 -258.03 289.77 0.71 -0.01 0.72 0.44 0.75 0.85 0.01
9.00 3.05 20.78 554.81 535.71 -0.61 0.68 -0.20 0.09 0.52 0.93 0.41
26.00 43.72 181.01 -388.60 243.92 -0.21 -0.54 -0.69 0.51 0.80 1.00 0.23
6.00 0.57 701.49 282.15 -143.32 0.76 0.99 -0.46 0.55 0.67 0.81 0.35
8.00 21.12 202.31 -159.60 -317.52 0.66 0.77 0.10 0.29 0.52 0.93 0.25
21.00 49.15 -322.44 -194.11 661.09 0.76 -0.33 0.31 0.51 0.76 0.45 0.40
32.00 300.55 584.50 113.00 98.50 0.82 -0.96 0.86 0.92 0.83 0.82 0.32
15.00 11.75 -452.26 -567.39 -169.98 0.51 0.19 0.44 1.00 0.32 0.57 0.65
11.00 39.33 -353.43 -411.87 183.02 0.98 -0.07 0.41 0.34 0.88 0.86 0.82
11.00 12.07 209.99 137.63 230.57 0.95 0.61 -0.47 0.84 0.55 0.64 0.24
15.00 14.96 355.32 394.28 -561.44 0.87 0.39 0.74 0.75 0.34 0.20 0.21
22.00 104.23 -564.53 -151.82 329.79 0.81 -0.55 -0.22 0.85 0.71 0.26 0.15
37.00 6.06 135.48 -53.67 561.66 0.23 0.92 -0.62 0.14 0.46 0.51 0.55
16.00 80.45 538.31 208.85 432.12 0.36 0.16 0.19 0.83 0.77 0.05 0.38
10.00 27.06 584.83 415.53 225.97 0.46 0.64 -0.79 0.67 0.65 0.14 0.13
13.00 6.13 -294.75 211.39 175.32 0.68 0.62 -0.04 0.42 0.25 0.78 0.31
27.00 220.40 -612.68 -228.34 290.43 -0.62 -0.39 0.17 0.50 0.18 0.03 0.26
9.00 20.35 -643.21 171.55 -387.93 -0.46 -0.95 -0.68 0.21 0.02 0.66 0.60
7.00 13.08 490.93 386.28 328.42 -0.55 0.08 0.76 0.34 0.45 0.63 0.10
6.00 5.08 -246.47 -361.62 295.40 0.05 0.17 -0.47 0.09 0.16 0.27 0.55
5.00 7.16 405.34 -348.83 -430.90 0.12 0.53 0.48 0.34 0.63 0.20 0.60
8.00 19.45 -408.70 104.95 556.87 -0.44 -0.47 0.43 0.43 0.09 0.57 0.96
18.00 99.22 429.57 55.64 -465.60 0.37 -0.56 -0.63 0.31 0.83 0.03 0.02
11.00 0.03 -750.23 -175.33 125.18 0.35 0.20 0.34 0.11 0.56 0.43 0.04
5.00 1.69 98.00 138.09 183.65 -0.82 0.63 -0.11 0.32 0.35 0.16 0.65
20.00 115.31 328.47 -444.61 149.40 0.46 -0.16 0.27 0.07 0.49 0.55 0.60
24.00 123.02 -318.80 -293.43 108.44 0.78 0.11 0.30 0.94 0.01 0.93 0.00
6.00 4.72 584.84 -20.70 539.58 0.36 -0.26 0.16 0.39 0.98 0.97 0.32
9.00 14.00 -26.95 355.81 -241.68 -0.38 -0.21 0.01 0.05 0.73 0.32 0.79
11.00 34.19 -305.41 733.98 12.38 -0.68 -0.30 0.31 0.20 0.92 0.83 0.01
5.00 1.42 -67.69 241.97 -243.13 0.35 0.45 -0.95 0.85 0.37 0.98 0.91
6.00 2.43 237.83 455.81 541.09 -1.00 -0.78 0.89 0.14 0.54 0.57 0.56
31.00 133.71 -473.47 -271.90 -563.23 -0.11 -0.52 -0.72 0.24 0.66 0.28 0.37
9.00 2.38 399.54 196.35 -420.55 0.51 -0.74 -0.92 0.25 0.08 0.58 0.89
13.00 53.09 251.66 41.67 -379.85 0.62 0.26 -0.28 0.47 0.09 0.40 0.83
18.00 29.70 -89.61 55.98 -290.42 0.08 -0.63 -0.73 0.86 0.66 0.69 0.04
13.00 34.40 9.54 -40.39 495.66 -0.15 0.13 0.28 0.76 0.27 0.76 0.96
18.00 101.96 69.15 -316.68 81.51 -0.36 -0.14 0.21 0.45 0.36 0.65 0.53
12.00 7.82 491.46 130.22 501.33 -0.49 0.62 0.92 0.72 0.46 0.71 0.33
17.00 22.20 -122.83 81.50 -299.67 -0.68 -0.88 0.89 0.53 0.74 0.81 0.61
6.00 8.15 704.16 -330.75 77.30 -0.40 0.74 -0.18 0.93 0.22 0.08 0.21
35.00 223.33 522.57 -516.63 310.54 -0.02 0.45 -0.35 0.36 0.10 0.93 0.61
5.00 6.23 331.73 -383.84 -168.90 0.71 -0.16 -0.07 0.79 0.89 0.54 0.70
10.00 28.11 13.28 -304.09 132.80 0.87 -0.96 0.92 0.31 0.23 0.92 0.89
7.00 7.53 -287.35 638.13 -225.64 0.31 -0.36 -0.63 0.62 0.81 0.82 0.41
8.00 14.14 -280.86 -327.80 10.52 -0.27 0.10 0.89 0.72 0.79 0.18 0.09
9.00 15.88 -595.38 -321.34 264.85 0.57 0.33 0.28 0.22 0.33 0.32 0.17
12.00 24.12 -468.84 -365.39 135.73 -0.05 0.49 -0.49 0.39 0.63 0.51 0.30
10.00 1.44 -89.07 -305.22 476.70 0.63 -0.30 0.95 0.78 0.78 0.40 0.70
6.00 11.28 721.66 -9.78 309.91 -0.23 -0.13 -1.00 0.06 0.55 0.55 0.76
8.00 17.24 449.82 251.95 -146.76 -0.40 -0.15 -0.63 0.78 0.75 0.75 0.19
14.00 43.03 360.50 448.80 -115.00 -0.50 -0.27 0.27 0.65 0.27 0.18 0.92
15.00 46.80 186.75 -3.34 552.70 0.22 -0.99 0.84 0.35 0.07 0.54 0.63
16.00 16.98 -367.42 199.72 -198.20 -0.50 -0.05 0.96 0.77 0.03 0.28 0.60
15.00 16.28 123.16 -12.88 -743.40 -0.44 0.82 -0.86 0.57 0.09 0.94 0.25
7.00 10.55 111.14 -50.37 -74.72 0.25 0.12 0.59 0.51 0.56 0.88 0.95
5.00 6.55 -422.74 -322.82 50.80 -0.70 0.51 -0.97 0.41 0.15 0.85 0.03
17.00 75.24 267.83 453.30 -80.48 -0.43 0.66 -0.43 0.13 0.02 0.03 0.07
12.00 45.24 47.95 471.61 81.96 0.18 0.17 -0.74 0.36 0.79 0.72 0.08
8.00 15.12 -5.28 269.80 247.25 -0.63 -0.05 -0.60 0.51 0.01 0.21 0.54
31.00 199.41 215.62 -374.20 649.99 -0.85 0.51 -0.53 0.81 0.51 0.63 0.32
13.00 8.76 -33.93 294.57 -612.89 0.68 -0.97 -0.75 0.78 0.94 0.65 0.80
6.00 8.43 171.60 229.17 -555.37 0.22 -0.50 -0.66 0.46 0.45 0.03 0.46
14.00 1.07 -396.33 615.71 61.33 -0.29 0.46 0.35 0.65 0.65 0.25 0.57
10.00 5.75 257.30 323.44 122.78 0.18 0.98 0.61 0.67 0.20 0.34 0.91
12.00 38.28 275.98 -529.22 -63.70 0.59 0.20 0.14 0.31 0.79 0.18 0.70
12.00 35.15 -52.05 -363.60 650.67 0.37 0.66 -0.77 0.86 0.76 0.87 0.31
9.00 0.48 98.57 204.66 -171.29 -0.08 -0.94 -0.28 0.85 0.96 0.33 0.24
15.00 15.19 72.74 -41.96 -548.56 -0.88 0.41 -0.07 0.74 0.60 0.62 0.18
12.00 35.26 -315.17 -117.65 -294.41 -0.31 -0.33 0.47 0.61 0.40 0.90 0.21
5.00 6.00 462.91 58.47 -640.35 -0.67 -0.68 0.78 0.26 0.16 0.63 0.12
12.00 18.78 -620.75 -276.73 -400.72 -0.79 0.20 0.76 0.77 0.76 0.55 0.83
8.00 3.91 -699.43 131.71 116.72 0.09 0.17 -0.31 0.45 0.42 0.82 0.21
11.00 32.02 96.39 -524.90 449.37 -0.07 -0.68 -0.41 0.07 0.77 0.69 0.52
6.00 2.72 -270.53 182.72 -571.36 -0.58 -0.99 -0.09 0.67 0.74 0.50 0.70
21.00 38.30 -349.21 -80.52 -167.75 -0.94 0.64 0.43 0.31 0.41 0.50 0.99
9.00 15.12 393.82 -79.45 -95.24 0.09 0.52 -0.85 0.78 0.29 0.50 0.97
31.00 177.36 -234.42 597.71 339.51 -0.65 -0.53 0.48 0.86 0.35 0.84 0.44
13.00 38.14 388.35 -107.84 686.33 0.20 -0.39 0.14 0.80 0.59 0.35 0.72
15.00 58.71 150.59 -77.83 -214.12 0.14 -0.19 -0.32 0.59 0.32 0.95 0.98
6.00 11.20 443.40 -504.85 -345.60 -0.93 0.92 -0.26 0.83 0.83 0.51 0.38
8.00 4.34 -370.20 -58.72 -343.76 -0.53 -0.45 0.99 0.63 0.42 0.96 0.82
12.00 14.71 52.74 505.05 77.59 -0.61 -0.39 0.95 0.40 0.65 0.48 0.57
19.00 47.71 147.00 394.50 506.21 0.34 -0.98 -0.03 0.21 0.31 0.34 0.38
7.00 2.59 -380.72 143.34 494.62 -0.76 -0.80 -0.95 0.28 0.22 0.38 0.88
29.00 132.71 225.98 -496.11 -458.24 0.71 0.18 -0.40 0.38 0.91 0.76 0.20
13.00 54.32 -509.79 16.16 -211.20 -0.57 -0.81 -0.11 0.96 0.90 0.38 0.26
6.00 5.51 438.23 -65.59 -139.12 0.90 0.89 -0.28 0.52 0.17 0.61 0.37
6.00 6.45 -238.07 -687.99 45.22 -0.93 -0.02 0.99 0.85 0.59 0.35 0.48
9.00 2.06 612.06 -346.47 -143.43 -0.68 -0.60 -0.10 0.91 0.07 0.17 0.08
23.00 156.87 -657.08 -16.02 1.55 -0.74 -0.05 -0.69 0.37 0.17 0.03 0.21
8.00 20.74 629.47 -69.05 -226.47 0.85 0.89 -0.57 0.94 0.60 0.34 0.05
15.00 19.95 -154.13 -467.10 630.55 0.79 -0.36 0.31 0.30 0.71 0.34 0.62
18.00 12.16 368.27 -96.00 340.46 -0.34 -0.80 -0.18 0.76 0.28 0.30 0.39
11.00 7.33 455.08 574.42 -49.65 0.61 -0.18 0.99 0.41 0.28 0.62 0.52
7.00 15.65 394.78 -307.78 423.19 -0.69 0.64 0.44 0.02 0.93 0.31 0.07
9.00 1.86 -262.69 -600.17 -268.62 -0.43 -0.23 -0.66 0.75 0.40 0.05 0.53
19.00 0.73 -315.96 435.26 -505.53 0.92 -0.45 -0.80 0.96 0.07 0.99 0.34
8.00 11.43 -310.41 -280.41 266.66 -0.04 0.91 -0.11 0.60 0.20 0.14 0.06
16.00 3.31 -555.35 -196.30 538.29 -0.95 0.58 -0.70 0.02 0.96 0.47 0.82
6.00 10.73 13.18 -562.70 135.40 1.00 -0.99 -0.64 0.12 0.26 0.42 0.12
5.00 3.80 -138.79 521.88 -393.49 0.68 -0.69 -0.82 0.95 0.46 0.25 0.36
17.00 4.91 531.42 -233.24 526.33 -0.06 0.77 -0.31 0.27 0.22 0.07 0.83
26.00 11.05 616.92 39.02 -294.45 0.86 0.52 -0.29 0.01 0.60 0.21 0.75
9.00 17.07 154.97 -367.37 -675.40 -0.74 0.35 -0.94 0.64 0.98 0.24 0.19
9.00 12.36 -59.11 -141.40 -675.35 -0.43 -0.52 -0.35 0.41 0.40 0.11 0.23
9.00 3.53 329.50 -2.72 -63.35 0.53 0.61 0.66 0.23 0.39 0.07 0.69
17.00 85.40 509.09 515.50 296.19 0.91 0.40 0.29 0.10 0.58 0.38 0.69
14.00 43.36 -147.44 -690.26 -47.92 -0.11 -0.40 -0.24 0.20 0.85 0.98 0.08
20.00 104.14 -321.51 115.09 -5.48 -0.14 -0.72 -0.34 0.76 0.10 0.38 0.28
13.00 29.47 -322.22 523.31 509.36 0.69 -0.96 0.32 0.19 0.45 0.41 0.83
8.00 14.99 -448.33 -321.42 -409.75 -0.25 -1.00 0.62 0.90 0.24 0.74 0.61
16.00 7.38 1.87 -245.28 340.11 -0.87 -0.65 -0.42 0.93 0.97 0.71 0.36
20.00 64.57 -267.92 -237.84 504.80 0.64 -0.41 0.26 0.09 0.98 0.04 0.96
33.00 290.64 -430.92 -88.71 -631.62 -0.91 -0.34 0.77 0.91 0.36 0.11 0.41
35.00 136.23 153.69 506.03 -13.91 -0.13 0.90 0.35 0.06 0.83 0.97 0.07
16.00 54.61 -722.68 -90.52 -220.79 0.29 0.14 -0.99 0.79 0.78 0.49 0.91
7.00 10.14 269.13 -151.09 158.89 0.74 -0.67 0.35 0.99 0.06 0.04 0.45
31.00 187.66 -418.25 117.71 -291.81 -0.07 -0.36 -0.21 0.89 0.42 0.29 0.85
33.00 289.86 -282.12 -463.60 -426.73 0.19 -0.35 -0.17 0.72 0.74 0.86 0.70
16.00 41.89 387.90 439.25 433.61 -0.17 -0.83 -0.25 0.28 0.33 0.88 0.19
11.00 39.04 -651.71 96.38 196.51 -0.46 -0.41 0.14 0.42 0.96 0.45 0.69
5.00 2.85 -206.48 249.68 320.21 0.85 0.07 0.81 0.00 0.15 0.12 0.91
9.00 6.32 37.73 428.49 -209.66 -0.12 0.70 -0.92 0.29 0.75 0.44 0.51
7.00 1.79 435.06 -336.64 258.04 0.77 -0.79 0.61 0.45 0.10 0.98 0.76
9.00 19.22 356.97 272.50 526.39 0.08 -0.61 -0.10 0.66 0.36 0.88 0.41
12.00 37.87 169.39 498.54 370.57 0.65 -0.10 -0.48 0.66 0.47 0.80 0.97
11.00 10.10 -446.60 -496.85 25.64 -0.55 0.09 0.05 0.13 0.94 0.82 0.38
36.00 384.53 -511.80 247.12 -516.90 0.81 -0.86 -0.97 0.25 0.09 0.33 0.16
18.00 10.38 402.86 -421.74 -287.59 -0.39 -0.55 0.53 0.00 0.39 0.21 0.85
9.00 15.22 437.37 246.07 330.48 -0.85 0.84 -0.59 0.36 0.23 0.84 0.88
6.00 10.28 718.51 205.63 -139.94 -0.52 -0.13 0.39 0.80 0.90 0.73 0.32
5.00 7.85 -540.51 308.30 -342.45 0.52 -0.35 0.02 0.24 0.23 0.67 0.29
14.00 14.95 -11.32 -473.63 -45.04 0.01 -0.84 0.98 0.16 0.52 0.87 0.41
11.00 16.45 -594.67 218.97 -42.39 -0.30 0.63 -0.10 0.25 0.68 0.37 0.61
13.00 23.68 -431.63 119.16 -528.75 -0.92 0.61 -0.15 0.97 0.57 0.88 0.33
6.00 7.51 605.00 -121.45 -342.18 0.91 0.28 -0.86 0.69 0.33 0.84 0.75
10.00 20.60 60.63 -412.87 -301.88 0.98 0.41 0.41 0.47 0.92 0.41 0.08
9.00 22.06 -630.45 300.71 -44.83 0.51 -0.98 -0.73 0.95 0.84 0.18 0.94
8.00 12.93 -283.37 -398.82 111.30 -0.27 0.56 -0.09 0.48 0.99 0.27 0.81
12.00 35.01 102.26 -459.31 374.00 -0.51 -0.26 0.81 0.19 0.69 0.91 0.77
9.00 2.30 156.06 -367.01 19.21 -0.37 0.21 -0.97 0.23 0.86 0.62 0.59
19.00 2.95 263.15 440.85 -162.69 -0.40 -0.50 -0.99 0.69 0.26 0.76 0.83
10.00 12.66 -516.13 -8.85 430.69 0.87 -0.95 0.89 0.83 0.10 0.33 0.81
9.00 4.23 -343.06 291.61 326.52 -0.61 0.71 -0.55 0.46 0.33 0.44 0.24
18.00 58.26 472.95 -258.64 499.41 0.65 0.15 -0.30 0.09 0.55 0.21 0.38
5.00 0.36 -14.21 -70.58 -103.07 -0.47 0.29 -0.90 0.39 0.13 0.56 0.36
9.00 24.60 553.72 -329.34 188.01 0.68 0.71 -0.08 0.42 0.45 0.94 0.88
9.00 16.75 -330.88 103.28 710.15 -0.77 0.92 -0.58 0.19 0.58 0.12 0.93
18.00 1.37 700.49 -0.18 -52.07 -0.91 -0.53 0.05 0.99 0.27 0.88 0.88
8.00 5.85 -377.77 -227.27 -409.20 -0.09 0.38 -0.91 0.58 0.71 0.52 0.88
11.00 20.88 -339.86 -210.34 256.79 -0.51 0.70 0.35 0.81 0.88 0.55 0.55
11.00 13.98 571.27 294.15 367.02 0.11 -0.97 -0.88 0.73 0.17 0.82 0.05
7.00 6.00 565.70 -166.25 -182.65 -0.45 -0.46 0.08 0.72 0.87 0.06 0.85
18.00 23.54 -493.44 -312.69 133.63 0.04 -0.78 0.13 0.39 0.11 0.34 0.34
6.00 7.99 -45.41 351.54 288.25 0.50 0.75 -0.55 0.36 0.64 0.56 0.56
19.00 42.96 492.08 -229.29 -509.28 0.17 0.10 0.64 0.87 0.26 0.21 0.86
7.00 6.05 -253.90 300.62 501.27 -0.41 0.16 0.26 0.86 0.82 0.42 0.74
16.00 66.45 -204.03 7.33 -342.13 -0.60 0.71 0.90 0.33 0.11 0.09 0.63
10.00 31.42 9.25 -50.38 700.27 -0.28 0.93 -0.48 0.97 0.67 0.13 0.26
32.00 22.41 453.04 10.75 -245.23 0.16 -0.23 -0.10 0.83 0.79 0.99 0.32
5.00 6.87 656.12 227.31 -182.81 0.27 -0.20 -0.63 0.46 0.70 0.07 0.49
10.00 9.94 -641.03 42.72 318.11 -0.20 -0.14 0.42 0.49 0.21 0.91 0.72
9.00 13.32 -86.59 130.31 270.99 -0.29 -0.76 -0.92 0.77 0.31 0.87 0.07
10.00 20.17 -171.79 -551.58 17.29 0.66 -0.87 0.37 0.95 0.03 0.96 0.97
19.00 15.31 300.07 270.47 75.68 0.46 -0.71 0.26 0.03 0.57 0.80 0.43
14.00 32.50 260.07 -113.44 -216.96 -0.55 -0.31 -0.69 0.85 0.28 0.19 0.41
14.00 13.57 -660.88 163.90 284.96 0.17 0.50 -0.12 0.05 0.14 0.89 0.37
21.00 62.87 290.59 -93.23 235.20 0.79 -0.14 0.77 0.13 0.39 0.80 0.12
10.00 6.34 559.10 -552.95 -56.65 -0.31 0.02 0.48 0.20 0.04 0.04 0.59
14.00 43.82 275.27 698.67 261.14 -0.94 0.61 0.28 0.01 0.28 0.06 0.53
6.00 4.73 413.43 -315.65 -499.91 0.18 -0.29 -0.02 0.27 0.30 0.22 0.02
5.00 1.26 329.95 -60.52 -468.20 -0.24 -0.93 -0.87 0.61 0.63 0.40 0.49
15.00 8.43 -543.54 503.92 274.51 -0.19 -0.83 -0.05 0.72 1.00 0.38 0.13
7.00 6.49 515.72 -423.68 -84.67 -0.17 0.70 -0.19 0.27 0.15 0.75 0.91
9.00 16.14 -386.82 648.06 247.32 0.45 0.69 -0.93 0.46 0.50 0.83 0.01
14.00 5.14 623.68 165.90 69.62 0.31 -0.27 0.95 0.29 0.67 0.02 0.11
8.00 15.16 305.98 -396.51 547.10 0.45 0.75 -0.63 0.53 0.93 0.21 0.14
8.00 17.28 394.34 421.81 272.58 -0.34 -0.43 -0.75 0.66 0.29 0.91 0.12
31.00 36.28 -46.91 480.40 -425.03 -0.20 0.85 -0.40 0.85 0.67 0.98 0.13
10.00 30.34 -78.04 -182.85 6.68 0.57 0.34 0.91 0.53 1.00 0.42 0.73
10.00 6.17 522.38 -157.53 -210.03 -0.70 0.98 -0.88 0.00 0.50 0.40 0.44
9.00 1.20 119.07 -768.02 61.43 0.43 0.37 -0.29 0.51 0.09 0.08 0.74
7.00 13.63 -269.40 13.08 -301.10 0.87 0.27 0.99 0.17 0.87 0.32 0.16
11.00 0.72 392.23 602.25 219.54 -0.61 -0.48 -0.98 0.54 0.06 0.82 0.54
7.00 13.75 -401.80 255.63 376.07 -0.74 -0.47 -0.55 0.64 0.11 0.11 0.02
11.00 3.14 -209.67 434.36 -17.27 0.33 0.71 0.13 0.65 0.76 0.93 0.82
8.00 1.54 535.28 150.27 111.49 -0.25 -0.75 -0.85 0.24 0.88 0.72 0.18
7.00 12.95 -333.10 -36.56 -173.21 0.74 -0.31 -0.35 0.03 0.96 0.60 0.80
5.00 0.33 -2.18 232.39 -232.21 -0.40 -0.66 -0.41 0.28 0.43 0.66 0.05
20.00 132.88 407.19 402.82 -283.83 -0.35 0.26 0.21 0.91 0.45 0.24 0.91
36.00 212.59 -125.18 -482.13 -21.05 0.67 0.96 -0.05 0.15 0.16 0.46 0.35
10.00 4.21 -734.09 -233.94 -91.45 -0.48 -0.51 0.92 0.14 0.73 0.11 0.18
9.00 26.25 514.57 280.33 -137.09 0.77 0.44 0.60 0.13 0.43 0.73 0.74
26.00 98.14 404.63 170.60 232.02 0.94 -0.01 -0.44 0.55 0.49 0.44 0.12
28.00 139.81 181.06 526.18 -293.52 -0.29 0.23 -0.51 0.74 0.31 0.90 0.02
6.00 0.72 -194.96 -296.48 678.28 -0.36 -0.20 -0.82 0.51 0.23 0.24 0.01
10.00 5.91 237.94 425.44 -510.09 -0.79 0.74 -0.73 0.02 0.07 0.93 0.98
12.00 46.74 452.31 -132.04 482.82 -0.70 -0.15 -0.03 0.08 0.35 0.30 0.54
20.00 45.42 -438.96 284.65 -84.62 0.38 -0.29 0.61 0.93 0.59 0.48 0.49
10.00 18.32 -437.14 263.90 -176.76 -0.45 -0.67 -0.66 0.86 0.29 0.96 0.77
8.00 8.84 -54.93 612.59 -291.34 -0.50 0.93 -0.28 0.61 0.06 0.70 0.23
9.00 7.00 0.31 146.18 172.70 -0.57 0.84 0.47 0.89 0.56 0.76 0.55
6.00 9.69 -157.23 231.69 -746.33 -0.26 -0.45 -0.56 0.87 0.93 0.59 0.57
5.00 5.30 -440.57 -16.43 440.38 -0.33 0.06 0.79 0.90 0.18 0.79 0.18
17.00 37.23 451.73 407.49 -132.18 -0.65 -0.59 0.60 0.06 0.23 0.68 0.44
7.00 1.58 -238.96 -6.70 356.62 -0.81 0.62 0.42 0.98 0.25 1.00 0.63
10.00 29.93 422.53 309.06 -433.45 0.26 -0.50 -0.18 0.55 0.05 0.62 0.96
37.00 354.03 -129.52 -260.41 251.77 -0.01 -0.39 0.50 0.57 0.58 0.68 0.39
7.00 11.12 643.84 -89.21 -211.59 -0.51 0.67 -0.00 0.76 0.52 0.90 0.68
12.00 1.65 7.17 -683.94 405.94 -0.28 -0.08 0.88 0.01 0.83 0.16 0.82
5.00 4.29 -181.76 -460.16 23.43 -0.80 0.63 0.99 0.52 0.48 0.31 0.00
38.00 268.85 3.63 400.15 256.99 -0.11 0.14 -0.83 0.86 0.17 0.44 0.83
13.00 14.94 -404.03 -97.01 551.72 -0.76 -0.74 -0.85 0.28 0.23 0.94 0.90
10.00 4.76 236.96 219.79 -355.37 -0.48 -0.51 0.28 0.73 0.66 0.58 0.91
8.00 0.57 755.63 -137.63 -126.47 0.48 0.03 -0.74 0.98 0.78 0.51 0.43
7.00 7.77 115.94 309.99 20.08 0.84 -0.87 -0.34 0.48 0.69 0.81 0.16
22.00 75.51 219.41 -59.45 -437.76 -0.13 0.56 0.18 0.52 0.23 0.43 0.25
7.00 13.00 -42.11 -267.67 252.64 -0.91 -0.23 -0.69 0.30 0.93 0.54 0.45
8.00 4.14 -9.07 722.48 -172.18 0.25 0.09 -0.40 0.10 0.19 0.41 0.80
6.00 7.63 -354.22 25.32 -45.79 -0.74 0.79 -0.60 0.60 0.07 0.87 0.96
17.00 64.46 453.61 375.80 5.85 0.42 0.57 0.84 0.34 0.62 0.14 0.11
15.00 68.47 130.86 -626.56 437.18 0.60 0.50 0.43 0.96 0.30 0.43 0.47
10.00 5.42 -590.49 90.54 -484.32 -0.99 -0.64 0.52 0.46 0.20 0.53 0.40
9.00 2.89 -612.94 165.49 444.69 0.70 0.34 0.96 0.78 0.29 0.40 0.52
8.00 5.50 -76.81 181.62 569.30 -0.91 -0.42 0.11 0.59 0.20 0.22 0.30
18.00 107.75 746.81 -248.23 76.51 -0.32 0.53 -0.91 0.60 0.32 0.57 0.85
5.00 2.45 50.06 -649.43 -345.08 0.03 0.31 0.13 0.47 0.28 0.38 0.91
5.00 6.68 385.27 578.00 -302.61 0.09 0.36 0.58 0.86 0.00 0.81 0.95
21.00 66.86 -216.87 -637.06 255.26 -0.26 -0.58 0.03 0.98 0.51 0.66 0.77
5.00 5.38 -240.32 12.08 305.60 0.28 -0.63 0.38 0.94 0.55 0.31 0.58
15.00 24.78 320.70 571.34 259.05 -0.16 0.45 0.07 0.34 0.44 0.63 0.42
20.00 23.46 452.50 156.51 272.28 0.84 0.33 0.87 0.94 0.48 0.13 0.97
16.00 74.48 -231.59 -101.84 73.28 -0.78 -0.99 -0.87 0.31 0.10 0.14 0.19
12.00 42.02 -18.19 200.15 -331.57 0.43 -0.08 0.75 0.87 0.81 0.19 0.69
20.00 56.00 554.15 240.37 303.38 -0.91 0.13 -1.00 0.09 0.56 0.79 0.86
5.00 1.04 -349.34 203.10 -356.77 0.88 -0.87 0.77 0.98 0.94 0.46 0.52
5.00 5.18 147.05 -45.60 750.33 -0.79 -0.63 0.82 0.40 0.01 0.16 0.35
6.00 11.10 188.70 -406.98 72.81 -0.41 -0.42 0.60 0.52 0.05 0.76 0.90
5.00 2.90 510.80 387.83 396.41 -0.45 0.97 -0.31 0.84 0.94 0.95 0.88
9.00 11.15 626.95 376.28 10.42 0.30 -0.78 0.60 0.61 0.23 0.70 0.88
8.00 20.93 -416.60 353.44 145.42 -0.15 0.76 0.27 0.90 0.95 0.41 0.83
15.00 13.49 228.04 -388.13 -300.61 -0.18 -0.11 -0.44 0.36 0.81 0.67 0.19
17.00 81.41 -204.81 -40.33 390.11 -0.44 -0.54 -0.78 0.17 0.11 0.69 0.71
7.00 3.98 370.61 -199.59 425.63 0.41 -1.00 -0.71 0.89 0.39 0.93 0.50
16.00 76.51 74.55 -572.87 31.87 -0.92 -0.03 -0.52 0.04 0.12 0.37 0.06
10.00 0.15 153.74 -716.18 288.10 0.31 0.58 -0.34 0.19 0.65 0.70 0.89
18.00 30.33 220.50 -564.49 -154.24 -0.32 0.77 0.18 0.84 0.82 0.01 0.26
16.00 58.06 180.52 412.18 -577.40 -0.89 0.23 0.62 0.97 0.97 0.81 0.65
26.00 201.27 453.36 507.71 -298.33 -0.55 -0.22 0.65 0.42 0.43 0.29 0.50
19.00 85.11 -112.29 97.15 -29.18 -0.05 -0.25 -0.64 0.07 0.51 0.83 0.11
10.00 25.12 -305.02 359.80 -368.21 -0.02 0.26 -0.50 0.94 0.87 0.25 0.53
12.00 40.66 -357.34 8.23 25.77 0.82 0.12 -0.22 0.39 0.40 0.60 0.54
8.00 14.89 -509.42 -28.48 60.04 0.90 0.37 0.06 0.25 0.41 0.60 0.82
7.00 1.97 98.17 342.41 475.76 -0.89 -0.03 0.23 0.64 0.09 0.58 0.45
12.00 32.56 -103.26 -672.65 -133.72 -0.44 0.10 -0.09 0.61 0.49 0.36 0.10
8.00 12.55 246.03 570.72 -109.51 -0.88 0.48 -0.47 0.94 0.06 0.38 0.03
6.00 0.17 148.46 -66.92 -639.49 0.05 0.54 -0.92 0.46 0.23 0.10 0.72
5.00 0.21 15.85 593.93 162.03 0.13 0.90 -0.35 0.23 0.67 0.67 0.79
6.00 6.26 -5.06 407.20 108.53 -0.52 -0.51 -0.86 0.88 0.33 0.87 0.47
32.00 78.23 -346.48 -550.74 184.67 -0.49 0.15 -0.67 0.73 0.80 0.83 0.54