14.93 1184
22.00 59.15 53.15 -411.61 -424.39 -0.37 0.90 -0.65 0.94 0.01 0.35 0.07
5.00 4.52 -307.78 341.84 -528.06 -0.77 -0.07 -0.73 0.61 0.89 0.47 0.08
24.00 127.52 57.51 -83.19 -248.99 0.45 0.31 -0.26 0.09 0.34 0.06 0.61
5.00 5.32 81.71 -586.97 -127.19 -0.44 -0.18 0.01 0.65 0.97 0.31 0.24
12.00 12.08 320.89 408.71 515.08 0.85 0.79 0.51 0.16 0.46 0.19 0.67
11.00 33.14 238.63 -161.76 333.81 -0.35 -0.46 0.41 0.79 0.46 0.42 0.66
5.00 2.39 -395.86 381.65 -71.73 0.33 0.41 0.26 0.37 0.46 0.57 0.50
15.00 40.09 124.50 373.18 -655.02 -0.11 0.20 -0.98 0.80 0.15 0.60 0.22
8.00 18.32 -67.27 -480.74 620.99 -0.63 0.62 -0.36 0.83 0.67 0.80 0.53
20.00 35.49 221.02 616.33 279.47 -0.54 0.60 0.79 1.00 0.53 0.38 0.69
8.00 13.95 -109.38 567.31 297.47 0.83 0.61 -0.50 0.65 0.02 0.05 0.20
12.00 36.32 -52.47 -282.70 163.53 0.29 -0.12 0.54 0.70 0.17 0.37 0.03
10.00 15.79 419.91 -155.40 -137.64 -0.64 -0.49 -0.91 0.37 0.20 0.25 0.39
8.00 16.83 471.16 285.03 342.71 0.42 -0.14 0.80 0.97 0.80 0.92 0.79
32.00 220.19 70.67 -678.45 20.29 -0.51 -0.18 0.26 0.03 0.12 0.44 0.14
10.00 22.52 -538.60 -285.83 -236.51 0.16 0.39 0.33 0.42 0.71 0.24 0.89
18.00 54.05 61.48 -547.60 -456.22 0.05 -0.51 -0.06 0.84 0.52 0.76 0.65
8.00 1.08 -76.22 70.36 291.69 0.84 -0.42 -0.13 0.30 0.61 0.94 0.36
7.00 13.93 147.27 -450.49 625.23 0.28 0.96 -0.08 0.33 0.57 0.48 0.81
22.00 137.93 -540.90 81.25 -309.32 -0.34 -0.40 -0.39 0.25 0.11 0.52 0.94
11.00 17.50 101.52 630.03 481.47 0.64 0.83 0.42 0.54 0.44 0.11 0.81
5.00 5.11 -257.59 68.66 250.70 -0.55 0.85 -0.36 0.35 0.58 0.20 0.17
5.00 1.41 155.49 -711.42 -113.93 -0.82 -0.92 -0.48 0.24 0.97 0.05 0.68
8.00 11.48 303.35 -441.93 -172.10 -0.89 0.35 -0.64 0.24 0.42 0.78 0.37
9.00 0.63 22.94 -48.17 -271.02 0.80 -0.90 0.67 0.41 0.11 0.06 0.62
5.00 1.18 291.95 -189.43 -288.58 0.46 0.33 0.46 0.35 0.17 0.76 0.11
8.00 10.75 -548.23 151.48 -403.21 0.97 0.96 0.72 0.99 0.38 0.03 0.46
6.00 5.40 121.67 164.64 36.39 0.54 0.04 0.89 0.76 0.18 0.49 0.56
8.00 9.52 239.64 -260.51 -612.44 -0.94 0.91 -0.39 0.21 0.20 0.11 0.20
16.00 47.52 237.94 -1.28 -250.43 0.28 -0.74 0.44 0.95 0.44 0.52 0.03
12.00 39.42 378.91 327.54 193.61 0.76 -0.14 -0.64 0.48 0.51 0.91 0.49
8.00 11.73 167.16 -205.53 -337.49 0.44 -0.55 -0.61 0.30 0.48 0.15 0.82
10.00 9.11 58.43 -356.55 -274.17 -0.08 -0.87 0.94 0.40 0.51 0.87 0.09
9.00 18.53 -3.98 -250.20 99.73 0.71 0.84 0.81 0.66 0.78 0.31 0.19
11.00 34.67 -509.52 -145.99 193.45 0.40 -0.98 -0.02 0.71 0.60 0.15 0.52
24.00 71.84 -457.13 -94.60 -400.91 0.41 -0.51 0.87 0.13 0.69 0.07 0.40
7.00 5.52 -651.88 23.77 -462.98 0.97 -0.56 0.83 0.34 0.46 0.09 0.13
9.00 5.15 2.25 781.79 51.72 0.87 0.30 0.40 0.63 0.34 0.73 0.73
7.00 11.72 -544.99 163.30 481.80 0.93 0.11 -0.70 0.25 0.08 0.74 0.80
15.00 26.60 129.57 -261.14 228.71 -0.58 -0.64 -0.95 0.31 0.09 0.13 0.88
9.00 7.98 57.40 -387.44 -75.44 0.79 -0.90 -0.28 0.65 0.31 0.69 0.36
12.00 26.96 495.11 -602.80 -7.55 -0.02 -0.50 0.59 0.42 0.86 0.97 0.41
5.00 4.05 -438.67 270.36 391.93 -0.07 -0.86 0.23 0.15 0.97 0.16 0.45
5.00 0.52 429.70 321.68 -109.88 0.87 0.10 0.33 0.85 0.91 0.48 0.55
6.00 9.40 -331.69 -54.41 -514.98 -0.61 0.83 0.39 0.23 0.55 0.34 0.43
11.00 5.25 331.44 -286.12 -455.70 -0.69 0.56 -0.49 0.05 0.69 0.37 0.72
5.00 6.61 -458.58 432.50 -72.38 -0.42 -0.41 -0.97 0.44 0.34 0.85 0.64
10.00 18.33 -401.30 653.57 112.80 -0.47 -0.70 -0.41 0.85 0.09 0.37 0.91
21.00 20.47 36.45 -448.94 -493.72 0.58 0.45 0.89 0.95 0.29 0.38 0.43
6.00 8.16 -472.38 160.37 284.66 0.04 0.07 0.78 0.29 0.83 0.86 0.57
7.00 7.59 -664.28 -372.66 101.38 -0.03 -0.27 -0.05 0.20 0.93 0.68 0.39
31.00 208.94 -426.02 -12.32 675.74 -0.86 0.64 0.73 0.92 0.52 0.38 0.27
13.00 36.53 -386.30 -534.57 316.02 0.26 0.96 -0.36 0.92 0.06 0.46 0.67
10.00 21.26 98.37 -174.16 -118.26 -0.10 0.26 0.74 0.28 0.80 0.32 0.21
25.00 13.96 574.19 256.22 -2.82 -0.49 0.32 0.05 0.06 0.46 0.89 0.02
6.00 5.32 202.23 -459.33 -552.02 0.87 -0.72 0.91 0.35 0.71 0.24 0.59
7.00 1.82 644.69 -128.13 17.16 0.31 -0.98 0.15 0.17 0.06 0.89 0.85
23.00 5.85 -9.58 481.66 -318.53 0.92 0.83 0.41 0.57 0.59 0.35 0.58
5.00 2.22 192.13 -320.17 195.57 -0.43 -0.57 0.80 0.79 0.83 0.18 0.92
8.00 8.48 -575.12 -42.44 -63.01 0.17 0.10 -0.65 0.66 0.16 0.93 0.73
19.00 57.86 -209.84 -525.26 -99.82 0.47 0.20 0.24 0.78 0.86 0.80 0.44
6.00 7.44 249.73 103.62 658.96 -0.84 0.25 -0.48 0.30 0.88 0.36 0.41
6.00 3.60 -595.86 72.43 105.70 -0.06 0.47 -0.87 0.58 0.21 0.03 0.85
25.00 77.31 172.36 421.96 -241.77 -0.69 0.54 -0.30 0.68 0.38 0.92 0.58
10.00 11.05 148.64 -711.39 103.14 0.74 0.36 0.50 0.43 0.75 0.19 0.18
12.00 15.20 295.46 34.16 -397.37 -0.08 0.24 0.09 0.16 0.79 0.57 0.00
16.00 33.15 240.86 278.55 567.97 0.02 -0.33 0.54 0.22 0.11 0.24 0.35
5.00 4.54 -408.27 -383.84 418.33 -0.35 0.66 -0.44 0.28 0.28 0.36 0.01
18.00 19.03 -54.40 342.01 604.30 -0.53 -0.81 0.93 0.55 0.32 0.51 0.62
16.00 38.80 166.59 -97.32 -573.43 0.23 -0.21 0.88 0.33 0.02 0.11 0.02
8.00 1.74 332.20 -464.23 -270.66 -0.21 0.67 -0.31 0.70 0.09 0.94 0.75
22.00 0.03 433.24 631.08 22.20 0.15 0.64 -0.54 0.16 0.84 0.81 0.93
15.00 35.37 452.62 -216.78 -265.11 -0.61 0.03 0.76 0.90 0.44 0.60 0.80
8.00 14.26 553.51 268.31 -187.61 -0.01 0.42 0.54 0.75 0.72 0.44 0.03
7.00 2.46 -428.33 -252.73 248.62 -0.20 0.35 0.72 0.12 0.57 0.75 0.82
11.00 33.66 192.14 -457.42 -235.92 -0.73 -0.46 -0.32 0.70 0.07 0.89 0.69
36.00 342.54 40.06 -125.37 -452.92 0.89 -0.87 0.89 0.63 0.57 0.61 0.09
7.00 3.20 -271.66 -286.41 533.02 0.43 -0.05 0.81 0.13 0.40 0.12 0.41
6.00 3.38 -100.99 -195.05 119.11 0.84 -0.13 -0.88 0.73 0.91 0.60 0.80
12.00 27.99 -66.50 91.00 -374.54 0.11 0.29 -0.26 0.27 0.10 0.81 0.07
6.00 2.43 32.60 -447.08 -454.23 0.92 0.37 0.34 0.59 0.98 0.58 0.75
21.00 124.65 477.04 29.74 515.76 0.05 0.60 0.83 0.42 0.86 0.57 0.05
12.00 33.60 -287.70 -7.81 -547.81 -0.10 0.42 0.15 0.54 0.01 0.68 0.87
5.00 6.58 106.15 321.49 -642.30 -0.56 -0.50 0.86 0.26 0.72 0.06 0.37
6.00 8.22 51.98 406.63 334.39 0.21 -0.65 0.87 0.23 0.67 0.54 0.63
9.00 16.26 104.31 -341.21 649.79 -0.12 0.57 0.54 0.10 0.69 0.13 0.51
5.00 5.25 -164.68 718.16 236.50 0.86 -0.62 0.18 0.24 0.89 0.32 0.82
7.00 8.05 565.25 -354.24 -329.33 0.95 0.26 0.93 0.01 0.39 0.49 0.93
18.00 89.13 -289.70 162.55 -166.36 0.90 -0.09 0.13 0.52 0.63 0.41 0.24
5.00 1.47 633.39 96.34 277.12 -0.69 -0.48 -0.42 0.93 0.92 0.37 0.03
22.00 9.11 -160.42 -546.71 67.43 -0.65 -0.50 -0.92 0.66 0.56 0.30 0.89
16.00 70.71 -256.21 -213.14 -280.79 0.17 -0.64 -0.46 0.26 0.17 0.70 0.80
12.00 15.30 -136.81 49.24 -250.75 -0.95 0.41 -0.67 0.51 0.76 0.28 0.29
14.00 21.64 -330.61 -258.00 609.12 -0.78 0.70 -0.44 0.86 0.04 0.77 0.09
13.00 47.88 216.55 -742.46 107.02 0.29 0.23 0.59 0.76 0.17 0.35 0.08
5.00 5.63 249.27 715.88 -66.65 -0.84 0.06 -0.44 0.36 0.58 0.76 0.56
11.00 12.88 -339.86 -210.34 256.79 -0.71 0.12 -0.26 0.42 0.50 0.47 0.35
8.00 11.99 -400.15 -387.35 327.03 0.28 0.61 0.18 0.13 0.82 0.25 0.21
20.00 100.82 -423.50 -278.54 90.22 -0.14 -0.49 -0.80 0.66 0.19 0.32 0.80
6.00 2.26 -588.30 89.80 -260.77 0.26 0.18 -0.48 0.95 0.55 0.47 0.62
15.00 58.12 439.10 -330.56 88.69 0.75 0.45 0.68 0.68 0.28 0.10 0.58
9.00 16.92 -293.49 -30.85 -14.45 -0.90 0.37 -0.96 0.31 0.22 0.46 0.33
14.00 21.62 -509.69 -45.28 113.84 -0.46 -0.70 -0.49 0.25 0.92 0.64 0.85
8.00 11.18 -568.77 419.13 -300.41 -0.28 -0.30 0.17 0.17 0.84 0.26 0.18
8.00 7.96 210.36 517.95 -8.15 0.78 0.01 -0.90 0.42 0.60 0.90 0.18
8.00 4.46 71.24 -64.91 -32.46 -0.24 -0.01 -0.28 0.66 0.38 0.12 0.02
10.00 5.13 -560.68 -71.05 -205.69 0.50 -0.84 -0.22 0.11 0.77 0.51 0.07
12.00 5.91 273.71 344.35 122.56 -0.77 -0.07 0.27 0.64 0.35 0.79 0.22
7.00 7.32 4.03 27.25 1.06 -0.60 0.04 0.55 0.91 0.75 0.28 0.14
5.00 5.46 -352.57 -477.46 -182.53 0.33 -0.11 0.75 0.13 0.89 0.84 0.34
9.00 19.80 -554.58 -179.82 198.65 0.15 0.58 0.93 0.11 0.98 0.46 0.06
7.00 1.16 -224.13 246.82 -442.53 -0.75 0.50 0.84 0.65 0.71 0.77 0.32
8.00 0.91 -546.26 -42.44 417.77 0.95 0.89 -0.85 0.25 0.17 0.06 0.14
12.00 6.93 -40.07 -330.15 -692.45 -0.42 -0.65 0.76 0.22 0.50 0.82 0.04
26.00 140.82 161.43 -215.06 -418.70 -0.32 0.02 -0.59 0.00 0.18 0.36 0.40
9.00 13.02 -295.71 236.51 -341.95 0.34 -0.61 -0.66 0.94 0.72 0.46 0.62
13.00 40.22 25.91 -653.31 411.26 -0.40 -0.97 0.17 0.63 0.18 0.27 0.06
36.00 65.76 -424.29 367.68 -246.50 0.13 0.35 0.94 0.69 0.03 0.58 0.11
14.00 44.50 -149.93 -471.60 -339.34 -0.22 -0.74 -0.53 0.84 0.50 0.03 0.95
16.00 55.50 -177.02 -136.20 767.90 0.78 -0.32 0.74 0.84 0.97 0.21 0.49
13.00 23.97 31.81 -130.19 595.64 -0.84 -0.80 -0.32 0.55 0.01 0.59 0.25
17.00 25.50 410.54 237.56 -385.09 -0.13 -0.20 0.94 0.76 0.35 0.82 0.03
16.00 64.00 -156.09 186.12 757.75 -0.65 -0.51 -0.47 0.02 0.95 0.47 0.68
7.00 8.76 -468.12 39.42 135.48 0.45 0.44 -0.65 0.05 0.73 0.33 0.58
10.00 9.99 -254.49 -82.71 -600.04 -0.83 0.14 -0.49 0.32 0.14 0.94 0.91
13.00 32.99 -487.49 -195.87 440.41 0.88 -0.80 -0.50 0.83 0.18 0.75 0.10
18.00 11.74 149.20 222.42 688.08 -0.88 0.45 -0.17 0.95 0.25 0.19 0.42
16.00 54.53 488.78 472.31 232.36 0.38 0.32 -0.79 0.23 0.46 0.16 0.55
5.00 2.42 -248.48 320.20 151.05 -0.75 -0.35 0.80 0.72 0.53 0.72 0.41
5.00 5.66 -251.68 -11.00 -299.56 0.90 -0.04 0.41 0.37 0.37 1.00 0.38
9.00 16.45 -248.35 -716.20 -53.08 0.68 -0.29 -0.15 0.01 0.96 0.87 0.36
13.00 8.44 -334.69 -7.29 -226.24 0.13 -0.79 -0.37 0.04 0.36 0.83 0.49
5.00 5.90 -131.77 -46.84 661.01 0.63 0.94 0.24 0.53 0.99 0.11 0.35
5.00 1.14 -395.02 177.98 -627.16 0.74 0.67 -0.13 0.28 0.02 0.08 0.94
5.00 2.25 74.83 61.96 -717.08 0.59 0.33 0.57 0.24 0.01 0.03 0.64
12.00 19.81 -25.26 -525.29 -485.31 0.80 -0.10 0.71 0.79 0.88 0.81 0.41
5.00 2.68 -0.54 514.31 -166.18 0.18 0.99 0.50 0.15 0.45 0.68 0.34
5.00 0.93 484.27 -200.52 -134.31 -0.81 -0.32 0.21 0.58 0.30 0.90 0.28
9.00 3.03 308.45 -516.25 241.82 0.64 0.03 0.07 0.37 0.41 0.74 0.17
16.00 13.05 -688.84 310.48 -150.74 -0.49 0.81 0.73 0.39 0.52 0.92 0.13
6.00 0.28 -137.75 64.36 -19.58 -0.56 0.66 -0.72 0.83 0.08 0.68 0.12
26.00 120.51 123.07 -719.70 -277.97 0.47 -0.01 0.01 0.19 0.12 0.75 0.18
6.00 3.28 -19.04 -563.18 -214.17 -0.43 -0.38 0.70 0.50 0.22 0.44 0.14
29.00 43.19 -443.21 -24.31 380.82 -0.76 -0.96 -0.94 0.98 0.24 0.83 0.31
8.00 12.53 464.35 -186.47 -623.20 -0.07 0.81 -0.52 0.23 0.64 0.32 0.87
9.00 14.83 562.27 46.94 -121.77 -0.25 0.96 -0.42 0.65 0.26 0.23 0.90
7.00 13.62 512.40 -26.18 56.35 -0.22 -0.22 0.10 0.75 0.57 0.26 0.27
10.00 28.66 470.72 -260.68 -42.14 0.57 0.40 -0.57 0.87 0.99 0.20 0.68
12.00 36.41 -481.73 250.45 -474.06 -0.83 0.61 0.21 0.34 0.01 0.92 0.11
13.00 2.07 707.91 322.94 -178.70 -0.43 0.75 -0.09 0.86 0.98 0.66 0.19
9.00 19.89 682.74 119.08 -269.40 -0.09 0.04 0.03 0.73 0.88 0.47 0.56
8.00 0.35 -251.11 -629.82 -192.78 0.13 0.57 -0.15 0.00 0.22 0.57 0.38
34.00 310.78 -564.90 415.90 292.94 0.00 0.91 -0.28 0.85 0.38 0.60 0.61
35.00 283.39 182.11 -17.01 -192.18 0.70 0.50 -0.52 0.37 0.16 0.03 0.16
7.00 10.63 508.24 -234.49 361.53 -0.37 0.99 0.95 0.64 0.06 0.07 0.48
10.00 23.50 -240.70 -90.59 -740.77 0.69 0.34 -0.03 0.82 0.93 0.84 0.89
10.00 16.48 743.22 -156.60 190.04 0.59 0.21 0.30 0.60 0.29 0.25 0.49
12.00 22.78 -21.96 101.46 -440.31 0.96 -0.53 -0.65 0.01 0.77 0.95 0.93
11.00 10.01 402.73 162.94 614.09 0.69 -0.93 0.74 0.83 0.03 0.41 0.48
7.00 11.38 444.98 -656.19 -11.96 0.37 0.81 0.60 0.86 0.17 0.08 0.31
6.00 6.34 557.48 200.59 309.60 -0.30 -0.02 0.22 0.44 0.88 0.50 0.02
14.00 21.70 67.39 102.01 730.67 0.88 0.30 0.02 0.76 0.39 0.79 0.88
9.00 4.77 361.61 4.52 -242.95 -0.63 0.11 0.18 0.95 0.79 0.13 0.32
6.00 3.16 380.52 389.44 -12.75 0.71 -0.10 0.41 0.79 0.00 0.29 0.95
14.00 38.23 -118.12 -120.13 -644.15 0.59 0.85 0.72 0.71 0.08 0.35 0.78
14.00 7.95 463.11 335.70 17.84 -0.66 0.87 0.80 0.58 0.08 0.23 0.18
25.00 163.78 360.29 -48.31 -123.38 0.84 0.66 0.62 0.21 0.75 0.88 0.27
8.00 1.65 228.38 -402.41 131.38 -0.61 -0.98 0.88 0.19 0.42 0.95 0.36
14.00 19.50 192.06 -199.93 266.23 0.63 0.88 0.82 0.90 0.00 0.76 0.17
15.00 14.06 100.03 -96.70 -122.61 0.44 -0.70 -0.77 0.47 0.42 0.82 0.84
13.00 7.23 -77.07 70.26 -139.78 0.57 -0.41 0.00 0.33 0.64 0.32 0.57
20.00 37.35 482.22 86.20 -408.31 -0.28 -0.85 -0.19 0.46 0.66 0.22 0.59
6.00 3.99 132.56 83.70 -556.08 0.40 -0.24 -0.83 0.21 0.38 0.03 0.20
6.00 1.06 -180.07 -174.25 -550.60 0.52 -0.40 0.01 0.00 0.22 0.54 0.41
9.00 17.68 -116.21 -154.64 629.37 0.27 0.43 0.72 0.44 0.50 0.80 0.72
12.00 41.58 -162.48 -574.23 131.49 -0.37 0.48 0.50 0.71 0.62 0.61 0.74
14.00 0.92 -58.39 589.89 452.53 0.29 0.13 -0.87 0.17 0.79 0.35 0.85
10.00 6.59 77.48 554.88 -381.66 -0.82 0.08 0.37 0.41 0.85 0.68 0.98
32.00 62.22 651.20 -90.75 -15.72 -0.22 -0.99 -0.86 0.10 0.80 0.22 0.76
9.00 21.00 394.26 88.64 324.75 0.07 0.82 -0.71 0.19 0.27 0.31 0.03
17.00 0.52 294.56 -708.87 -151.36 0.30 0.62 0.88 0.79 0.83 0.95 0.53
24.00 26.58 -14.50 509.85 -50.08 0.55 -0.76 -0.84 0.69 0.92 0.97 0.72
8.00 12.90 -48.85 -379.11 -130.29 -0.42 -0.51 0.37 0.71 0.34 0.50 0.84
5.00 3.29 223.00 -22.20 263.76 -0.06 -0.53 -0.61 0.01 0.44 0.48 0.44
9.00 14.63 501.40 581.19 193.65 -0.45 -0.06 0.41 0.78 0.13 0.15 0.49
15.00 56.12 -117.69 429.96 564.02 0.10 -0.74 -0.77 0.70 0.10 0.98 0.47
8.00 18.02 66.20 41.17 439.39 0.86 0.29 -0.26 0.26 0.26 0.82 0.45
15.00 29.41 -498.81 451.14 44.65 -0.22 0.54 -0.52 0.00 0.16 0.50 0.43
16.00 27.31 164.20 -561.22 352.23 0.36 0.89 0.29 0.32 0.40 0.49 0.24
26.00 186.67 -263.43 -407.17 336.79 -0.85 -1.00 -0.40 0.82 0.89 0.88 0.80
20.00 105.49 -103.49 -328.11 -378.39 0.89 0.76 -0.17 0.59 0.25 0.20 0.09
10.00 0.97 -255.78 355.20 -48.71 -0.40 -0.27 0.55 0.64 0.91 0.09 0.37
9.00 2.58 719.01 -31.38 341.79 -0.15 -0.69 0.71 0.27 0.55 0.01 0.40
5.00 2.28 -389.28 320.63 -587.54 -0.73 0.37 0.51 0.53 0.91 0.26 0.77
12.00 30.23 125.37 562.20 240.41 -0.47 -0.75 -0.04 0.79 0.54 0.01 0.55
7.00 5.67 -290.37 574.24 276.55 -0.41 0.31 0.39 0.09 0.43 0.84 0.66
8.00 13.40 -664.01 134.06 284.34 -0.60 0.84 0.18 0.57 0.47 0.33 0.66
5.00 4.65 -155.56 134.86 -230.72 -0.63 0.51 0.15 0.63 0.49 0.48 0.45
8.00 2.70 -509.92 -533.69 233.40 0.34 -0.73 -0.29 0.43 0.31 0.72 0.45
27.00 76.41 16.83 327.93 -420.51 -0.76 0.60 0.65 0.55 0.61 0.77 0.43
5.00 5.60 231.42 -534.83 -543.55 0.23 0.48 -1.00 0.39 0.13 0.46 0.34
10.00 17.56 -416.95 588.57 208.10 0.53 -0.68 -0.02 0.01 0.45 0.85 0.94
29.00 180.27 -177.11 -71.93 -543.98 0.75 0.66 1.00 0.82 0.64 0.02 0.62
8.00 10.60 -333.61 -275.35 435.22 -0.15 -0.75 0.44 0.08 0.31 0.89 0.70
5.00 5.01 -523.06 76.03 -455.63 -0.95 -0.45 0.59 0.20 0.00 0.09 0.68
7.00 3.24 706.87 -210.57 -120.18 -0.05 0.12 0.11 0.21 0.50 0.26 0.63
11.00 7.59 -224.35 425.91 -355.35 0.93 0.49 -0.02 0.74 0.90 0.48 0.76
16.00 41.15 133.72 -285.73 499.77 -0.69 0.09 0.49 0.95 0.03 0.13 0.50
8.00 17.39 296.81 728.47 -112.81 0.58 -0.19 0.23 0.23 0.77 0.36 0.08
19.00 7.01 -295.95 381.01 159.09 0.09 0.67 -0.36 0.36 0.99 0.00 0.57
9.00 15.28 -670.88 -200.66 -213.64 -0.03 -0.74 0.24 0.72 0.56 0.57 0.55
9.00 2.81 27.31 -690.43 -238.19 0.12 -0.13 -0.97 0.88 0.62 0.83 0.12
6.00 5.54 148.46 -66.92 -639.49 0.15 -0.51 -0.45 0.52 0.62 0.06 0.67
14.00 15.27 -373.73 70.08 -407.68 0.00 -0.22 0.51 0.35 0.06 0.14 0.01
25.00 6.61 310.16 -548.63 -492.71 0.91 -0.06 0.60 0.46 0.23 0.52 0.06
7.00 1.68 275.93 -696.32 103.30 -0.93 0.38 0.03 0.09 0.69 0.02 0.09
6.00 3.27 -562.80 311.56 147.73 -0.43 -0.35 0.51 0.14 0.44 0.79 0.40
10.00 22.05 162.42 -287.62 -93.46 -0.06 -0.12 -0.97 0.06 0.61 0.04 0.15
7.00 13.71 98.17 342.41 475.76 0.56 -0.93 -0.60 0.87 0.15 0.69 0.17
10.00 8.77 -94.48 71.29 -679.37 -0.48 0.15 0.40 0.48 0.46 0.92 0.31
37.00 148.46 -418.40 44.45 200.77 -0.96 0.45 0.90 0.45 0.02 0.65 0.88
18.00 84.03 -701.17 -79.13 -109.64 -0.43 -0.56 0.46 0.09 0.40 0.26 0.20
9.00 1.56 -307.30 -382.52 -98.19 -0.46 0.14 0.62 0.21 0.11 0.91 0.42
15.00 38.47 224.03 484.92 558.55 -0.68 0.21 -0.94 0.09 0.45 1.00 0.24
10.00 16.87 115.37 451.76 -564.09 -0.49 -0.59 0.83 0.65 0.67 0.65 0.38
24.00 84.00 328.30 383.05 328.42 0.25 0.45 0.10 0.23 0.71 0.92 0.02
18.00 21.87 -432.02 92.09 -613.13 -0.24 0.49 0.06 0.28 0.51 0.20 0.07
5.00 4.89 46.97 -190.06 202.16 -0.47 -0.71 0.82 0.56 0.95 0.69 0.67
7.00 0.34 404.25 -115.49 217.43 -0.38 -0.25 -0.79 0.78 0.28 0.18 0.59
6.00 6.43 -19.64 -244.21 641.01 0.38 -0.03 0.95 0.65 0.02 0.55 0.39
9.00 12.09 11.52 -694.59 -332.51 -0.75 0.45 -0.25 0.73 0.74 0.17 0.51
26.00 94.67 -401.08 -209.94 -468.04 0.34 0.78 -0.65 0.49 0.28 0.12 0.16
5.00 0.83 275.62 262.57 302.17 -0.90 0.57 0.42 0.05 0.67 0.51 0.73
12.00 15.23 343.26 350.53 379.64 0.86 -0.03 0.21 0.59 0.60 0.93 0.21
6.00 5.55 -395.42 -259.83 5.50 -0.09 -0.70 0.61 0.92 0.87 0.66 0.91
14.00 43.81 86.83 527.52 27.25 0.69 -0.32 0.98 0.01 0.94 0.86 0.46
5.00 6.70 54.62 24.27 -131.24 -0.97 -0.38 0.72 0.16 0.86 0.40 0.14
5.00 4.59 -770.36 92.70 7.44 0.38 1.00 0.30 0.87 0.73 0.01 0.40
16.00 46.14 -99.24 713.67 199.49 -0.75 0.72 -0.94 0.62 0.21 0.79 0.28
22.00 95.64 382.02 126.95 355.35 -0.65 -0.52 0.38 0.02 0.36 0.27 0.15
15.00 63.16 -101.21 -483.83 -509.71 -0.78 -0.08 0.17 0.33 0.70 0.87 0.85
5.00 6.96 -46.53 21.42 -631.85 0.62 0.95 -0.09 0.42 0.91 0.30 0.78
7.00 13.52 217.87 -413.67 -580.08 0.94 0.33 -0.97 0.17 0.40 0.91 0.34
15.00 12.02 -164.83 -185.10 190.63 -0.91 -0.61 -0.02 0.75 0.51 0.48 0.87
14.00 55.78 29.29 -265.38 -108.31 -0.20 -0.26 0.67 0.06 0.50 0.61 0.23
5.00 0.89 -175.47 439.57 -333.32 -0.10 0.46 -0.53 0.44 0.82 0.89 0.44
9.00 19.00 381.99 -254.90 245.25 -0.09 0.88 -0.93 0.70 0.26 0.35 0.83
8.00 2.03 89.01 -300.07 -594.15 -0.88 0.69 0.41 0.55 0.98 0.27 0.47
8.00 6.51 -259.63 220.81 -487.61 0.96 -0.58 -0.99 0.23 0.70 0.25 0.30
22.00 28.30 725.93 -73.58 157.97 -0.40 0.09 -0.99 0.35 0.81 0.44 0.79
18.00 14.34 -647.02 -49.14 84.87 -0.04 0.28 0.74 0.53 0.20 0.44 0.04
9.00 15.77 -539.51 -292.61 357.80 -0.33 -0.45 0.28 0.88 0.01 0.49 0.32
13.00 44.20 67.81 -196.21 -579.97 0.27 0.14 -0.86 0.38 0.62 0.22 0.55
38.00 351.66 153.05 -315.46 383.26 -0.33 0.56 -0.05 0.49 0.77 0.10 0.31
16.00 41.07 -167.22 -162.63 733.68 0.28 0.64 -0.56 0.78 0.98 0.67 0.89
6.00 0.62 -36.06 -75.59 -583.21 -0.71 -0.45 -0.02 0.48 0.26 0.78 0.58
7.00 5.54 85.88 -102.63 742.03 -0.57 0.09 0.90 0.07 0.18 0.75 0.63
24.00 50.27 -690.21 81.12 368.67 0.28 -0.12 0.91 0.38 0.32 0.01 0.17
10.00 14.74 674.37 227.27 220.10 -0.93 0.18 0.24 0.06 0.95 0.26 0.70
13.00 8.33 475.14 -158.22 493.42 0.57 -0.98 -0.77 0.41 0.20 0.25 0.03
13.00 18.48 -194.91 336.05 -588.34 0.37 -0.05 -0.76 0.81 0.20 0.52 0.08
18.00 79.69 86.08 -343.84 -296.19 0.70 0.94 0.78 0.21 0.15 0.78 0.52
11.00 8.43 282.96 211.02 -486.89 -0.82 -0.56 0.99 0.78 0.68 0.81 0.22
11.00 9.43 318.45 -3.91 538.28 -0.64 0.79 0.71 0.13 0.88 0.28 0.45
5.00 2.95 -2.67 -622.74 -89.78 0.93 -0.67 -0.24 0.67 0.90 0.92 0.11
25.00 105.27 -100.32 -347.23 -206.69 0.07 -0.47 0.54 0.82 0.60 0.97 0.04
12.00 4.68 -378.06 373.52 507.85 -0.22 -0.36 -0.40 0.43 0.02 0.30 0.05
8.00 15.07 -629.40 -331.71 -247.06 -0.07 -0.33 -0.58 0.77 0.92 0.78 0.04
8.00 11.69 -536.65 345.94 -351.13 0.44 -0.61 -0.63 0.25 0.30 0.26 0.42
14.00 9.80 -467.36 202.91 585.38 0.97 -0.41 -0.25 0.19 0.72 0.26 0.95
13.00 20.18 -125.49 -300.52 667.40 -0.54 0.44 -0.35 0.91 0.96 0.90 0.76
6.00 4.64 -381.15 -89.66 88.62 0.63 -0.93 -0.55 0.08 0.69 0.19 0.05
12.00 29.53 446.44 164.35 333.29 -0.61 -0.47 -0.75 0.28 0.44 0.60 0.57
8.00 10.04 -94.65 25.36 209.91 -0.28 0.55 0.85 0.95 0.71 0.37 0.89
6.00 6.54 590.44 -201.36 41.42 -0.82 -0.14 -0.85 0.32 0.07 0.45 0.84
11.00 27.48 382.85 632.53 -292.15 0.24 0.17 0.96 0.70 0.85 0.05 0.09
5.00 0.15 -408.53 194.23 312.68 -0.79 0.43 0.22 0.89 0.80 0.43 0.22
17.00 7.60 256.33 105.26 -183.03 0.90 0.20 -0.55 0.25 0.35 0.81 0.11
34.00 32.97 539.41 113.25 -301.96 0.42 0.79 -0.11 0.74 0.50 0.54 0.34
7.00 11.90 -187.46 219.36 -63.39 0.19 0.08 -0.96 0.47 0.95 0.27 0.15
16.00 11.26 626.12 263.51 238.14 0.13 -0.67 -0.09 0.60 0.83 0.43 0.26
22.00 73.79 -127.70 -227.02 -92.91 -0.12 0.74 -0.39 0.83 0.21 0.18 0.55
9.00 19.10 163.09 -212.35 -731.28 -0.21 0.37 0.08 0.53 0.39 0.24 0.10
26.00 108.40 8.69 -543.51 -328.68 0.01 0.21 -0.27 0.06 0.51 0.53 0.65
22.00 65.86 -708.78 244.53 13.95 -0.29 0.59 0.45 0.65 0.72 0.34 0.46
14.00 51.88 -778.83 -154.56 -48.51 0.31 0.39 0.20 0.85 0.12 0.92 0.55
7.00 0.38 399.22 326.85 -592.94 -0.83 -0.11 -0.34 0.49 0.83 0.03 0.50
30.00 226.05 -221.38 -429.96 380.13 0.09 0.37 -0.04 0.85 0.62 0.98 0.80
8.00 2.12 398.82 34.02 -43.47 0.22 0.28 -0.44 0.50 0.93 1.00 0.38
7.00 7.57 -205.73 322.96 -57.22 -0.85 -0.52 -0.16 0.26 0.64 0.03 0.65
13.00 48.20 -287.09 -614.82 -385.64 -0.83 -0.24 0.16 0.45 0.72 0.69 1.00
16.00 52.45 -89.79 -402.74 380.82 -0.35 0.19 -0.51 0.70 0.79 0.71 0.98
17.00 10.26 253.42 83.37 -326.50 0.61 0.56 -0.67 0.41 0.71 0.48 0.78
10.00 28.00 -76.82 -332.87 -141.75 -0.21 0.35 0.32 0.02 0.18 0.18 0.95
7.00 7.13 -95.46 -541.40 21.35 0.21 -0.31 -0.45 0.30 0.15 0.81 0.77
24.00 51.81 -45.26 -686.70 402.07 -0.63 0.40 -0.23 0.41 0.40 0.02 0.62
14.00 25.88 -281.40 -184.59 329.50 -0.21 -0.95 0.60 0.43 0.69 0.25 0.34
6.00 5.14 -538.78 231.19 59.47 0.68 -0.86 -0.42 0.81 0.59 0.90 0.02
27.00 101.91 -671.17 -130.78 19.56 -0.78 0.13 0.47 0.77 0.87 0.67 0.64
33.00 222.32 -14.49 69.36 222.07 0.04 0.39 -0.16 0.99 0.43 0.86 0.33
6.00 5.63 -381.66 -308.01 315.67 -0.86 -0.01 0.80 0.56 0.56 0.88 0.63
10.00 12.80 238.11 20.38 -715.44 0.17 -0.74 -0.84 0.73 0.71 0.35 0.77
10.00 28.29 -129.77 -312.54 25.13 0.38 -0.13 0.36 0.99 0.78 0.75 0.59
5.00 3.68 82.47 81.15 -250.55 -0.93 -0.44 0.22 0.37 0.48 0.57 0.84
10.00 16.84 370.41 -274.64 157.08 0.18 0.41 0.01 0.28 0.92 0.83 0.75
14.00 22.45 -517.89 -360.05 -249.68 -0.18 0.50 -0.13 0.82 0.45 0.19 0.11
15.00 37.22 108.56 -112.00 -165.65 -0.09 -0.98 -0.21 0.88 0.33 0.24 1.00
36.00 36.48 228.70 -575.52 -81.28 -0.64 0.17 0.22 0.06 0.67 0.15 0.36
11.00 26.23 118.42 -28.33 19.43 0.74 -0.90 -0.06 0.66 0.49 0.74 0.65
7.00 5.00 -362.50 -30.26 570.54 -1.00 0.56 -0.92 0.41 0.96 0.39 0.75
5.00 1.62 261.87 -112.90 -550.67 0.04 -0.18 0.40 0.59 0.50 0.58 0.93
5.00 5.02 159.13 229.98 -488.25 -0.90 0.14 0.13 0.80 0.21 0.00 0.96
8.00 16.09 -139.82 49.62 440.06 0.42 -0.18 0.99 0.07 0.36 0.13 0.03
8.00 0.55 -226.48 289.56 690.54 0.82 0.94 0.10 0.06 0.93 0.82 0.78
9.00 15.74 61.94 -179.02 -443.68 0.78 0.98 -0.48 0.43 0.61 0.05 0.91
11.00 30.45 -203.01 -167.81 707.14 0.50 -0.70 -0.12 0.48 0.80 0.75 0.32
6.00 8.60 393.18 334.68 -530.71 0.54 -0.50 0.32 0.46 0.44 0.49 0.47
29.00 70.76 -624.03 -184.32 192.94 0.46 -0.02 0.86 0.10 0.92 0.57 0.88
5.00 6.28 -478.73 -28.15 -148.62 -0.89 -0.96 -0.40 0.93 0.32 0.53 0.42
5.00 0.64 -110.36 515.10 -388.84 -0.99 -0.88 -0.19 1.00 0.39 0.87 0.96
6.00 4.33 1.63 796.71 -19.27 -0.74 -0.73 -0.47 0.92 0.90 0.74 0.84
8.00 12.09 -267.35 630.71 21.91 -0.18 -0.22 0.06 0.38 0.02 0.62 0.98
5.00 6.50 -444.84 421.07 -328.59 -0.36 0.94 0.63 0.07 0.51 0.08 0.27
7.00 7.83 -238.96 -6.70 356.62 0.99 0.16 0.46 0.79 0.83 0.66 0.54
11.00 13.53 687.72 183.06 274.72 0.07 0.20 -0.25 0.50 0.53 0.54 0.25
6.00 10.26 60.42 162.10 -774.52 -0.61 -0.54 0.85 0.60 0.74 0.87 0.51
5.00 1.54 366.05 347.68 617.70 -0.28 0.61 0.98 0.53 0.60 0.58 0.07
12.00 6.89 640.16 -64.68 246.59 0.05 0.07 0.12 0.52 0.21 0.62 0.17
8.00 11.84 -151.17 480.72 -181.04 -0.01 -0.11 -0.84 0.24 0.95 0.09 0.10
5.00 1.14 -291.81 518.78 386.04 0.73 0.04 0.47 0.22 0.32 0.53 0.81
14.00 50.41 -583.34 -143.39 277.20 0.44 -0.89 0.77 0.77 0.92 0.56 0.44
8.00 12.75 -476.57 61.08 -30.52 0.22 -0.41 -0.55 0.16 0.78 0.28 0.42
9.00 20.73 165.99 -576.31 -503.07 -0.96 0.36 -0.81 0.09 0.54 0.71 0.26
11.00 9.78 -233.93 -569.53 -35.97 0.28 0.96 -0.70 0.60 0.63 0.89 0.27
12.00 14.36 751.17 -102.23 131.23 -0.31 0.81 0.36 0.09 0.93 0.10 0.75
5.00 3.85 630.49 95.50 -6.83 0.66 0.46 -0.44 0.12 0.81 0.72 0.12
20.00 115.02 -610.47 -292.71 -41.57 -0.92 0.64 0.61 0.32 0.51 0.34 0.52
8.00 14.09 -260.68 -116.83 483.87 -0.09 0.73 0.57 0.80 0.50 0.15 0.00
16.00 25.86 -370.61 -302.74 32.93 -0.34 -0.90 -0.90 0.02 0.27 0.37 0.46
22.00 95.08 169.08 -492.22 172.33 0.06 -0.49 -0.26 0.62 0.42 0.05 0.77
5.00 6.02 666.74 208.70 -5.08 -0.62 -0.65 0.35 0.33 0.50 0.04 0.11
24.00 148.63 -87.06 207.33 90.82 0.75 -0.83 0.38 0.25 0.66 0.51 0.43
23.00 132.26 352.22 228.64 -645.81 0.75 0.77 0.76 0.98 0.49 0.37 0.57
15.00 44.13 488.18 287.70 -364.23 -0.44 0.52 -0.28 0.29 0.97 0.23 0.56
7.00 3.33 -561.05 136.08 -486.20 0.80 0.52 -0.27 0.18 0.17 0.85 0.65
17.00 38.02 -76.23 60.34 -364.81 -0.62 0.73 0.57 0.17 0.05 0.33 0.69
5.00 2.70 80.78 -359.83 330.11 -0.59 0.20 0.03 0.11 0.30 0.87 0.32
16.00 13.39 -72.45 -220.57 -272.98 -0.97 0.65 -0.56 0.04 0.50 0.66 0.22
8.00 15.54 621.01 10.25 -43.59 0.31 -0.37 -0.13 0.88 0.24 0.61 0.01
11.00 26.04 65.10 -570.54 272.73 0.70 0.59 0.88 0.51 0.71 0.82 0.65
12.00 26.15 66.17 -421.83 455.84 -0.31 -0.73 0.16 0.59 0.37 0.22 0.28
9.00 17.83 -651.95 -211.85 144.52 0.88 -0.32 0.32 0.28 0.87 0.55 0.74
5.00 1.56 42.44 451.38 -607.61 -0.92 -0.63 0.02 0.10 0.78 0.73 0.39
5.00 6.47 132.38 -172.61 179.58 -0.87 0.66 -0.83 0.55 0.41 0.33 0.63
12.00 38.86 419.35 -450.70 332.58 0.28 0.24 0.53 0.82 0.59 0.35 0.74
17.00 48.14 19.96 15.42 -231.96 -0.55 0.35 0.50 0.07 0.71 0.56 0.67
7.00 6.93 -515.10 395.17 281.26 -0.49 0.65 -0.54 0.73 0.33 0.54 0.51
11.00 22.91 -247.64 379.08 480.95 -0.25 -0.15 -0.89 0.66 0.60 0.27 0.04
8.00 6.08 -403.53 -137.03 501.20 -0.06 0.60 -0.08 0.96 0.81 0.68 0.51
5.00 5.58 -633.90 142.18 -239.99 0.28 0.63 0.23 0.62 0.57 0.76 0.59
5.00 5.50 85.87 593.94 -164.13 0.57 0.29 -0.29 0.53 0.42 0.09 0.12
11.00 35.11 -61.28 243.72 50.27 -0.13 0.67 -0.01 0.88 0.10 0.47 0.92
8.00 7.44 539.88 -0.69 82.31 0.11 -0.73 -0.46 0.68 0.21 0.85 0.13
10.00 0.85 -575.77 -64.20 -407.11 0.41 0.68 0.53 0.08 0.24 0.56 0.55
5.00 1.52 207.98 274.91 67.51 0.10 -0.23 -0.29 0.86 0.76 0.88 0.26
12.00 31.80 151.53 204.95 639.46 -0.15 0.25 -0.11 0.12 0.96 0.71 0.98
9.00 7.64 252.47 -152.95 -470.37 -0.70 0.41 -0.48 0.52 0.76 0.40 1.00
36.00 210.43 366.49 524.68 82.82 0.34 -0.68 0.86 0.15 0.88 0.56 0.82
6.00 1.86 -10.87 403.96 167.16 0.44 -0.65 0.31 0.10 0.20 0.14 0.33
5.00 4.76 397.09 -487.65 5.94 -0.50 0.56 0.01 0.73 0.14 0.40 0.45
12.00 37.72 764.95 -7.73 83.04 -0.25 -0.67 0.33 0.42 0.22 0.21 0.53
7.00 6.64 470.62 462.48 -417.94 -0.80 0.04 -0.15 0.78 0.48 0.83 0.42
6.00 4.40 -411.15 -537.78 -58.68 -0.29 -0.24 -0.98 0.60 0.93 0.17 0.50
17.00 73.21 658.58 -43.95 36.69 0.42 0.27 -0.54 0.61 0.79 0.09 0.36
5.00 2.76 -359.35 -124.27 56.67 0.58 0.90 0.03 0.33 0.24 0.36 0.33
12.00 35.32 -27.22 -709.38 247.79 -0.38 -0.06 0.87 0.08 0.75 0.81 0.27
8.00 15.54 -108.06 -250.46 -482.77 -0.26 0.82 -0.24 0.93 0.87 0.56 0.99
31.00 68.90 -390.35 468.86 -324.40 -0.92 0.13 -0.11 0.17 0.21 0.05 0.83
7.00 12.42 -27.27 367.10 -535.52 0.01 -0.38 0.71 0.90 0.64 0.44 0.72
20.00 31.85 -193.28 -522.66 -269.16 -0.09 -0.55 -0.81 0.10 0.28 0.51 0.29
15.00 28.33 -351.76 22.21 334.70 0.10 0.77 -0.37 0.05 0.60 0.13 0.64
16.00 54.31 605.74 -194.03 164.30 -0.63 -0.38 0.33 0.91 0.19 0.52 0.04
19.00 45.83 -658.31 181.68 241.49 0.27 0.82 0.45 0.28 0.17 0.24 0.02
24.00 82.24 -122.69 -108.80 519.89 0.40 0.15 0.83 0.47 0.98 0.90 0.17
13.00 32.57 -477.13 -601.54 131.72 0.85 -0.01 0.79 0.16 0.32 0.49 0.79
11.00 19.52 160.68 366.80 -434.28 0.58 -0.32 0.39 0.54 0.33 0.78 0.31
29.00 55.67 -17.26 10.46 -716.94 -0.09 -0.48 0.63 0.96 0.97 0.86 0.50
17.00 78.43 90.65 -148.61 -432.89 0.12 0.53 0.31 0.20 0.98 0.08 0.66
5.00 3.70 480.03 -40.77 171.65 -0.90 -0.54 -0.98 0.20 0.84 0.33 0.35
23.00 108.98 -197.73 64.60 349.13 0.96 0.98 0.91 0.68 0.91 0.38 0.25
26.00 12.89 -197.13 -299.86 -704.35 -0.04 -0.26 -0.50 0.18 0.72 0.60 0.26
8.00 5.36 85.63 -691.82 -172.46 0.21 0.36 0.16 0.59 0.45 0.74 0.32
8.00 16.14 -603.02 203.19 96.81 -0.98 -0.28 -0.74 0.90 0.12 0.22 0.61
7.00 2.79 -87.85 -8.88 213.26 -0.09 -0.67 -0.86 0.34 0.08 0.52 0.18
5.00 5.73 213.66 343.98 -183.97 -0.13 -0.50 -0.50 0.01 0.90 0.42 0.51
6.00 9.47 56.30 667.04 76.95 -0.90 0.70 -0.12 0.82 0.71 0.07 0.98
5.00 3.31 186.23 -674.09 145.87 0.51 0.89 -0.36 0.35 0.27 0.25 0.17
12.00 33.98 -90.83 -779.82 78.03 -0.89 -0.05 0.80 0.39 0.78 0.39 0.31
30.00 136.74 54.67 223.60 -229.29 -0.53 -0.00 0.37 0.67 0.25 0.74 0.59
6.00 10.43 -331.59 -628.80 -357.16 -0.22 0.52 0.94 0.92 0.85 0.49 0.85
7.00 6.86 -585.57 -164.03 -347.36 -0.23 -0.34 0.33 0.66 0.23 0.73 0.43
17.00 48.71 -416.63 -296.40 453.04 -0.20 -0.73 -0.44 0.48 0.22 0.66 0.50
11.00 23.59 365.72 40.24 -291.24 -0.02 -0.64 0.03 0.88 0.67 0.21 0.24
11.00 32.63 -498.32 -405.77 383.40 0.18 0.20 -0.70 1.00 0.37 0.81 0.02
11.00 5.20 -209.67 434.36 -17.27 0.69 0.36 -0.82 0.12 0.60 0.50 0.22
8.00 1.83 -213.31 287.82 -155.19 0.61 -0.82 -0.33 0.49 0.84 0.43 0.86
9.00 12.18 118.92 62.95 462.08 -0.95 0.58 0.94 0.07 0.34 0.78 0.25
11.00 17.60 -20.41 -460.00 -134.09 0.83 0.80 -0.16 0.82 0.76 0.89 0.74
8.00 2.62 121.46 -530.86 539.26 0.39 -0.18 0.87 0.57 0.63 0.43 0.67
7.00 0.45 -15.93 -543.63 461.40 -0.11 0.26 -0.50 0.08 0.62 0.33 0.57
14.00 13.26 697.40 41.21 -179.97 0.49 1.00 -0.02 0.14 0.06 0.62 0.07
29.00 154.14 514.09 -216.19 41.96 -0.61 0.32 -0.68 0.45 0.05 0.16 1.00
22.00 79.39 478.14 554.81 -267.27 0.56 0.01 0.60 0.73 0.29 0.40 0.28
7.00 11.94 -720.14 115.85 -327.34 -0.44 -0.45 0.78 0.20 0.94 0.77 0.29
10.00 13.64 395.41 -259.73 81.31 -0.56 0.86 -0.17 0.19 0.29 0.65 0.03
6.00 10.06 -150.65 -76.40 -680.37 0.19 0.94 0.59 0.51 0.32 0.89 0.77
7.00 12.28 32.52 508.87 215.48 0.01 -0.13 0.13 0.59 0.01 0.33 0.21
8.00 0.53 424.97 149.53 108.72 -0.81 0.16 0.00 0.66 0.17 0.73 0.31
10.00 26.19 -310.81 298.58 -335.14 -0.26 -0.76 0.81 0.85 0.59 0.28 0.01
5.00 6.03 494.38 -307.97 -415.62 0.59 0.56 -0.49 0.26 0.91 0.20 0.55
10.00 6.91 -435.39 -192.24 378.76 0.78 -0.40 -0.64 0.17 0.13 0.54 0.13
10.00 12.15 383.15 6.46 -149.11 0.85 -0.79 0.44 0.34 0.53 0.70 0.14
15.00 61.58 -12.96 247.54 -185.70 -0.64 0.34 0.09 0.45 0.46 0.63 0.10
9.00 23.26 -109.81 156.87 -277.47 -0.14 0.14 -0.75 0.98 0.52 0.96 0.64
9.00 8.87 111.31 -354.91 -467.21 0.87 0.59 -0.35 0.95 0.28 0.19 0.39
5.00 2.44 -201.48 408.87 258.99 -0.16 -0.65 -0.20 0.81 0.95 0.77 0.64
9.00 7.65 -26.95 355.81 -241.68 -0.09 0.06 0.65 0.80 0.67 0.73 0.72
8.00 0.41 147.96 -352.10 -481.73 -0.85 -0.88 -0.44 0.18 0.89 0.74 0.28
6.00 3.03 187.97 -281.36 329.03 0.81 -0.49 -0.15 0.01 0.01 0.80 0.67
6.00 3.18 -603.56 -60.18 -179.69 -0.61 0.54 -0.82 0.99 0.88 0.09 0.02
7.00 11.44 -163.84 -224.15 -293.58 0.16 0.91 0.21 0.66 0.30 0.16 0.84
10.00 0.16 3.05 -624.04 445.71 -0.16 0.28 0.75 0.12 0.57 0.35 0.69
5.00 4.89 369.27 374.16 -366.01 -0.06 0.00 -0.35 0.47 0.55 0.52 0.54
9.00 7.85 263.32 -4.60 420.59 -0.49 -0.06 -0.15 0.89 0.43 0.39 0.85
7.00 1.34 -582.80 252.06 -42.26 -0.64 -0.02 0.31 0.69 0.48 0.71 0.16
7.00 8.54 501.26 368.67 146.34 -0.37 -0.78 -0.56 0.10 0.04 0.53 0.99
6.00 6.03 -339.69 368.46 -402.03 0.92 -0.87 0.00 0.07 0.76 0.03 0.40
7.00 0.49 -137.15 512.02 558.19 -0.42 0.67 0.88 0.81 0.29 0.43 0.46
5.00 1.13 -237.29 440.62 316.93 0.20 0.49 0.24 0.75 0.57 0.85 0.05
11.00 31.42 -267.20 -210.93 -340.33 0.24 0.75 -0.30 0.54 0.85 0.76 0.87
5.00 3.65 355.94 269.94 219.75 -0.26 0.44 -0.98 0.92 0.25 0.04 0.04
6.00 9.20 -127.75 -391.66 -40.12 0.32 -0.72 -0.10 0.15 0.74 0.30 0.94
9.00 16.61 437.37 246.07 330.48 0.56 -0.52 0.64 0.73 0.56 0.40 0.62
8.00 9.61 -382.10 -635.30 -166.66 -0.95 0.83 0.64 0.88 0.01 0.90 0.05
11.00 5.36 -146.37 -696.90 189.93 -0.14 0.46 0.20 0.56 0.64 0.78 0.26
13.00 35.80 64.44 482.64 -31.55 0.18 -0.16 0.25 0.63 0.06 0.16 0.10
19.00 25.79 -132.74 -473.36 462.74 -0.64 0.58 -0.29 0.46 0.75 0.54 0.29
21.00 49.07 -668.51 -381.31 -120.75 -0.19 0.57 0.05 0.02 0.35 0.85 0.99
25.00 36.51 65.20 270.34 -340.81 -0.83 -0.84 -0.72 0.89 0.60 0.41 0.42
15.00 59.11 -507.80 -355.18 -146.91 0.11 0.62 0.55 0.55 0.61 0.02 0.54
6.00 3.28 -655.17 76.49 184.06 -0.89 0.21 -0.17 0.53 0.80 0.12 0.66
8.00 10.06 -166.69 -289.14 83.03 -0.71 0.34 0.08 0.88 0.15 0.64 0.85
16.00 4.07 -315.62 165.79 242.53 -0.37 0.68 0.04 0.81 0.51 0.57 0.73
9.00 4.18 427.07 25.28 233.69 -0.18 -0.30 0.69 0.62 0.56 0.70 0.96
11.00 4.47 253.30 -4.36 -356.52 0.33 -0.84 0.49 0.38 0.80 0.99 0.32
25.00 68.52 193.09 627.28 -447.95 0.36 0.97 0.57 0.53 0.60 0.96 0.30
25.00 0.31 452.85 404.67 -510.02 -0.75 0.36 -0.97 0.96 0.81 0.13 0.98
5.00 1.77 393.73 179.64 -564.98 -0.82 0.17 0.82 0.75 0.77 0.10 0.50
5.00 5.27 -358.72 -679.23 202.34 -0.99 0.13 -0.01 0.63 0.53 0.73 0.70
7.00 10.82 -16.19 -117.34 540.51 0.77 0.54 -0.06 0.39 0.11 0.77 0.93
13.00 10.39 773.12 -17.31 -105.16 0.00 0.18 -0.60 0.62 0.91 0.20 0.93
12.00 12.38 -261.83 -322.72 400.46 0.71 -0.85 0.43 0.74 0.84 0.40 0.25
13.00 16.99 -91.45 -440.93 -209.02 -0.98 -0.86 0.29 0.53 0.55 0.80 0.19
5.00 0.98 -550.53 -22.54 -1.31 0.64 0.71 0.48 0.84 0.37 0.17 0.22
10.00 0.36 239.82 508.81 531.08 0.27 -0.62 -0.32 0.59 0.79 0.33 0.28
10.00 3.52 -128.82 742.43 -151.27 0.60 -0.41 -0.19 0.39 0.23 0.29 0.16
9.00 6.62 -11.99 429.39 -406.23 0.95 -0.78 -0.28 0.90 0.91 0.69 0.56
7.00 9.46 -524.01 373.15 -343.74 0.98 0.30 -0.25 0.53 0.40 0.67 0.80
6.00 5.58 402.36 -220.66 31.61 0.71 -0.94 -0.71 0.77 0.97 0.96 0.95
9.00 12.17 309.40 -139.32 -227.57 -0.06 0.88 0.26 0.63 0.60 0.47 0.63
10.00 16.74 91.51 8.81 -705.20 -0.82 -0.79 -0.01 0.31 0.26 0.11 0.03
13.00 47.76 -600.97 348.04 -207.24 0.90 0.24 -0.96 0.20 0.09 0.12 0.63
5.00 5.35 169.98 -335.69 -280.96 0.41 -0.04 -0.21 0.42 0.92 0.54 0.91
18.00 57.00 -475.85 -309.68 -214.20 0.91 -0.91 1.00 0.38 0.92 0.13 0.79
5.00 0.56 656.71 232.81 380.30 0.28 0.94 -0.22 0.82 0.54 0.96 0.61
7.00 13.32 -44.40 254.49 -678.93 0.87 0.12 -0.36 0.30 0.60 0.16 0.13
21.00 45.81 108.75 -358.85 679.68 0.42 -0.00 -0.17 0.03 0.85 0.00 0.57
8.00 3.34 -178.69 -598.60 -477.12 -0.74 -0.68 0.44 0.44 0.41 0.19 0.93
9.00 16.82 -81.73 146.16 1.06 -0.35 -0.36 -0.52 0.67 0.69 0.57 0.88
10.00 20.91 182.92 -80.87 478.43 0.34 0.99 -0.76 0.09 0.76 0.08 0.54
6.00 1.74 659.14 72.02 -199.70 0.76 -0.95 -0.18 0.50 0.49 0.72 0.78
37.00 232.21 513.11 -38.51 541.90 0.00 -0.32 -0.73 0.13 0.57 0.68 0.47
6.00 3.01 267.46 216.58 -377.19 -0.87 0.75 0.94 0.76 0.99 0.62 0.10
13.00 31.84 -683.51 -319.30 264.87 0.09 0.67 0.08 0.06 0.35 0.62 0.12
12.00 36.12 -270.68 -172.17 -146.46 -0.30 0.47 0.72 0.52 0.03 0.76 0.67
8.00 12.59 455.37 487.95 318.47 0.02 0.63 -0.00 0.19 0.52 0.50 0.78
12.00 37.32 282.80 -634.15 -122.29 -0.55 -0.49 0.30 0.06 0.33 0.82 0.83
9.00 18.81 -98.03 134.13 -550.35 0.39 0.83 -0.85 0.02 0.99 0.90 0.00
5.00 7.05 437.55 201.11 -532.12 -0.23 0.97 -0.64 0.02 0.09 0.99 0.02
10.00 7.44 261.65 182.08 178.49 0.66 -0.52 0.83 0.97 0.62 0.50 0.78
12.00 30.99 58.16 -627.15 459.08 0.43 -0.84 -0.85 0.68 0.15 0.85 1.00
6.00 2.16 573.45 -94.58 114.76 -0.28 -0.14 -0.71 0.54 0.25 0.28 0.65
9.00 1.47 -383.46 -298.39 -241.46 0.76 -0.17 -0.97 0.58 0.30 0.45 0.29
5.00 6.71 423.39 -20.74 3.36 0.93 0.40 -0.26 0.58 0.60 0.09 0.41
9.00 22.37 -588.62 438.06 113.34 -0.60 -0.22 -0.93 0.73 0.50 0.62 0.03
14.00 15.60 281.79 -298.50 -214.46 -0.51 0.43 -0.69 0.61 0.82 0.50 0.25
16.00 20.37 10.29 289.25 -206.71 -0.18 -0.97 -0.98 0.10 0.16 0.13 0.86
5.00 4.65 -503.14 315.21 440.96 0.78 -0.79 0.59 0.99 0.68 0.70 0.33
26.00 34.24 -508.92 127.55 -321.21 0.49 -0.65 0.23 0.24 0.51 0.65 0.30
10.00 5.50 -759.82 124.89 133.67 -0.06 0.26 0.12 0.60 0.86 0.20 0.49
21.00 110.91 -7.08 246.70 98.49 -0.24 0.48 0.24 0.32 0.71 0.82 0.82
7.00 0.04 -388.97 548.18 192.16 0.22 0.88 0.30 0.33 0.18 0.87 0.06
27.00 15.71 205.03 61.86 -613.25 -0.64 0.39 0.53 0.07 0.68 0.03 0.39
6.00 0.42 -260.30 -303.10 -396.09 0.77 0.06 0.93 0.30 0.61 0.34 0.52
5.00 1.29 -370.41 73.53 94.08 0.24 0.20 -0.75 0.80 0.93 0.81 0.48
13.00 18.84 268.53 623.85 199.50 0.41 -0.31 -0.94 0.53 0.14 0.35 0.07
7.00 3.73 -112.66 201.93 -757.67 -0.73 -0.37 0.16 0.40 0.11 0.71 0.46
5.00 0.45 -198.15 -236.49 480.08 0.55 -0.11 -0.42 0.65 0.24 0.96 0.05
13.00 46.44 -439.38 -67.52 -288.67 -0.65 0.73 0.96 0.47 0.47 0.81 0.04
9.00 22.77 380.48 -535.93 -148.45 -0.48 0.70 -0.85 0.25 0.88 0.99 0.63
29.00 158.44 311.69 688.13 -88.95 0.30 0.17 -0.02 0.72 0.35 0.20 0.38
16.00 39.30 -403.49 506.39 -151.08 0.22 -0.18 -0.89 0.49 0.91 0.53 0.27
20.00 115.70 -542.78 350.10 -71.64 -0.81 -0.78 0.18 0.94 0.22 0.64 0.41
24.00 149.30 -433.75 49.20 108.77 -0.78 -0.58 -0.71 0.74 0.32 0.76 0.96
7.00 7.43 -340.73 202.55 -230.26 -0.51 0.64 0.69 0.63 0.01 0.63 0.24
8.00 3.27 356.33 168.65 677.44 0.17 -0.21 -0.27 0.36 0.36 0.23 0.31
31.00 85.77 713.87 159.28 148.09 0.34 0.07 0.24 0.49 0.92 0.13 0.41
14.00 19.63 223.71 -439.73 -565.78 0.73 0.51 -0.05 0.82 0.23 0.28 0.20
14.00 22.88 -245.16 215.27 666.28 0.65 -0.19 0.51 0.37 0.29 0.64 0.02
15.00 18.70 471.05 -387.48 408.36 -0.48 -0.95 0.56 0.44 0.44 0.56 0.88
10.00 22.89 -233.61 -489.53 -240.38 -0.05 0.23 0.09 0.93 0.43 0.50 0.32
14.00 24.66 -401.46 309.99 -382.01 0.52 0.74 0.95 0.56 0.32 0.26 0.38
8.00 11.72 -125.54 -122.59 -95.74 0.99 0.19 0.58 0.68 0.65 0.43 0.09
5.00 3.85 -67.39 182.78 169.99 -0.80 -0.87 -0.39 0.33 0.85 0.13 0.86
9.00 15.89 -325.19 -44.82 128.71 -0.48 0.32 0.60 0.87 0.45 0.03 0.63
5.00 4.49 344.12 523.80 -369.34 -0.46 -0.82 -0.71 0.85 0.87 0.39 0.12
12.00 31.31 475.71 -35.19 231.95 -0.85 -0.14 -0.25 0.89 0.02 0.58 0.01
5.00 0.81 -133.39 167.56 -450.20 0.32 0.55 -0.57 0.48 0.97 0.83 0.37
5.00 6.47 -142.16 410.70 58.46 0.06 0.16 0.49 0.36 0.33 0.41 0.49
9.00 3.29 -141.00 -118.56 -301.14 0.79 0.56 -0.09 0.60 0.14 0.34 0.16
5.00 4.29 100.40 482.30 -283.87 0.40 0.70 -0.77 0.75 0.36 0.85 0.31
6.00 5.02 498.80 458.27 -276.88 0.78 0.52 0.71 0.69 0.71 0.76 0.89
10.00 12.24 171.06 556.59 100.58 -0.74 -0.16 0.92 0.94 0.82 0.97 0.61
6.00 1.78 126.08 672.76 318.00 -0.17 -0.45 -0.95 0.17 0.37 0.23 0.40
18.00 63.85 166.56 -386.01 -413.65 0.21 0.89 -0.27 0.40 0.04 0.75 0.71
11.00 11.91 22.98 517.15 533.93 -0.35 -0.58 0.42 0.04 0.15 0.72 0.65
9.00 0.32 -684.10 -135.46 165.44 -0.25 -0.13 0.13 0.37 0.00 0.51 0.56
17.00 0.57 -56.73 -414.52 -64.48 0.04 0.58 0.04 1.00 0.91 0.74 0.89
5.00 5.89 599.68 122.91 -221.90 -0.89 0.41 0.07 0.92 0.71 0.26 0.74
6.00 10.11 301.71 299.08 -435.01 0.77 -0.82 -0.46 0.75 0.56 0.54 0.01
17.00 47.39 112.69 513.16 -137.64 -0.23 -0.06 0.37 0.92 0.28 0.56 0.84
7.00 8.98 -185.22 -219.71 -471.12 0.82 0.07 -0.05 0.80 0.12 0.45 0.20
6.00 10.01 656.57 -268.95 230.84 0.28 0.63 0.71 0.41 0.82 0.50 0.17
9.00 0.61 409.99 -10.08 62.18 -0.72 -0.98 -1.00 0.21 0.39 0.99 0.91
12.00 19.12 233.71 -480.51 -347.89 -0.24 -0.35 -0.25 0.78 0.28 0.55 0.38
20.00 0.69 -400.10 -195.47 -412.29 0.12 0.43 -0.71 0.43 0.18 0.92 0.47
12.00 27.60 436.58 -613.08 -195.14 0.43 -0.50 0.09 0.99 0.34 0.41 0.94
5.00 3.92 132.08 378.01 -534.21 -0.66 0.01 0.17 0.14 0.45 0.02 0.14
14.00 9.77 12.58 69.97 -390.43 -0.18 -0.47 0.49 0.32 0.14 0.36 0.28
6.00 8.62 -334.13 587.69 49.83 -0.61 -1.00 -0.90 0.20 0.19 0.00 0.56
8.00 7.05 -224.43 49.44 334.45 0.80 0.40 -0.88 0.14 0.93 0.93 0.88
9.00 9.48 -13.26 -5.69 495.90 -0.42 -0.16 0.34 0.63 0.91 0.38 0.58
22.00 126.04 684.06 -86.47 355.87 -0.79 -0.49 0.26 0.95 0.11 0.20 0.32
5.00 0.78 -157.47 -571.47 528.30 -0.92 0.10 0.08 0.30 0.13 0.06 0.14
8.00 0.32 -304.42 421.40 -255.19 -0.69 0.31 0.22 0.19 0.67 0.96 0.37
13.00 26.42 106.61 -400.05 -240.82 0.66 -0.19 0.39 0.10 0.46 0.84 0.53
14.00 34.69 -275.28 171.87 -11.55 0.89 -0.71 -0.77 0.24 0.13 0.13 0.62
16.00 11.81 -114.06 -151.20 -43.97 -0.55 0.97 0.18 0.92 0.84 0.38 0.30
28.00 0.86 632.37 -74.40 -346.58 -0.10 -0.09 0.70 0.99 0.41 0.97 0.46
5.00 4.65 11.49 375.73 -584.76 -0.61 -0.77 0.57 0.73 0.49 0.83 0.67
12.00 11.00 390.71 402.75 241.58 0.85 0.14 -0.05 0.31 0.82 0.39 0.77
7.00 10.88 503.18 173.18 70.92 0.81 0.22 -0.04 0.15 0.93 0.72 0.37
10.00 19.01 130.17 352.27 -12.04 0.11 -0.52 0.51 0.67 0.92 0.81 0.23
11.00 32.75 203.57 237.12 -328.46 -0.87 -0.07 -0.47 0.36 0.61 0.41 0.21
7.00 8.02 -469.77 -616.06 78.20 -0.20 0.41 -0.13 0.79 0.23 0.43 0.60
14.00 44.82 659.42 -143.89 -211.64 0.50 -0.49 -0.74 0.24 0.76 0.88 0.87
11.00 15.14 -391.17 181.44 -447.16 -0.20 -0.64 0.40 0.52 0.71 0.39 0.92
18.00 68.70 -422.10 592.62 279.02 0.35 -0.29 0.64 0.16 0.75 0.14 0.67
5.00 1.68 -586.80 -53.14 -156.55 -0.03 0.14 -0.81 0.06 0.34 0.31 0.31
14.00 43.96 509.83 245.50 494.13 -0.86 0.51 0.41 0.86 0.41 0.82 0.31
7.00 8.60 228.95 509.37 -56.03 0.89 -0.52 -0.26 0.78 0.15 0.17 0.33
13.00 27.51 -408.03 -323.20 280.69 -0.04 0.32 0.48 0.07 0.59 0.16 0.87
11.00 12.34 303.08 -681.25 -70.81 -0.13 0.45 -0.41 0.24 0.40 0.16 0.86
23.00 51.42 -721.62 63.55 98.57 0.96 0.35 0.26 0.46 0.12 0.01 0.58
14.00 52.89 -534.86 299.54 -488.77 -0.86 -0.86 -0.12 0.69 0.48 0.45 0.65
6.00 5.67 -755.97 -175.77 -170.36 0.92 0.72 0.89 0.24 0.97 0.34 0.88
27.00 189.49 -429.53 -118.72 389.55 -0.32 0.22 0.64 0.97 0.95 0.28 0.86
8.00 9.18 298.01 219.97 698.37 0.16 0.65 0.43 0.21 0.18 0.90 0.36
26.00 52.20 -113.77 -192.27 174.23 -0.15 -0.35 -0.85 0.16 0.74 0.44 0.66
5.00 4.32 -137.84 -672.98 -57.95 0.18 0.68 0.24 0.66 0.68 0.23 0.97
11.00 29.91 -335.01 475.29 79.93 0.75 0.93 0.92 0.96 0.79 0.36 0.08
9.00 15.71 -419.70 -437.90 497.65 -0.79 0.90 0.82 0.40 0.69 0.19 0.12
6.00 9.60 246.81 138.79 234.74 0.25 0.03 -0.34 0.39 0.69 0.53 0.33
6.00 9.46 381.07 -55.61 231.91 0.70 0.44 0.20 0.46 0.45 0.72 0.70
7.00 5.59 45.06 -49.69 558.96 0.77 0.80 -0.13 0.44 0.09 0.48 0.16
6.00 1.64 244.60 -215.15 399.69 0.99 0.80 0.74 0.64 0.57 0.73 0.08
5.00 3.27 488.37 -214.66 507.08 -0.68 0.37 0.99 0.54 0.06 0.68 0.69
11.00 11.95 -422.06 327.92 211.93 0.09 0.28 0.17 0.52 0.24 0.63 0.15
32.00 32.77 -201.28 -486.77 -206.36 -0.16 0.96 -0.72 0.04 0.88 0.35 0.12
7.00 1.98 -284.85 640.30 -56.27 -0.28 0.78 0.76 0.31 0.46 0.34 0.24
12.00 40.18 232.64 -333.50 608.02 0.12 -0.09 0.50 0.31 0.26 0.16 0.38
9.00 23.24 -314.49 557.07 -254.40 -0.98 0.08 0.83 0.91 0.15 0.33 0.11
13.00 39.62 108.37 -220.52 706.73 -0.99 0.18 0.55 0.47 0.71 0.98 0.28
9.00 15.37 -105.16 292.68 -364.94 -0.72 0.99 0.05 0.33 0.42 0.31 0.95
33.00 74.34 -331.40 -520.74 119.58 -0.68 0.24 0.47 0.99 0.36 0.66 0.80
6.00 2.75 250.96 -266.81 -574.84 -0.95 -0.18 -0.29 0.95 0.98 0.43 0.71
18.00 87.31 -557.96 -45.36 564.06 0.42 -0.71 0.75 0.46 0.55 0.52 0.98
11.00 5.65 -88.97 -707.29 106.60 0.34 0.11 0.24 0.43 0.31 0.21 0.57
11.00 15.05 362.28 -349.27 -513.16 0.17 -0.10 -0.39 0.08 0.83 0.43 0.78
6.00 4.55 433.95 68.04 344.75 -0.86 0.14 0.95 0.24 0.61 0.46 0.32
9.00 2.74 -126.17 -173.84 -660.77 0.91 0.25 -0.81 0.57 0.69 0.04 0.69
13.00 1.90 -610.99 206.66 -313.48 0.29 0.32 -0.19 0.62 0.17 0.39 0.48
9.00 0.91 580.28 98.59 -41.93 0.87 -0.17 0.51 0.51 0.76 0.87 0.67
16.00 11.71 105.66 460.76 485.25 0.06 0.74 0.18 0.27 0.86 0.41 0.88
7.00 6.61 74.43 -616.57 477.31 -0.45 0.89 -0.70 0.33 0.54 0.34 0.32
14.00 33.64 -19.62 9.20 -204.81 -0.59 -0.36 0.22 0.72 0.03 0.27 0.42
9.00 18.01 422.98 91.20 115.08 0.64 0.89 0.90 0.58 0.67 0.83 0.43
14.00 23.77 -220.49 30.60 -292.66 -0.28 0.94 -0.69 0.42 0.87 0.52 0.19
8.00 1.29 -105.05 -89.49 -719.00 0.36 0.96 0.45 0.29 0.82 0.63 0.53
12.00 16.08 -242.97 7.26 104.77 0.92 -0.88 -0.25 0.12 0.13 0.64 0.57
14.00 44.34 -68.87 -449.68 -10.92 -0.93 -0.86 -0.23 0.27 0.41 0.69 0.74
11.00 4.08 326.97 -233.91 -644.55 0.16 0.99 -0.92 0.90 0.32 0.27 0.98
5.00 2.14 212.60 -722.98 53.07 -0.84 0.04 0.91 0.46 0.82 0.79 0.28
20.00 12.87 -748.52 -43.79 -130.58 0.40 -0.62 -0.34 0.57 0.71 0.07 0.90
5.00 4.21 -60.17 -536.56 -48.75 0.64 0.20 0.84 0.06 0.98 0.76 0.40
14.00 22.92 -681.82 -40.07 256.70 -0.67 -0.13 0.95 0.49 0.98 0.84 0.65
29.00 30.88 513.05 -383.17 -319.66 -0.65 -0.96 -0.86 0.98 0.54 0.24 0.02
10.00 28.87 372.94 -257.34 -558.02 -0.95 -0.37 -0.75 0.18 0.05 0.65 0.33
8.00 14.64 274.01 181.57 233.59 0.34 -0.23 0.93 0.17 0.12 0.74 0.99
5.00 0.05 -583.94 301.42 326.35 -0.18 -0.17 0.90 0.42 0.05 0.92 0.46
5.00 0.83 454.79 241.08 -111.91 -0.61 -0.59 -0.98 0.59 0.20 0.69 0.02
31.00 263.98 -120.55 -10.83 -573.21 -0.76 -0.87 -0.74 0.88 0.87 0.09 0.41
24.00 9.80 454.82 -138.59 46.81 -0.60 0.27 -0.33 0.31 0.51 0.57 0.95
6.00 4.83 249.60 496.22 14.23 -0.50 0.38 -0.76 0.57 0.84 0.51 0.78
9.00 9.06 -83.21 589.65 -91.39 0.85 -0.74 0.10 0.67 0.63 0.43 0.18
6.00 8.44 264.98 -731.27 1.50 0.19 0.76 0.83 0.59 0.95 0.80 0.51
8.00 17.15 -221.45 -334.62 233.21 -0.33 0.16 0.85 0.30 0.38 0.01 0.77
10.00 0.64 -734.31 19.50 87.26 -0.23 -0.45 -0.89 0.32 0.18 0.49 0.93
9.00 1.75 134.78 -45.51 -306.70 -0.23 0.79 -0.15 0.56 0.99 0.40 0.82
13.00 14.25 -305.48 -398.18 -342.48 -0.47 -0.42 -0.19 0.55 0.73 0.47 0.62
22.00 97.91 -134.04 -612.16 439.47 -0.86 0.66 0.83 0.79 0.18 0.55 0.75
5.00 3.10 -266.83 107.31 672.68 -0.66 -0.53 -0.25 0.46 0.40 0.26 0.36
8.00 2.56 67.18 452.52 -274.82 0.17 -0.19 -0.24 0.23 0.54 0.97 0.23
7.00 8.21 263.80 -170.67 -275.04 -0.26 -0.58 -0.23 0.91 0.15 0.98 0.22
9.00 17.52 241.96 751.19 -4.31 0.92 0.77 -0.03 0.89 0.63 0.18 0.48
13.00 34.78 140.94 189.92 506.08 0.91 -0.54 0.60 0.74 0.51 0.35 0.67
8.00 2.17 -132.85 -304.47 451.16 -0.83 1.00 -0.25 0.56 0.40 0.58 0.15
6.00 4.01 221.96 31.24 375.80 -0.28 0.35 -0.47 0.01 0.11 0.76 0.36
9.00 13.64 677.90 168.77 258.02 0.48 0.16 -0.35 0.69 0.99 0.74 0.32
5.00 3.01 -202.23 138.62 329.50 -0.63 0.33 0.76 0.34 0.83 0.67 0.53
8.00 14.96 579.44 -107.58 -87.83 0.99 -0.57 -0.11 0.35 0.03 1.00 0.84
8.00 12.41 364.81 -416.66 320.98 0.13 -0.92 -0.89 0.99 0.65 0.44 0.72
11.00 14.96 -342.59 -112.54 -132.66 -0.48 -0.14 0.95 0.85 0.66 0.64 0.94
9.00 20.43 108.16 291.08 261.29 -0.56 -0.09 -0.32 0.07 0.93 0.34 0.68
7.00 6.00 53.13 -756.17 -62.49 -0.89 -0.09 -0.06 0.92 0.62 0.89 0.30
8.00 2.54 645.00 -106.20 368.82 0.84 0.37 -0.56 0.99 0.51 0.14 0.43
12.00 13.43 155.18 -206.39 -753.74 -0.85 0.57 -0.58 0.10 0.07 0.65 0.98
16.00 8.19 -191.05 -148.36 273.25 0.55 0.65 0.27 0.46 0.35 0.60 0.86
7.00 4.22 180.48 564.66 -468.45 -0.95 -0.98 0.85 0.68 0.77 0.29 0.70
11.00 21.57 -394.43 209.09 246.34 0.98 -0.63 -0.91 0.62 0.53 0.27 0.84
34.00 91.11 553.99 227.68 60.06 0.31 -0.65 0.58 0.54 0.61 0.02 0.77
12.00 35.29 -369.58 94.71 397.41 0.17 0.45 0.03 0.16 0.32 0.16 0.08
7.00 13.92 -326.26 67.98 287.65 0.79 -0.00 -0.77 0.87 0.18 0.04 0.19
8.00 15.86 374.80 -122.91 -602.44 0.27 0.52 0.91 0.44 0.86 0.92 0.58
13.00 41.51 -343.99 -309.52 -309.24 0.08 0.43 0.51 0.90 0.13 0.34 0.12
9.00 20.85 339.38 -132.44 384.31 -0.60 -0.43 0.34 0.51 0.73 0.39 0.57
31.00 99.10 -131.93 -577.52 -296.07 0.46 0.83 0.42 0.29 0.93 0.18 0.60
20.00 80.72 238.10 -221.61 -465.84 -0.92 -0.52 -0.12 0.05 0.35 0.57 0.28
11.00 7.23 -165.31 -484.93 -547.54 -0.94 -0.73 -0.73 0.28 0.69 0.01 0.77
20.00 74.53 -72.34 316.59 647.83 -0.63 0.28 0.36 0.64 0.32 0.91 0.59
5.00 1.37 -570.91 -429.27 -215.77 0.60 0.44 0.63 0.70 0.64 0.18 0.61
20.00 49.44 -676.73 121.88 192.22 -0.45 0.98 -0.29 0.62 0.60 0.11 0.75
22.00 67.41 490.40 155.55 214.34 0.66 0.27 -0.17 0.28 0.69 0.40 0.64
8.00 2.54 -82.96 549.81 33.64 -0.72 -0.48 0.42 0.38 0.34 0.94 0.62
11.00 9.86 -269.59 -249.48 -391.77 -0.80 -0.81 -0.54 0.72 0.11 0.55 0.00
12.00 15.12 193.57 -207.07 495.18 0.88 -0.36 -0.94 0.13 0.26 0.29 0.64
14.00 25.67 126.77 -119.21 214.81 0.35 0.85 0.10 0.74 0.41 0.53 0.73
7.00 3.99 -432.88 528.31 -266.76 -0.30 -0.00 0.51 0.80 0.11 0.10 0.58
11.00 19.41 35.30 373.26 473.87 0.68 -0.35 -0.56 0.54 0.97 0.46 0.86
7.00 6.42 -271.22 -723.42 12.80 -0.46 -0.65 0.66 0.07 0.01 0.63 0.03
12.00 16.71 -693.13 72.78 -283.23 0.51 -0.78 0.79 0.16 0.06 0.56 0.78
12.00 0.09 43.10 196.90 -297.93 -0.14 -0.20 0.65 0.74 0.42 0.14 0.99
6.00 8.00 -31.33 -396.54 -135.99 -0.35 -0.60 0.40 0.68 0.03 0.27 0.90
15.00 33.35 -84.94 329.27 107.32 -0.79 -0.84 0.46 0.71 0.34 0.28 0.27
13.00 16.38 -299.84 74.92 -87.92 -0.88 -0.21 -0.85 0.68 0.97 0.54 0.10
9.00 7.00 497.06 -46.65 237.53 0.36 0.44 -0.38 0.80 0.91 0.95 0.27
19.00 40.12 256.07 -553.12 271.76 0.86 -0.24 0.89 0.90 0.57 0.92 0.73
15.00 46.03 -99.51 -783.56 -50.72 -0.78 0.40 -0.85 0.40 0.71 0.02 0.85
24.00 149.25 141.06 305.16 376.40 -0.04 -0.75 0.35 0.06 0.37 0.43 0.03
10.00 5.93 367.42 98.30 171.96 -0.66 0.03 0.06 0.36 0.63 0.50 0.63
8.00 2.36 -252.47 -202.28 534.12 -0.98 0.99 -0.91 0.41 0.55 0.88 0.06
6.00 2.70 -503.43 -307.83 407.10 -0.74 -0.98 0.28 0.73 0.21 0.24 0.55
23.00 143.47 361.55 -16.17 297.21 -0.43 0.34 0.57 0.10 0.92 0.50 0.47
9.00 19.88 65.77 -210.12 286.98 0.02 0.43 0.99 1.00 0.38 0.85 0.08
11.00 19.72 -344.55 -558.19 248.25 0.07 -0.12 -0.78 0.26 0.65 0.18 0.74
5.00 6.21 12.81 -606.15 -58.60 0.66 0.60 -0.55 0.62 0.22 0.10 0.32
17.00 25.37 513.92 -14.13 -231.15 -0.67 -0.02 0.11 0.55 0.02 0.32 0.55
9.00 17.07 241.34 266.81 96.62 -0.39 0.23 0.76 0.29 0.79 0.88 0.52
14.00 53.09 -238.34 518.70 88.75 0.93 0.17 -0.67 0.13 0.46 0.57 0.20
7.00 2.17 -626.27 404.21 -273.48 0.95 -0.16 0.16 0.08 0.39 0.55 0.54
29.00 51.33 -357.00 509.28 98.67 0.10 -0.88 0.18 0.80 0.99 0.08 0.57
13.00 10.41 268.56 -510.71 89.20 0.52 -0.87 0.29 0.22 0.98 0.12 0.43
15.00 50.66 514.01 -495.27 99.30 0.38 0.02 -0.66 0.99 0.29 0.18 0.33
5.00 5.38 -62.81 498.26 -94.51 -0.62 0.70 0.83 0.62 0.68 0.30 0.94
5.00 5.64 630.16 -315.07 -185.92 0.23 0.25 -0.73 0.10 0.19 0.39 0.99
5.00 1.09 -474.75 318.29 44.49 -0.34 -0.13 0.74 0.15 0.41 0.76 0.34
5.00 6.11 197.80 505.37 -188.31 -0.16 0.33 -0.46 0.18 0.53 0.42 0.31
10.00 24.39 -652.00 83.29 -187.97 0.47 0.97 0.51 0.77 0.78 0.32 0.02
10.00 9.35 -398.74 -330.58 196.59 0.19 0.34 -0.22 0.45 0.02 0.08 0.13
16.00 60.70 -125.78 -9.18 62.68 0.03 0.63 0.77 0.93 0.34 0.81 0.33
36.00 7.97 -456.78 -140.32 -568.92 0.52 0.49 0.12 0.26 0.13 0.15 0.25
5.00 3.54 147.95 -204.80 534.59 -0.21 -0.32 0.55 0.97 0.70 0.75 0.26
7.00 13.78 217.63 620.59 -124.11 -0.51 0.87 -0.39 0.59 0.08 0.48 0.75
16.00 5.54 130.25 -128.83 -475.73 -0.17 -0.31 0.88 0.25 0.98 0.32 0.97
7.00 13.78 437.25 -531.43 169.25 -0.96 -0.21 -0.51 0.87 0.45 0.53 0.07
15.00 11.94 356.31 -302.04 63.86 0.85 0.31 0.13 0.95 0.59 0.67 0.86
5.00 7.08 94.69 -342.23 454.40 -0.96 0.38 -0.88 0.90 0.98 0.80 0.91
5.00 4.10 -153.15 568.46 -297.48 -0.14 0.39 0.68 0.51 0.39 0.93 0.17
8.00 13.35 -202.51 -475.85 122.91 0.86 -0.72 -0.44 0.74 0.28 0.87 0.25
5.00 6.93 -14.21 -70.58 -103.07 0.30 0.71 0.94 0.13 0.66 0.96 0.83
5.00 6.83 554.56 -58.69 -3.60 -0.01 0.37 -0.48 0.36 0.18 0.26 0.62
17.00 25.46 -482.17 137.63 -390.93 -0.13 0.58 0.50 0.59 0.84 0.50 0.72
5.00 4.46 -319.59 156.43 -403.29 -0.63 -0.38 0.33 0.15 0.54 0.35 0.03
16.00 9.88 338.73 -30.06 121.45 -0.07 0.56 -0.90 0.58 0.66 0.13 0.36
17.00 41.88 -648.13 -316.34 -233.85 0.76 -0.20 0.65 0.24 0.22 0.00 0.23
5.00 1.14 -551.79 111.23 437.18 -0.95 -0.49 0.48 0.40 0.28 0.01 0.19
24.00 98.85 132.80 -638.34 -426.81 -0.08 0.47 0.38 0.04 0.93 0.15 0.05
8.00 6.81 309.14 228.75 109.54 0.68 0.44 -0.08 0.16 0.70 0.26 0.09
8.00 15.33 63.88 232.85 -432.18 -0.04 0.74 0.33 0.51 0.07 0.55 0.56
20.00 55.07 -373.03 -157.10 465.46 0.02 0.32 -0.09 0.32 0.86 0.76 0.09
13.00 38.62 234.86 -58.07 32.27 -0.33 0.70 -0.46 0.50 0.87 0.32 0.47
6.00 0.56 -21.05 132.25 -338.86 0.34 -0.54 -0.07 0.50 0.88 0.22 0.23
5.00 6.88 99.14 -232.40 -22.35 0.14 -0.79 -0.67 0.60 0.95 0.40 0.80
10.00 20.27 504.54 -74.32 -9.99 -0.36 -0.95 0.12 0.57 0.72 0.11 0.63
8.00 10.39 -441.97 478.19 -49.95 -0.70 -0.16 -0.59 0.56 0.05 0.79 0.56
7.00 0.52 -181.04 387.75 582.38 0.84 0.97 0.77 0.02 0.39 0.87 0.89
5.00 7.17 399.80 -37.26 80.13 -0.24 0.75 0.94 0.30 0.44 0.76 0.85
9.00 22.46 186.32 -277.83 -624.85 0.93 -0.85 0.48 0.15 0.69 0.67 0.26
15.00 49.27 -179.24 -79.06 127.73 -0.03 -0.90 0.10 0.48 0.51 0.08 0.87
18.00 41.09 202.72 -135.68 405.05 0.68 -0.24 0.58 0.79 0.82 0.68 0.33
12.00 1.98 -528.31 -160.61 4.63 -0.75 0.73 -0.90 0.23 0.41 0.62 0.76
15.00 42.17 -263.33 -159.08 -89.76 0.76 -0.57 -0.81 0.44 0.19 0.15 0.27
17.00 61.90 -66.31 -539.82 480.87 -0.58 -0.97 -0.78 0.35 0.36 0.65 0.95
5.00 5.46 -105.83 -204.96 700.90 0.06 -0.83 0.52 0.22 0.96 0.62 0.99
12.00 7.06 286.79 314.01 -177.18 0.17 0.37 -0.90 0.51 0.36 0.81 0.76
5.00 4.88 -645.27 233.06 285.13 -0.75 0.22 0.61 0.31 0.75 0.95 0.09
6.00 10.16 306.61 -4.31 234.76 -0.89 0.67 -0.51 0.34 0.53 0.88 0.46
5.00 3.98 -140.41 -252.07 145.24 -0.50 0.52 -0.75 0.61 0.16 0.79 0.56
6.00 8.19 -84.59 80.03 159.56 -0.34 -0.07 -0.09 0.45 0.44 0.35 0.76
13.00 30.99 56.20 -38.71 718.83 -0.13 0.90 0.29 0.26 0.38 0.70 0.64
12.00 1.47 -363.35 231.18 -610.21 -0.17 0.67 -0.43 0.75 0.95 0.59 0.06
18.00 77.94 255.51 172.10 453.15 0.56 0.30 -0.58 0.93 0.25 0.83 0.00
5.00 7.17 -430.50 -99.18 544.97 0.48 -0.80 -0.38 0.82 0.84 0.92 0.46
16.00 7.40 543.78 -289.59 -273.75 0.13 -0.84 -0.26 0.30 0.67 0.68 0.79
5.00 1.01 -252.77 521.62 188.48 0.85 -0.41 -0.55 0.53 0.07 0.93 0.52
19.00 57.40 433.13 -508.60 -1.70 -0.61 -0.94 0.82 0.34 0.23 0.36 0.94
5.00 1.46 446.67 458.71 -266.34 -0.09 -0.64 -0.29 0.55 0.86 0.71 0.69
7.00 3.34 -544.35 199.74 -154.37 -0.24 0.44 0.52 0.58 0.31 0.62 0.30
7.00 14.11 -336.15 59.51 371.66 0.67 -0.66 0.24 0.89 0.82 0.76 0.46
7.00 5.20 189.73 -469.95 188.62 0.22 -0.05 -0.96 0.95 0.49 0.51 0.91
10.00 1.51 -492.24 -74.73 69.05 -0.51 -0.25 0.05 0.53 0.28 0.51 0.81
7.00 9.30 209.77 288.70 -66.53 0.16 -0.47 0.60 0.81 0.64 0.95 0.24
9.00 1.44 276.51 228.03 420.38 0.79 -0.50 0.26 0.99 0.44 0.52 0.03
7.00 0.02 237.65 40.53 -692.16 -0.46 -0.43 0.48 0.92 0.12 0.72 0.49
14.00 20.08 -109.26 -197.06 -353.57 0.20 -0.19 0.54 0.53 0.73 0.67 0.51
7.00 4.13 230.57 440.37 205.76 0.20 0.53 -0.07 0.79 0.63 0.85 0.18
7.00 13.74 -284.60 -217.99 374.87 -0.66 0.56 0.54 0.39 0.35 0.66 0.15
5.00 0.74 -201.89 3.20 -486.75 -0.45 0.94 0.11 0.37 0.89 0.42 0.64
26.00 130.60 -226.88 356.82 343.80 -0.89 -0.66 0.17 0.74 0.29 0.58 0.15
32.00 111.28 -708.58 -172.05 175.59 -0.16 0.94 0.67 0.82 0.84 0.84 0.59
8.00 5.05 -132.77 135.45 -663.47 0.52 0.49 -0.80 0.19 0.58 0.55 0.87
7.00 7.26 42.62 134.47 695.52 0.54 -0.12 0.56 0.20 0.56 0.63 0.67
8.00 11.04 -244.58 91.79 163.66 -0.63 -0.79 -0.33 0.41 0.40 0.65 0.49
7.00 2.12 -439.17 211.14 226.24 0.35 -0.84 0.05 0.78 0.92 0.18 0.93
14.00 11.69 460.98 -123.91 -260.00 0.46 0.72 -0.12 0.12 0.60 0.14 0.22
26.00 105.15 -69.98 58.87 -90.56 -0.72 0.01 0.58 0.15 0.10 0.94 0.01
17.00 56.18 -18.33 796.36 -1.27 -0.65 0.45 0.41 0.89 0.47 0.87 0.58
5.00 6.31 151.06 -291.06 521.30 -0.96 0.28 -0.63 0.80 0.70 0.54 0.13
16.00 52.13 -622.51 170.71 -206.63 -0.99 -0.36 -0.03 0.29 0.48 0.83 0.54
11.00 4.43 274.91 331.89 166.42 -0.63 -0.42 -0.36 0.91 0.52 0.11 0.60
10.00 28.27 -483.94 129.86 -424.99 0.85 0.94 0.82 0.02 0.94 0.54 0.23
19.00 9.27 487.86 -277.25 270.01 -0.60 0.03 -0.86 0.47 0.47 0.88 0.70
5.00 3.07 189.61 -421.82 217.34 -0.68 -0.14 0.12 0.26 0.20 0.00 0.53
7.00 6.57 -307.84 685.95 11.18 -0.76 0.98 -0.96 0.51 0.28 0.78 0.46
9.00 22.03 -578.74 122.77 405.43 -0.39 -0.13 0.54 0.85 0.33 0.98 0.42
9.00 1.70 5.38 623.31 128.26 0.57 0.37 -0.76 0.65 0.66 0.48 0.56
12.00 5.77 209.99 -344.05 -383.71 -0.75 0.43 0.78 0.29 0.26 0.23 0.13
10.00 16.94 -374.73 517.31 48.25 -0.45 -0.71 0.58 0.26 0.25 0.16 0.31
14.00 26.13 294.43 -131.58 614.84 0.16 -0.47 -0.24 0.45 0.09 0.32 0.81
31.00 31.61 -553.66 -171.26 -526.89 0.61 0.38 -0.48 0.57 0.46 0.99 0.27
24.00 129.38 380.66 272.08 624.11 0.36 0.93 -0.07 0.98 0.13 0.58 0.24
13.00 3.23 -310.85 587.89 -164.02 0.98 0.13 0.44 0.32 0.57 0.96 0.46
16.00 69.41 -9.76 -30.41 219.39 -0.80 0.48 -0.73 0.23 0.85 0.67 0.43
31.00 98.29 -344.87 -400.88 260.14 -0.75 0.76 0.61 0.39 0.93 0.02 0.90
6.00 2.86 197.87 -285.52 -59.12 -0.40 -0.39 0.74 0.25 0.26 0.26 0.62
9.00 9.65 -536.59 67.99 463.04 0.74 -0.55 -0.93 0.25 0.20 0.93 0.40
19.00 25.06 -555.66 -197.11 296.39 0.61 0.83 0.66 0.06 0.36 0.63 0.93
9.00 14.30 -617.97 106.75 -60.98 0.21 0.96 -0.33 0.02 0.98 0.25 0.08
6.00 8.71 -271.60 725.38 176.74 0.35 -0.71 0.81 0.65 0.52 0.65 0.23
5.00 6.54 -445.85 513.48 -384.78 -0.56 -0.50 0.64 0.79 0.15 0.11 0.31
7.00 12.21 -177.81 201.48 674.70 -0.43 -0.53 -0.18 0.21 0.17 0.04 0.26
5.00 0.60 -204.22 61.61 666.72 -0.92 0.62 0.86 0.43 0.62 0.67 0.26
8.00 13.76 -729.72 132.61 158.21 0.01 0.29 0.48 0.85 0.24 0.94 0.35
5.00 1.14 -138.94 -601.83 26.61 0.09 0.66 -0.96 0.62 0.08 0.12 0.18
8.00 0.83 -307.70 -64.04 -483.77 0.53 0.10 0.42 0.80 0.84 0.47 0.25
7.00 1.39 75.50 282.06 480.18 0.60 -0.49 -0.83 0.08 0.70 0.07 0.37
19.00 13.09 408.33 -344.43 54.38 0.57 0.75 0.32 0.44 0.76 0.09 0.61
8.00 1.84 35.35 30.31 -297.21 -0.93 0.12 -0.28 0.54 0.33 0.33 0.96
5.00 6.34 -77.66 444.02 258.43 0.77 0.85 -0.06 0.31 0.35 0.16 0.98
5.00 1.52 -538.47 -229.80 122.09 0.90 0.27 0.20 0.46 0.16 0.39 0.66
7.00 7.81 65.43 24.55 730.69 -0.02 0.41 0.56 0.22 0.48 0.37 0.59
10.00 3.28 258.92 -352.96 -612.30 1.00 0.40 -0.22 0.95 0.17 0.84 0.83
5.00 1.82 -610.66 28.86 -130.65 0.20 0.32 -0.00 0.24 0.25 0.73 0.74
26.00 125.40 -678.69 -246.75 23.08 -0.68 -0.24 0.72 0.45 0.58 0.59 0.89
17.00 17.13 13.45 56.23 -785.59 0.94 0.46 -0.74 0.70 0.74 0.22 0.95
10.00 14.59 392.27 -359.07 -118.57 0.29 -0.51 -0.73 0.40 0.68 0.96 0.08
6.00 7.60 -239.22 -242.57 -323.67 -0.55 0.91 0.00 0.44 0.55 0.65 0.62
7.00 5.99 -722.33 235.51 53.80 0.07 -0.12 -0.64 0.13 0.27 0.54 0.07
15.00 33.15 2.06 -612.16 -159.08 0.63 0.10 0.96 0.63 0.89 0.89 0.14
15.00 23.02 211.87 -612.56 -434.93 -0.63 -0.05 0.79 0.40 0.00 0.69 0.61
10.00 25.53 392.93 -172.80 170.43 0.74 -0.96 0.65 0.31 0.66 0.08 0.37
8.00 6.15 -115.17 445.07 92.56 0.24 0.33 -0.38 0.81 0.92 0.91 0.44
6.00 4.64 345.92 24.37 -547.51 0.29 0.88 0.72 0.25 0.60 0.75 0.69
13.00 22.83 -19.04 -619.45 181.88 0.18 0.67 -0.09 0.17 0.20 0.30 0.86
5.00 3.32 -118.62 -289.91 -225.93 -0.51 -0.70 0.71 0.11 0.68 0.78 0.53
14.00 56.34 57.93 -344.55 5.34 0.03 1.00 0.98 0.89 0.76 0.77 0.76
5.00 6.00 50.98 677.71 400.08 -0.12 0.42 -0.93 0.93 0.89 0.49 0.55
9.00 8.59 53.69 337.29 503.90 -0.55 0.53 -0.21 0.74 0.18 0.63 0.21
5.00 7.17 -234.95 561.12 437.84 0.01 -0.66 -0.30 0.25 0.17 0.49 0.08
7.00 13.02 -43.74 -473.70 -502.62 -0.63 0.02 -0.58 0.87 0.74 0.68 0.45
5.00 5.74 -505.06 -223.27 -315.90 -0.49 -0.69 0.01 0.20 0.13 0.30 0.86
24.00 152.76 -147.31 453.17 271.48 -0.61 0.88 -0.29 0.99 0.93 0.61 0.40
5.00 0.48 394.43 -262.71 382.22 -0.04 -0.63 -0.29 0.06 0.99 0.64 0.01
10.00 0.04 -22.41 -343.68 -405.84 -0.80 -0.36 0.08 0.02 0.75 0.59 0.93
6.00 5.63 -139.51 698.07 -47.54 0.16 0.59 0.43 1.00 0.98 0.51 0.90
7.00 10.96 1.97 29.51 -426.76 0.24 -0.82 -0.67 0.52 0.01 0.56 0.34
23.00 7.50 428.43 -450.16 167.25 -0.95 -0.51 -0.70 0.34 0.57 0.39 0.30
6.00 0.13 407.52 -79.69 -435.56 0.60 -0.69 0.28 0.36 0.98 0.22 0.94
5.00 4.51 -372.98 249.84 321.56 -0.60 0.09 0.38 0.85 0.91 0.60 0.58
5.00 6.70 -25.40 -131.24 -506.83 0.87 -0.46 0.85 0.03 0.87 0.49 0.66
6.00 1.41 -706.86 97.92 71.80 -0.64 -0.95 -0.98 0.35 0.60 0.22 0.14
11.00 10.18 225.04 -177.36 680.18 -0.00 0.68 -0.81 0.62 0.94 0.73 0.14
7.00 6.39 -377.25 -10.73 100.07 -0.12 0.42 -0.52 0.28 0.84 0.69 0.52
16.00 27.63 710.72 292.30 -221.07 -0.78 -0.24 -0.20 0.24 0.93 0.71 0.91
14.00 17.31 -284.15 -399.12 568.36 -0.09 0.20 -0.37 0.67 0.15 0.83 0.96
6.00 7.52 -466.42 158.31 -231.69 -0.85 -0.15 -0.38 0.80 0.71 0.15 0.10
5.00 4.52 -336.13 8.28 -296.70 -0.63 -0.61 0.52 0.95 0.75 0.25 0.87
9.00 23.23 -174.58 586.58 290.28 0.94 -0.77 -0.42 0.67 0.58 0.48 0.09
16.00 42.70 142.40 -94.54 762.59 0.65 0.48 -0.57 0.61 0.59 0.52 0.28
7.00 4.16 370.77 409.81 401.06 -0.74 0.21 -0.13 0.66 0.54 0.57 0.83
6.00 1.58 -7.61 69.67 415.56 0.92 0.67 -0.71 0.38 0.76 0.90 0.00
5.00 5.80 161.82 329.09 91.03 -0.94 -0.21 -0.67 0.95 0.37 0.46 0.69
6.00 8.11 206.09 404.72 551.71 -0.42 0.86 -0.70 0.89 0.13 0.76 0.60
8.00 9.54 -396.00 511.49 -439.98 0.74 0.84 0.88 0.51 0.56 0.99 0.90
14.00 8.10 552.45 -297.95 -194.96 -0.36 -0.47 -0.36 0.34 0.71 0.53 0.78
8.00 5.53 580.60 -59.30 378.30 -0.77 0.06 0.09 0.93 0.53 0.44 0.14
7.00 7.16 36.44 -97.32 304.17 -0.86 -0.16 -0.78 0.22 0.52 0.22 0.90
9.00 14.28 114.33 -182.77 703.27 0.53 0.20 -0.51 0.52 0.49 0.65 0.68
9.00 8.70 -12.50 92.13 675.74 0.13 0.40 0.13 0.89 0.38 0.55 0.81
17.00 67.82 -237.68 614.23 407.31 -0.77 0.96 0.06 0.17 0.47 0.26 0.27
14.00 8.04 99.07 702.02 16.58 0.31 0.73 0.41 0.74 0.48 0.76 0.40
17.00 34.85 -75.18 -714.94 -36.83 -0.57 -0.36 -0.79 0.76 0.33 0.23 0.57
32.00 216.37 554.96 176.94 -187.73 -0.09 -0.68 0.52 0.60 0.56 0.33 0.05
11.00 27.50 -491.94 -73.05 -565.36 -0.85 0.69 -0.02 0.65 0.07 0.82 0.12
13.00 28.18 -191.09 714.81 102.65 0.48 -0.46 -0.89 0.11 0.91 0.82 0.60
12.00 16.33 -75.43 512.15 330.92 0.00 -0.80 -0.78 0.09 0.01 0.30 0.21
5.00 0.73 -414.97 238.50 -135.82 -0.96 0.40 -0.38 0.26 0.32 0.89 0.64
11.00 0.17 -337.61 682.98 -184.60 0.49 -0.31 -0.50 0.16 0.68 0.69 0.07
15.00 20.77 384.49 -46.92 46.52 -0.90 -0.24 0.33 0.77 0.98 0.87 0.85
32.00 20.33 201.47 -229.16 105.01 0.47 0.42 -0.95 0.60 0.38 0.60 0.56
27.00 127.28 -279.20 38.74 -212.31 0.53 -0.39 0.18 0.38 0.66 0.99 0.58
6.00 8.73 471.88 -139.92 -499.89 0.56 1.00 0.17 0.57 0.88 0.31 0.71
21.00 15.18 97.00 113.14 666.08 0.56 -0.90 -0.91 0.19 0.41 0.14 0.84
9.00 8.30 13.22 -83.87 -269.80 0.89 -0.95 0.86 0.45 0.79 0.60 0.12
34.00 289.77 -65.82 82.45 626.53 0.48 0.86 -0.51 0.01 0.51 0.60 0.01
11.00 11.10 -635.33 57.43 -73.21 -0.74 -0.56 0.91 0.08 0.04 0.96 0.52
13.00 25.71 325.19 -237.35 -337.50 0.09 0.59 0.17 0.78 0.19 0.63 0.62
11.00 5.71 -327.20 76.18 -33.70 -0.53 0.56 0.23 0.18 0.78 0.99 0.12
9.00 6.69 -381.51 382.65 565.13 0.44 0.66 -0.83 0.07 0.21 0.17 0.33
11.00 33.40 226.33 -108.21 689.53 0.39 0.63 -0.46 0.85 0.28 0.75 0.96
13.00 1.84 205.44 512.47 510.26 -0.16 -0.61 0.98 0.33 0.37 0.39 0.69
6.00 6.37 -49.70 -238.28 -374.05 0.39 0.91 -0.62 0.68 0.42 0.13 0.55
28.00 27.88 640.18 -390.11 -77.85 -0.11 -0.18 -0.53 0.45 0.88 0.68 0.43
21.00 52.96 186.24 -166.42 -208.72 -0.15 -0.75 -0.00 0.88 0.26 0.88 0.89
13.00 11.48 152.44 350.85 -527.08 0.71 0.87 -0.98 0.06 0.72 0.83 0.86
14.00 40.77 -587.49 465.99 8.68 -0.93 -0.08 0.54 0.00 0.01 0.80 0.62
8.00 10.34 -418.05 279.99 536.30 0.37 -0.28 -0.29 0.20 0.45 0.62 0.40
5.00 5.05 313.60 375.50 585.70 0.62 -0.87 0.20 0.25 0.52 0.48 0.94
12.00 36.64 -31.87 -306.22 -131.55 -0.89 -0.89 0.68 0.27 0.93 0.21 0.80
17.00 71.33 80.76 -487.45 279.75 0.65 -0.78 0.95 0.67 0.67 0.72 0.46
18.00 56.21 163.36 95.62 776.60 -0.66 -0.83 -0.38 0.35 0.97 0.01 0.42
5.00 3.24 -529.63 -7.86 441.11 0.30 -0.86 0.31 0.43 0.09 0.72 0.09
15.00 27.15 10.04 635.62 -60.27 0.70 -0.88 -0.21 0.39 0.48 0.97 0.02
11.00 13.18 -75.93 698.47 173.32 -0.51 -0.83 0.41 0.11 0.33 0.34 0.47
38.00 218.09 -173.21 86.25 -741.79 -0.31 -0.59 -0.54 0.10 0.23 0.46 0.45
8.00 13.77 153.34 -661.66 106.71 0.51 -0.89 0.74 0.77 0.78 0.90 0.21
14.00 32.01 -45.07 -415.52 388.90 0.29 -0.05 -0.27 0.61 0.65 0.53 0.78
8.00 1.82 224.27 213.27 432.80 -0.86 0.72 -0.51 0.33 0.04 0.59 0.81
8.00 6.35 -270.25 336.81 525.85 0.13 -0.68 0.35 0.13 0.23 0.19 0.31
8.00 1.92 -202.45 -415.07 635.44 -0.69 0.22 -0.15 0.45 0.55 0.54 0.74
12.00 37.52 -271.19 643.01 -208.56 0.07 -0.44 0.48 0.23 0.77 0.73 0.07
5.00 0.27 526.29 -571.12 -173.36 -0.13 -1.00 0.48 0.45 0.21 0.34 0.93
6.00 6.23 -60.69 -75.71 135.33 -0.19 0.31 -0.26 0.69 0.57 0.37 0.12
14.00 51.92 -601.11 -179.13 -45.40 0.76 0.65 0.66 0.67 0.62 0.30 0.25
32.00 197.76 245.41 178.30 507.04 0.29 -0.41 -0.03 0.30 0.25 0.33 0.08
7.00 4.45 -459.39 190.62 -186.32 0.66 0.66 0.08 0.43 0.15 0.02 0.87
10.00 2.04 -317.85 328.05 632.61 0.26 0.41 -0.38 0.53 0.89 0.93 0.74
10.00 3.87 302.09 159.85 435.12 0.40 0.30 -0.90 0.44 0.33 0.48 0.75
6.00 9.74 -3.90 -543.94 407.01 -0.53 -0.95 -0.13 0.68 0.88 0.19 0.86
10.00 11.65 -100.01 324.60 -172.71 1.00 0.44 0.57 0.68 0.33 0.37 0.09
8.00 1.26 -21.02 441.01 277.61 0.51 0.63 -0.34 0.71 0.87 0.33 0.65
14.00 51.73 -268.94 -268.07 38.34 0.64 0.42 -0.10 0.28 0.66 0.72 0.72
11.00 31.44 386.02 -492.05 242.86 0.37 0.19 -0.82 0.94 0.65 0.29 0.43
6.00 0.91 763.69 136.43 65.07 -0.57 -0.89 0.26 0.57 0.72 0.68 0.54
6.00 3.66 145.21 -329.35 451.15 0.62 0.04 -0.94 0.79 0.18 0.56 0.38
6.00 7.71 -349.89 488.39 202.71 -0.90 -0.65 -0.85 0.43 0.78 0.26 0.48
7.00 9.64 91.21 200.67 -6.12 -0.25 0.29 0.84 0.11 0.78 0.01 0.35
6.00 1.67 -359.59 402.66 65.80 0.74 -0.45 0.73 0.69 0.92 0.28 0.32
6.00 6.23 243.95 -539.42 -435.30 -0.16 -0.19 0.91 0.04 0.51 0.18 0.20
14.00 7.14 250.77 -99.60 741.60 -0.59 0.31 0.58 0.01 0.36 0.64 0.47
12.00 35.66 -377.70 -306.48 -372.41 0.06 0.72 -0.86 0.83 0.88 0.45 0.31
8.00 13.53 -441.46 218.00 104.08 0.41 0.91 -0.45 0.39 0.77 0.55 0.93
9.00 22.67 -501.61 184.54 36.80 -0.13 -0.34 -0.56 0.41 0.46 0.84 0.08
31.00 270.24 319.16 41.61 289.14 0.57 -0.16 0.99 0.70 0.39 0.07 0.01
23.00 100.02 -573.29 425.44 -19.81 -0.54 -0.23 0.01 0.87 0.44 0.12 0.12
19.00 34.36 125.49 508.06 -283.37 0.79 0.55 -0.21 0.95 0.89 0.27 0.87
19.00 90.08 330.58 166.79 363.79 -0.87 0.59 -0.72 0.70 0.11 0.90 0.17
5.00 6.23 -488.24 -329.49 232.68 0.83 0.58 0.75 0.41 0.98 0.69 0.59
8.00 8.29 327.63 -359.94 628.43 -0.96 -0.09 -0.02 0.62 0.66 0.61 0.42
16.00 9.38 -2.43 -316.12 460.19 -0.11 -0.46 -0.05 0.24 0.40 0.84 0.67
8.00 14.52 242.44 124.10 -397.94 0.54 0.42 0.38 0.82 0.62 0.17 0.26
5.00 5.68 340.49 88.12 245.18 -0.23 0.60 0.64 0.39 0.22 0.94 0.50
14.00 6.75 -449.02 -46.56 83.06 0.87 0.94 0.89 0.74 0.65 0.95 0.88
33.00 30.18 -33.47 388.52 -92.29 0.13 0.34 -0.57 0.54 0.66 0.02 0.91
8.00 11.36 500.27 377.97 317.06 0.38 -0.41 -0.40 0.01 0.56 0.81 0.00
25.00 46.91 -134.18 190.45 62.60 -0.57 -0.63 0.71 0.75 0.73 0.06 0.97
19.00 80.52 -49.79 435.63 -349.49 0.89 0.57 -0.53 0.22 0.88 0.17 0.69
5.00 3.09 166.15 -107.49 763.29 -0.26 -0.17 -0.54 0.16 0.83 0.78 0.45
12.00 40.54 -52.44 692.07 -312.02 0.93 1.00 0.53 0.15 0.43 0.81 0.90
24.00 72.09 271.24 171.77 -423.55 0.43 -0.81 -0.73 0.90 1.00 0.07 0.89
7.00 0.92 -571.80 138.38 -391.63 -0.08 -1.00 0.25 0.82 0.31 0.59 0.29
14.00 27.75 -119.21 376.76 140.30 0.07 -0.08 0.46 0.56 0.37 0.72 0.75
8.00 3.43 -186.65 278.28 201.04 -0.50 0.52 -0.73 0.12 0.04 0.86 0.87
8.00 8.20 158.07 20.23 653.28 -0.34 -0.26 0.79 0.99 0.95 0.06 0.27
6.00 10.08 7.14 -385.10 -234.93 0.35 0.79 -0.58 0.60 0.92 0.10 0.75
6.00 4.31 618.97 -20.95 -64.63 -0.54 0.57 -0.99 0.62 0.55 0.64 0.92
6.00 6.78 57.67 495.98 -221.15 0.80 -0.14 0.72 0.96 0.44 0.51 0.13
6.00 1.16 391.45 -78.57 -221.07 -0.34 0.38 0.11 0.64 0.47 0.95 0.80
18.00 3.46 491.77 83.56 493.95 -0.89 -0.20 -0.99 0.61 0.67 0.54 0.55
9.00 2.80 -495.36 197.17 581.91 0.46 0.67 0.58 0.95 0.04 0.48 0.77
7.00 12.68 478.62 -0.34 -279.44 0.73 -0.01 0.00 0.31 0.41 0.89 0.78
6.00 8.08 180.79 245.43 -649.37 -0.34 -0.12 0.80 0.08 0.65 0.84 0.44
18.00 5.09 -651.33 0.63 286.69 0.75 -0.08 -0.74 0.62 0.92 0.88 0.40
5.00 5.77 633.87 -332.89 -174.01 0.36 -0.48 0.43 0.76 0.54 0.67 0.34
15.00 55.17 -80.07 199.16 48.57 -0.61 0.76 0.06 0.10 0.07 0.95 0.43
11.00 12.42 523.03 -270.05 -19.61 0.98 0.06 -0.13 0.82 0.56 0.34 0.89
12.00 24.20 132.82 -481.80 18.80 0.23 0.06 -0.52 0.45 0.50 0.29 0.14
14.00 27.60 -120.51 -314.88 622.92 -0.48 0.47 0.39 0.25 0.51 0.90 0.59
7.00 11.43 -31.65 424.35 -57.58 0.45 -0.87 -0.16 0.75 0.95 0.52 0.59
11.00 28.30 -105.75 -103.82 465.12 -0.69 -0.26 0.93 0.74 0.18 0.60 0.95
13.00 30.04 200.60 37.29 -187.28 0.21 -0.85 0.95 0.63 1.00 0.00 0.17
7.00 7.31 -645.48 80.88 135.04 0.40 0.35 0.43 1.00 0.84 0.96 0.09
9.00 21.65 -189.07 465.74 95.83 -0.88 0.79 0.98 0.53 0.14 0.15 0.14
14.00 55.38 468.66 1.60 70.63 -0.37 -0.80 -0.84 0.81 0.57 0.33 0.67
16.00 3.08 -6.49 67.31 -151.50 0.67 0.65 0.35 0.24 0.68 0.16 0.88
5.00 1.49 53.94 -418.37 439.02 0.86 -0.64 0.21 0.40 0.71 0.59 0.68
20.00 57.99 -215.35 444.79 -471.93 0.82 -0.88 0.33 0.98 0.16 0.25 0.80
26.00 77.15 54.21 319.76 -130.86 -0.56 0.50 0.10 0.05 0.71 0.45 0.55
18.00 9.33 -124.26 44.27 331.43 0.13 0.25 -0.57 0.93 0.10 0.56 0.24
24.00 86.45 -250.56 -323.79 150.77 0.52 0.18 0.24 0.84 0.73 0.51 0.23
27.00 197.63 -100.94 337.74 -544.85 -0.90 -0.87 0.77 0.97 0.47 0.90 0.04
9.00 19.04 521.54 142.21 532.34 -0.13 0.45 0.80 0.88 0.79 0.94 0.02
11.00 23.90 247.23 -760.52 11.60 0.84 0.30 -0.64 0.66 0.60 0.55 0.61
38.00 217.86 169.64 103.94 124.95 -0.77 -0.34 0.42 0.02 0.38 0.27 0.13
36.00 94.01 425.81 553.40 -93.90 0.47 -0.20 0.94 0.64 0.92 0.00 0.34
5.00 1.39 -251.30 -392.25 -573.36 0.16 0.70 0.07 0.07 0.47 0.91 0.38
10.00 29.02 110.06 -190.80 -278.44 -0.12 0.89 -0.31 0.91 0.63 0.61 0.73
9.00 20.10 -106.46 258.88 50.80 -0.43 -0.42 -0.52 0.53 0.50 0.35 0.06
14.00 30.06 97.33 232.04 658.58 0.77 0.82 -0.12 0.27 0.47 0.61 0.36
7.00 0.97 -284.37 432.65 -156.41 -0.18 -0.36 -0.58 0.62 0.35 0.85 0.79
10.00 17.31 -468.04 105.62 -279.53 -0.56 0.91 -0.56 0.48 0.16 0.34 0.73
12.00 15.67 -170.55 -365.47 -427.22 0.83 0.30 -0.44 0.62 0.41 0.41 0.21
5.00 3.87 -287.80 384.89 120.32 -0.22 -0.49 0.98 0.16 0.83 0.10 0.99
9.00 22.73 -523.41 -292.07 120.52 -1.00 -0.27 0.26 0.69 0.72 0.38 0.32
8.00 14.70 64.37 462.64 -617.93 0.53 0.61 0.52 0.25 0.60 0.10 0.76
16.00 57.19 -205.72 -81.94 588.90 -0.01 0.95 -0.59 0.23 0.95 0.53 0.67
13.00 45.10 125.91 -332.99 589.17 -0.38 0.23 0.75 0.92 0.85 0.49 0.63
5.00 1.31 433.09 -98.27 -485.94 0.76 0.51 0.34 0.31 0.99 0.39 0.14
16.00 39.80 187.61 -589.22 -245.68 0.20 -0.69 0.63 0.45 0.20 0.01 0.71
12.00 21.33 -316.76 -316.31 15.09 0.72 0.30 0.27 0.83 0.04 0.75 0.83
7.00 11.48 171.65 -400.54 501.04 -0.71 0.09 -0.73 0.54 0.61 0.95 0.54
20.00 56.55 592.83 137.01 -157.52 -0.88 0.33 0.36 0.27 0.47 0.74 0.95
8.00 8.31 135.56 -633.03 346.37 0.43 -0.34 -0.57 0.11 0.58 0.26 0.60
17.00 52.10 131.62 -508.43 42.60 0.32 -0.69 0.55 0.74 0.94 0.43 0.14
7.00 11.01 75.50 -97.16 259.11 0.21 0.12 -0.78 0.57 0.99 0.98 0.26
7.00 7.22 689.99 -63.35 -194.08 -0.59 -0.89 -0.82 0.22 0.83 0.51 0.25
6.00 4.15 -285.43 -292.69 532.65 0.95 -0.86 -0.48 0.44 0.84 0.71 0.29
23.00 23.72 -634.04 -339.76 -106.18 0.18 0.90 -0.76 0.27 0.41 0.73 0.29
9.00 22.93 56.31 334.79 -345.51 0.04 -0.41 0.60 0.98 0.71 0.08 0.48
8.00 14.58 96.29 -368.00 -105.93 0.87 -0.03 -0.62 0.24 0.83 0.59 0.52
10.00 23.87 -358.62 -256.58 558.11 0.39 0.78 -0.51 0.83 0.17 0.36 0.15
13.00 46.05 292.24 369.93 580.82 -0.12 -0.47 0.34 0.04 0.98 0.47 0.44
7.00 12.84 -420.94 -72.45 -450.15 0.18 -0.68 0.51 0.80 0.09 0.54 0.47
12.00 12.30 76.92 -148.60 -736.11 0.92 0.30 0.57 0.78 0.06 0.11 0.63
7.00 0.19 -157.33 559.07 409.37 -0.17 -0.16 0.30 0.37 0.55 0.02 0.27
9.00 20.62 517.73 140.83 -545.12 -0.51 0.58 0.15 0.01 0.29 0.51 0.80
13.00 10.55 708.72 -223.99 -151.64 -0.13 -0.32 0.63 0.20 0.52 0.09 0.21
7.00 7.85 -739.66 69.50 293.87 0.78 0.63 0.74 0.21 0.53 0.95 0.49
6.00 5.16 134.97 -665.30 -281.82 0.41 0.82 -0.93 0.60 0.80 0.42 0.60
5.00 0.64 -331.62 231.37 -164.66 -0.73 0.80 0.70 0.63 0.02 0.81 0.88
11.00 28.03 -77.69 -240.30 -409.72 0.94 -0.16 -0.27 0.55 0.09 0.88 0.60
5.00 0.97 367.09 380.82 342.49 -0.75 0.65 -0.88 0.84 0.13 0.58 0.38
11.00 21.83 -434.61 -624.33 6.46 0.07 -0.66 0.26 0.75 0.09 0.67 0.68
5.00 6.59 -282.36 514.81 -283.52 0.84 0.45 0.06 0.66 0.83 0.86 0.02
10.00 20.98 -149.97 659.45 -279.03 0.09 0.60 -0.10 0.09 0.14 0.81 0.35
8.00 8.27 205.31 -201.83 233.69 -0.09 -0.54 -0.07 0.57 0.67 0.66 0.31
33.00 272.32 -125.35 -287.37 -435.45 0.74 -0.29 -0.55 0.05 0.78 0.65 0.92
15.00 10.42 369.29 -450.95 -120.39 0.70 0.28 0.35 0.38 0.81 0.43 0.70
6.00 1.49 -145.71 -133.92 -119.19 0.24 -0.20 -0.14 1.00 0.78 0.96 0.50
6.00 6.14 -237.06 493.76 99.89 -0.97 0.32 -0.09 0.73 0.05 0.59 0.27
17.00 14.29 -518.80 -455.35 238.11 -0.21 -0.26 0.85 0.23 0.31 0.97 0.34
13.00 14.71 -227.07 239.29 610.42 -0.68 -0.22 0.02 0.05 0.56 0.30 0.93
5.00 3.76 -228.96 -324.03 -596.44 0.94 0.34 -0.94 0.83 0.88 0.46 0.59
37.00 149.76 159.43 -271.79 610.19 0.93 0.17 -0.76 0.30 0.23 0.76 0.15
6.00 9.10 -10.59 -56.82 -59.44 -0.23 -0.80 0.32 0.70 0.64 0.16 0.20
26.00 82.03 65.27 -135.10 -331.71 0.31 0.83 0.47 0.69 0.20 0.03 0.70
10.00 11.93 512.79 223.84 2.99 -0.26 -0.90 0.33 0.20 0.50 0.35 0.09
13.00 14.33 714.02 -60.51 -209.99 -0.55 0.90 0.85 0.45 0.09 0.77 0.72
9.00 6.42 391.06 -602.97 69.98 -0.28 0.69 -0.44 0.87 0.18 0.89 0.56
11.00 16.17 256.67 -234.55 45.21 0.75 0.18 -0.12 0.70 0.22 0.09 0.46
7.00 5.44 739.67 -208.82 -80.32 -0.42 0.03 0.41 0.01 0.02 0.89 0.33
8.00 12.50 370.85 -664.00 -10.91 -0.01 -0.38 -0.76 0.32 0.76 0.77 0.36
18.00 91.91 -266.59 -485.37 564.53 0.17 -0.51 -0.57 0.27 0.26 0.17 0.20
11.00 25.93 49.65 -89.57 -696.89 -0.19 -0.67 0.22 0.17 0.48 0.02 0.35
5.00 6.18 -455.06 564.63 -139.04 0.67 0.63 0.40 0.84 0.91 0.42 0.79
9.00 22.04 128.00 -118.70 -248.73 0.22 0.51 -0.42 0.50 0.45 0.33 0.13
19.00 96.65 -52.57 79.52 -167.37 -0.87 -0.93 0.18 0.75 0.14 0.58 0.95
8.00 3.94 130.80 14.78 553.31 0.88 0.72 0.66 0.61 0.06 0.60 0.66
11.00 17.51 -579.62 58.82 406.35 0.16 -0.67 0.35 0.17 0.40 0.92 0.77
6.00 5.93 45.13 -182.71 -649.80 0.88 0.66 -0.99 0.93 0.52 0.93 0.51
14.00 33.73 -294.54 -561.61 49.85 0.25 0.37 0.45 0.03 0.62 0.92 0.81
9.00 15.37 181.27 723.02 -190.02 0.82 -0.13 -0.36 0.94 0.94 0.80 0.64
26.00 184.57 363.87 395.62 -486.04 0.16 -0.79 -0.11 0.33 0.47 0.90 0.61
18.00 88.58 643.85 -105.42 444.73 0.66 -0.97 0.33 0.31 0.14 0.92 0.69
11.00 29.25 226.30 -127.22 -300.20 0.37 0.80 -0.51 0.69 0.24 0.60 0.35
18.00 43.82 -56.96 -200.83 -711.05 0.21 -0.54 -0.86 0.95 0.62 0.68 0.01
25.00 168.84 152.47 161.93 -172.69 0.50 0.81 -0.04 0.11 0.23 0.56 0.78
14.00 37.05 -30.42 327.79 -674.63 -0.30 0.94 -0.98 0.04 0.67 0.81 0.54
9.00 21.31 37.73 428.49 -209.66 -0.13 -0.04 0.23 0.25 0.72 0.25 0.06
13.00 5.44 310.02 -185.91 695.51 0.14 0.18 -0.58 0.36 0.43 0.97 0.28
9.00 3.22 425.91 -21.80 -595.81 -0.56 -0.11 -0.50 0.08 0.13 0.57 0.01
5.00 4.39 -245.63 -585.83 -420.30 0.55 0.28 0.52 0.96 0.41 0.88 0.93
6.00 8.63 112.77 315.79 644.57 -0.33 0.97 -0.41 0.73 0.98 0.75 0.39
24.00 64.28 210.38 397.28 416.72 0.92 -0.68 0.78 0.47 0.75 0.74 0.42
7.00 12.54 394.78 -307.78 423.19 -0.74 -0.34 0.33 0.97 0.18 0.79 0.00
7.00 1.06 -548.49 -107.04 -567.73 0.66 0.54 0.18 0.96 0.65 0.95 0.02
20.00 65.88 -476.33 -353.36 -450.71 -0.88 0.89 -0.54 0.94 0.69 0.07 0.24
5.00 1.64 -353.13 -364.89 -338.81 0.17 -0.08 -0.18 0.66 0.18 0.60 0.87
19.00 30.75 -324.27 452.42 296.03 0.75 0.76 -0.83 0.59 0.29 0.08 0.54
12.00 2.03 -355.15 -118.99 -507.49 0.77 0.35 -0.23 0.48 0.97 0.07 0.63
22.00 128.00 -334.66 588.16 313.61 -0.96 0.32 -0.43 0.50 0.14 0.42 0.72
38.00 375.27 173.82 90.65 -88.28 0.44 0.58 -0.01 0.40 0.47 0.07 0.48
20.00 65.84 141.78 -132.02 -595.46 -0.12 0.03 0.54 0.27 0.94 0.71 0.40
5.00 4.60 409.39 -312.58 474.40 -0.98 -0.39 -0.35 0.89 0.80 0.52 0.97
5.00 0.78 -210.22 -16.47 -467.96 -0.62 0.04 -0.08 0.90 0.34 0.89 0.21
6.00 6.88 480.39 -478.51 -195.96 -0.74 0.79 -0.43 0.58 0.31 0.06 0.67
19.00 62.14 194.76 195.81 -551.15 -0.52 -0.81 0.43 0.54 0.40 0.19 0.10
5.00 0.81 -641.49 220.72 149.86 -0.28 -0.33 0.24 0.76 0.67 0.62 0.93
5.00 4.79 340.69 -483.51 -479.93 0.34 -0.66 -0.74 0.79 0.01 0.19 0.56
28.00 151.51 235.81 228.12 -81.72 -0.92 -0.03 0.73 0.22 0.99 0.66 0.61
7.00 5.83 -769.72 138.88 79.91 0.48 0.31 -0.89 0.95 0.23 0.33 0.46
8.00 7.26 35.37 66.33 60.47 -0.21 -0.65 -0.01 0.60 0.80 0.75 0.14
13.00 3.19 275.63 428.66 -594.44 0.42 -0.61 -0.10 0.81 0.61 0.66 0.80
13.00 32.68 -108.87 16.59 -529.98 0.78 -0.90 0.03 0.74 0.01 0.41 0.29
15.00 8.80 32.67 -199.86 506.27 0.28 -0.45 -0.06 0.64 0.28 0.29 0.81
9.00 1.99 394.98 -209.35 460.09 -0.58 0.82 -0.85 0.83 0.91 0.94 0.84
20.00 17.96 -323.02 206.54 -364.14 -0.23 0.07 0.06 0.09 0.03 0.86 0.49
7.00 13.44 521.28 -463.68 -172.39 0.58 -0.61 0.76 0.46 0.65 0.38 0.48
11.00 33.10 121.84 340.01 270.20 0.03 0.74 0.52 0.63 0.31 0.65 0.27
21.00 20.51 282.82 -593.55 -106.63 -0.95 0.17 0.65 0.90 0.11 0.40 0.54
16.00 15.99 -253.19 51.61 -755.74 -0.84 0.84 0.30 0.68 0.56 0.57 0.53
6.00 5.60 369.50 474.71 -42.73 0.17 0.04 -0.59 0.58 0.15 0.47 0.09
5.00 2.79 292.42 79.05 -207.89 0.14 -0.34 0.85 0.39 0.19 0.48 0.37
27.00 76.35 51.70 313.39 635.73 -0.73 -0.64 -0.08 0.57 0.86 0.87 0.43
19.00 63.57 303.36 66.87 -395.98 -0.18 -0.96 0.47 0.53 0.10 0.34 0.93
12.00 39.97 621.34 195.63 -265.32 -0.90 -0.13 0.82 0.64 0.61 0.74 0.44
17.00 2.57 399.92 422.21 -112.90 0.34 0.41 -0.76 0.53 0.84 0.69 0.23
11.00 22.07 -170.33 327.42 677.27 0.21 0.68 0.80 0.98 0.84 0.56 0.60
5.00 1.12 -18.11 90.69 -543.07 0.09 0.07 0.35 0.06 0.24 0.47 0.40
11.00 21.48 -182.33 469.59 -579.10 0.73 -0.23 -0.73 0.43 0.83 0.77 0.95
12.00 21.23 480.45 350.74 -58.89 0.80 0.26 -0.64 0.35 0.61 0.17 0.83
11.00 7.14 -446.60 -496.85 25.64 -0.52 -0.43 -0.62 0.61 0.19 0.26 0.65
6.00 10.34 671.42 -31.69 78.58 0.53 -0.21 -0.63 0.92 0.24 0.66 0.06
20.00 25.26 -6.33 -688.06 367.96 -0.81 -0.74 0.24 0.96 0.46 0.56 0.62
9.00 2.34 -41.64 385.00 -428.59 0.30 0.62 -0.88 0.01 0.37 0.62 0.08
7.00 4.39 -566.92 146.41 61.68 -0.56 0.73 0.68 0.72 0.02 0.78 0.35
6.00 5.37 -544.86 97.56 -531.87 -0.44 0.09 0.08 0.99 0.88 0.27 0.79
13.00 28.35 574.19 -395.79 -67.86 0.32 0.21 -0.47 0.82 0.81 0.98 0.62
5.00 1.56 -376.08 635.76 302.39 -0.99 0.67 0.11 0.04 0.86 0.80 0.31
9.00 6.21 273.38 256.94 523.81 -0.40 0.77 -0.78 0.81 0.48 0.17 0.13
10.00 0.44 568.92 -535.90 -146.60 0.73 -0.17 0.69 0.59 0.01 0.44 0.71
9.00 12.24 -154.38 67.78 -577.75 -0.26 -0.42 0.79 0.98 0.44 0.29 0.90
19.00 22.23 511.98 209.31 260.80 0.46 0.41 0.01 0.03 0.52 0.48 0.21
16.00 29.71 -78.24 50.72 -527.81 0.37 0.84 0.61 0.67 0.46 0.44 0.05
9.00 23.10 325.32 -162.21 555.41 -0.54 0.92 0.59 0.51 0.25 0.30 0.12
6.00 0.52 -567.04 -115.68 223.72 0.63 -0.68 0.26 0.56 0.75 0.76 0.39
5.00 5.41 10.03 -468.73 -465.51 -0.36 -0.86 -0.37 0.43 0.12 0.60 0.89
12.00 25.13 633.58 -108.07 -440.07 -0.60 0.74 0.05 0.98 0.73 0.26 0.12
6.00 9.43 191.79 -126.09 -311.26 -0.79 0.42 -0.98 0.60 0.24 0.34 0.07
6.00 7.61 -258.91 -375.77 232.92 -0.29 0.66 -0.51 0.24 0.56 0.49 0.58
12.00 41.16 728.21 -221.01 -174.83 0.81 -0.60 -0.79 0.33 0.95 0.54 0.52
6.00 2.46 -66.35 250.48 82.19 0.05 0.51 -0.07 0.05 0.65 0.24 0.14
12.00 26.30 -250.67 31.39 709.04 0.97 -0.17 0.88 0.96 0.99 0.02 0.12
5.00 2.46 173.12 112.41 500.59 -0.43 0.99 0.45 0.10 0.71 0.56 0.10
6.00 3.43 199.95 303.83 611.54 0.25 -0.18 0.05 0.61 0.73 0.98 0.82
7.00 6.17 189.90 15.15 -674.68 0.63 0.31 0.15 0.57 0.83 0.97 0.95
25.00 99.16 -220.02 -325.37 -46.33 0.65 -0.66 0.06 0.48 0.85 0.90 0.16
7.00 6.30 -403.51 -17.84 475.02 0.37 0.32 -0.32 0.38 0.13 0.10 0.54
12.00 6.66 -600.83 282.43 33.72 0.94 -0.39 0.81 0.57 0.85 0.17 0.67
29.00 17.47 277.22 -51.26 276.03 0.96 0.08 0.72 0.31 0.86 0.14 0.32
7.00 14.17 212.53 222.36 -463.15 0.99 0.40 -0.58 0.82 0.61 0.95 0.09
7.00 13.22 652.36 26.30 139.46 -0.68 -0.98 -0.52 0.64 0.64 0.35 0.94
12.00 40.23 366.54 366.44 -575.82 -0.75 -0.42 0.13 0.81 0.46 0.61 0.00
27.00 44.05 494.45 76.50 -171.58 -0.65 0.78 0.06 0.24 0.13 0.54 0.07
5.00 1.44 43.39 -290.06 -568.96 -0.73 -0.62 -0.35 0.22 0.71 0.90 0.86
7.00 7.78 -464.33 -588.43 -117.04 0.42 -0.43 -0.51 0.28 0.25 0.94 0.47
13.00 32.86 -165.45 -627.73 -291.95 0.22 -0.17 -0.01 0.45 0.40 0.80 0.86
29.00 175.63 -85.74 622.30 -461.62 -0.06 -0.12 0.72 0.40 0.49 0.51 0.22
16.00 11.12 -359.79 247.74 647.89 0.90 -0.15 0.75 0.43 0.69 0.22 0.16
5.00 5.46 -231.08 665.88 172.20 -0.34 -0.88 0.82 0.27 0.07 0.95 0.42
32.00 286.90 -188.68 596.63 -152.01 -0.83 0.16 -0.32 0.07 0.47 0.38 0.95
11.00 16.61 -179.22 -561.92 -83.39 -0.58 0.71 0.58 0.59 0.43 0.53 0.58
7.00 13.47 400.46 -357.49 -396.46 -0.19 0.46 0.27 0.14 0.05 0.41 0.58
35.00 278.92 91.36 607.09 278.05 -0.41 0.04 0.97 0.14 0.57 0.36 0.51
14.00 18.08 -418.00 -225.37 -203.84 -0.86 -0.05 -0.36 0.88 0.13 0.46 0.25
13.00 10.27 311.46 -109.78 -395.50 0.01 0.17 -0.16 0.80 0.98 0.67 0.67
7.00 1.04 -19.89 -503.42 -142.54 -0.98 -0.56 -0.69 0.98 0.02 0.90 0.86
6.00 7.56 -41.99 162.87 225.33 -0.10 0.55 -0.39 0.02 0.31 0.35 0.35
9.00 19.96 751.78 170.87 -49.50 -0.07 0.07 0.69 0.21 0.56 0.76 0.33
6.00 5.37 -469.36 201.15 -46.16 -0.09 0.18 -0.96 0.11 0.35 0.27 0.39
8.00 17.71 -783.93 -62.20 -145.45 0.19 -0.59 0.01 0.93 0.59 0.33 0.73
12.00 40.01 126.60 -391.32 277.38 0.94 -0.76 0.12 0.19 0.71 0.78 0.33
10.00 22.10 408.95 -221.68 -278.21 0.95 0.10 -0.71 0.85 0.94 0.12 0.51
16.00 14.48 -67.72 -267.92 -101.40 -0.04 0.59 0.80 0.64 0.76 0.48 0.02
7.00 11.13 -150.27 -197.05 -294.35 -0.48 -0.68 0.78 0.15 0.77 0.96 0.57
11.00 26.37 484.97 529.97 -87.72 0.32 -0.65 -0.60 0.41 0.85 0.65 0.94
13.00 37.63 -81.19 100.83 353.29 0.39 0.69 0.84 0.30 0.58 0.71 0.70
7.00 11.45 -54.10 403.01 -300.10 0.54 -0.54 -0.10 0.39 0.59 0.79 0.49
8.00 14.25 -159.23 -86.51 434.97 -0.36 -0.35 -0.34 0.68 0.05 0.95 0.97
9.00 16.54 273.55 123.35 29.08 -0.31 0.61 0.13 0.28 0.77 0.25 0.92
5.00 2.33 602.47 -301.94 140.36 0.16 -0.33 0.08 0.98 0.49 0.53 0.81
6.00 6.21 -122.66 -174.85 -405.34 0.91 0.84 0.71 0.94 0.91 0.22 0.70
14.00 32.12 284.15 563.73 -11.21 -0.11 -0.21 0.49 0.74 0.57 0.23 0.42
18.00 38.70 75.25 -275.05 -559.02 0.33 0.30 0.68 0.48 0.11 0.92 0.31
10.00 1.15 -137.28 -141.66 550.90 -0.42 -0.86 -0.97 0.97 0.28 0.27 0.87
10.00 23.20 -340.34 -263.75 260.91 -0.04 0.32 0.94 0.25 0.56 0.91 0.92
19.00 35.94 -679.10 -3.40 -108.53 0.23 -0.92 0.83 0.31 0.25 0.09 0.90
7.00 5.37 -343.66 -553.27 -337.74 0.71 -0.67 0.80 0.47 0.68 0.33 0.24
6.00 0.09 531.70 -437.07 106.73 0.70 0.17 -0.71 0.16 0.40 0.11 0.71
8.00 6.37 -469.07 -520.62 75.73 -0.88 0.21 0.57 0.23 0.29 0.65 0.24
14.00 37.20 157.09 -240.07 438.13 0.30 -0.83 0.81 0.17 0.95 0.98 0.62
9.00 10.54 -299.77 -404.67 -81.46 -0.31 -0.50 0.48 0.57 0.63 0.84 0.25
30.00 187.85 22.77 197.61 271.73 0.23 -0.87 0.90 0.81 0.89 0.88 0.57
16.00 47.59 387.90 439.25 433.61 -0.90 -0.10 0.58 0.37 0.98 0.76 0.47
11.00 19.62 -487.32 167.12 607.45 0.14 -0.61 -0.72 0.18 0.55 0.00 0.60
8.00 13.95 436.37 -418.71 116.73 0.08 0.09 0.63 0.49 0.74 0.48 0.62
17.00 81.22 -247.90 257.13 -464.06 0.54 0.61 -0.40 0.89 0.65 0.40 0.94
14.00 47.41 107.35 -262.96 -569.48 0.36 -0.96 -0.54 0.39 0.00 0.94 0.09
12.00 14.29 -287.87 41.99 690.47 -0.83 0.60 -0.94 0.39 0.56 0.17 0.90
7.00 11.03 490.93 386.28 328.42 -0.61 -0.57 -0.63 0.42 0.15 0.05 0.19
23.00 17.58 95.86 690.44 359.36 0.39 0.73 0.54 0.14 0.36 0.78 0.05
8.00 13.35 -418.48 265.67 249.34 -0.99 0.96 -0.15 0.19 0.26 0.13 0.02
20.00 100.10 -9.95 -91.46 61.04 -0.46 -0.01 -0.72 0.92 0.92 0.45 0.81
6.00 8.59 -247.46 -615.49 -70.61 -0.66 0.77 -0.28 0.01 0.05 0.09 0.60
6.00 6.18 444.46 -645.12 78.19 -0.58 0.90 -0.24 0.53 0.12 0.59 0.44
13.00 34.32 453.30 104.52 34.90 -0.55 -0.22 -0.16 0.05 0.57 0.57 0.76
5.00 6.28 109.59 738.46 216.02 -0.85 -0.76 -0.50 0.10 0.13 0.63 0.66
8.00 13.21 84.88 -205.37 375.48 0.37 0.96 -0.57 0.36 0.26 0.77 0.54
6.00 5.68 -208.65 -323.03 -165.51 0.81 -0.73 0.90 0.74 0.23 0.71 0.98
10.00 20.48 626.98 -431.67 224.06 -0.77 -0.47 -0.64 0.18 0.05 0.51 0.90
16.00 53.07 -45.74 184.88 -692.46 0.57 -0.88 -0.07 0.51 0.67 0.32 0.78
6.00 7.69 -186.14 669.60 -53.81 0.22 0.68 0.45 0.39 0.79 0.93 0.25
10.00 5.18 32.47 525.57 243.93 0.82 -0.96 -0.79 0.64 0.24 0.12 0.23
7.00 9.98 -83.04 -563.46 -557.23 -0.93 0.02 0.67 0.69 0.94 0.51 0.14
15.00 51.48 -150.14 218.86 -433.64 0.33 -0.13 0.31 0.54 0.15 0.91 0.67
9.00 12.04 -332.74 51.85 -134.37 -0.21 -0.14 -0.31 0.38 0.01 0.33 0.58
11.00 24.88 -317.35 4.53 -425.59 -0.61 0.96 -0.06 0.37 0.70 0.82 0.97
19.00 50.69 -39.44 140.28 -274.84 0.70 -0.10 -0.91 0.41 0.79 0.57 0.38
33.00 160.40 -246.22 407.94 -624.71 0.82 -0.88 -0.51 0.96 0.16 0.63 0.53
6.00 3.88 243.77 -178.35 110.01 0.32 0.17 0.06 0.98 0.51 0.19 0.50
5.00 5.02 564.38 -121.70 97.58 0.90 0.88 -0.86 0.95 0.66 0.64 0.23
11.00 17.64 85.63 463.65 -558.79 -0.30 0.78 0.90 0.60 0.18 0.19 0.57
16.00 60.36 468.41 183.66 592.22 -0.00 0.59 -0.89 0.49 0.82 0.69 0.20
12.00 2.12 -302.37 -601.29 100.82 -0.51 -0.90 0.87 0.08 0.19 0.32 0.59