14.48 832
27.00 158.55 -68.10 550.41 306.29 -0.53 0.81 0.47 0.49 0.68 0.41 0.56
22.00 81.52 -182.87 5.19 86.63 0.40 0.18 -0.70 0.22 0.43 0.71 0.67
18.00 51.33 313.31 -55.44 433.54 0.69 0.07 -0.78 0.69 0.07 0.57 0.15
7.00 10.28 112.10 394.82 196.85 -0.66 0.74 0.36 0.49 0.10 0.64 0.18
14.00 28.59 617.67 -428.56 -203.49 0.97 0.70 0.69 0.95 0.14 0.08 0.74
17.00 17.98 366.92 -358.86 354.25 0.82 0.02 -0.24 0.19 0.76 0.46 0.27
21.00 95.79 219.42 41.25 -50.61 -0.08 0.10 -0.05 0.18 0.26 0.85 0.84
39.00 379.05 535.26 267.33 224.00 -0.17 0.01 0.79 0.09 0.05 0.38 0.63
13.00 3.11 -547.61 448.00 183.56 0.15 -0.32 0.77 0.36 0.96 0.21 0.81
11.00 34.61 209.63 304.23 229.69 0.99 -0.79 0.43 0.28 0.18 0.02 0.42
12.00 49.87 -49.78 534.59 269.85 0.78 -0.65 0.37 0.95 0.99 0.86 0.42
8.00 17.38 -287.47 -254.28 -258.82 0.19 0.30 -0.92 0.39 0.10 0.78 0.42
11.00 18.23 692.86 -103.31 -46.51 0.93 -0.91 0.02 0.40 0.34 0.06 0.71
8.00 20.09 -190.61 -415.44 -462.95 -0.34 -0.47 -0.76 0.21 0.25 0.60 0.28
11.00 33.01 45.66 -47.15 211.97 0.31 -0.38 -0.35 0.29 0.38 0.71 0.11
8.00 2.33 507.79 2.47 -152.68 0.00 -0.80 0.00 0.25 0.48 0.72 0.39
14.00 41.74 223.71 -439.73 -565.78 -0.21 0.68 0.56 0.53 0.07 0.50 0.51
7.00 5.78 -351.96 9.52 484.84 0.94 0.78 -0.14 0.79 0.26 0.81 0.45
8.00 12.17 -112.66 -548.75 151.96 -0.20 0.63 0.92 0.79 0.60 0.54 0.28
13.00 53.22 -5.17 -421.90 599.63 0.11 0.97 0.21 0.55 0.61 0.61 0.28
26.00 185.14 181.01 -388.60 243.92 -0.65 -0.25 0.29 0.51 0.84 0.11 0.42
5.00 6.27 -375.57 -158.52 597.59 -0.54 -0.95 0.07 0.40 0.70 0.11 0.79
8.00 1.12 237.29 89.17 -194.16 0.25 0.28 -0.02 0.74 0.62 0.19 0.04
15.00 40.59 -255.04 -386.86 -88.38 -0.01 0.71 0.12 0.33 1.00 0.00 0.19
7.00 0.86 -617.24 378.89 -303.31 -0.14 0.39 -0.89 0.19 0.59 0.23 0.12
12.00 21.03 -193.22 121.93 761.15 -0.85 -0.37 -0.54 0.09 0.99 0.81 0.08
6.00 5.09 167.17 644.57 240.73 0.35 0.08 -0.85 0.12 0.41 0.74 0.40
8.00 6.93 279.67 -540.34 -305.74 -0.61 0.60 -0.27 0.66 0.17 0.36 0.34
10.00 26.49 679.31 125.17 -191.43 0.74 0.86 -0.60 0.38 0.05 0.43 0.05
15.00 0.00 519.11 277.84 292.30 0.43 0.87 -0.11 0.53 0.54 0.17 0.72
5.00 5.37 288.54 -276.68 -356.18 -0.16 -0.29 -0.51 1.00 0.42 0.14 0.74
21.00 12.21 645.25 355.24 -269.71 0.76 -0.69 -0.55 0.64 0.55 0.92 0.80
13.00 42.25 -254.01 57.56 -646.90 -0.30 -0.09 0.81 0.07 0.14 0.85 0.43
10.00 30.15 -329.49 -366.98 -192.45 0.83 -0.04 0.98 0.82 0.88 0.86 0.32
5.00 0.47 128.79 176.07 -297.13 0.04 0.87 0.77 0.93 0.84 0.31 0.72
15.00 8.71 -572.27 -98.09 -15.92 0.86 -0.32 -0.19 0.78 0.87 0.94 0.06
24.00 148.42 -485.01 -330.00 -381.44 0.45 -0.24 0.03 0.94 0.16 0.13 0.62
5.00 4.19 70.86 -672.84 -169.47 -0.19 -0.21 0.20 0.10 0.10 0.47 0.21
5.00 3.59 -312.64 608.62 -306.24 0.28 -0.39 0.76 0.50 0.08 0.48 0.79
6.00 10.72 -380.07 -384.30 231.77 -0.58 -0.74 -0.29 0.96 0.14 0.59 0.43
15.00 4.72 350.59 -82.98 -55.32 -0.96 0.88 -0.30 0.30 0.20 0.32 0.94
13.00 20.54 -597.74 36.38 43.56 0.57 0.59 0.62 0.35 0.08 0.73 0.98
6.00 3.07 313.20 -292.11 531.04 -0.83 0.62 -0.90 0.41 0.34 0.06 0.86
12.00 7.02 307.86 -92.47 -79.76 0.03 0.94 0.59 0.08 0.43 0.58 0.59
12.00 27.93 -556.80 129.08 -458.58 0.88 -0.05 0.75 0.42 0.82 0.95 0.29
7.00 11.75 -240.76 351.16 -582.36 0.93 -0.74 -0.44 0.06 0.98 0.16 0.92
11.00 7.34 -492.27 136.25 541.94 0.26 -0.12 0.09 0.68 0.25 0.72 0.72
6.00 5.15 281.82 259.69 -318.00 -0.16 -0.20 -0.58 0.95 0.82 0.91 0.82
8.00 9.53 -558.37 -61.70 539.39 -0.11 -0.66 -0.65 0.72 0.28 0.70 0.17
6.00 0.02 433.67 -532.65 294.61 -0.74 -0.43 -0.51 0.24 0.82 0.78 0.24
8.00 7.02 -375.64 256.65 -613.66 0.72 0.83 0.29 0.27 0.03 0.35 0.27
6.00 4.59 -654.82 345.32 228.53 -0.64 0.16 -0.08 0.68 0.34 0.12 0.06
9.00 12.54 -90.97 -15.09 -768.57 0.91 -0.84 -0.57 0.38 0.05 0.79 0.91
7.00 14.61 656.12 -288.73 87.87 0.05 0.03 0.56 0.56 0.67 0.64 0.96
19.00 111.07 353.16 169.16 -122.24 -0.81 -0.11 -0.02 0.40 0.24 0.99 0.77
15.00 46.94 -619.26 -365.18 -330.92 -0.06 -0.83 0.47 0.10 0.08 0.38 0.75
14.00 65.97 52.67 667.03 -180.59 -0.14 0.66 0.75 0.63 0.45 0.66 0.73
25.00 155.53 437.50 21.20 146.98 -0.77 -0.24 0.47 0.81 0.70 0.52 0.74
10.00 27.42 -76.24 37.38 -793.85 -0.43 0.09 -0.47 0.46 0.88 0.14 0.37
18.00 94.01 164.85 318.97 -13.37 -0.26 0.07 -0.55 0.23 0.92 0.19 0.65
16.00 11.66 -285.28 -378.25 -383.94 -0.89 -0.20 -0.73 0.74 0.16 0.65 0.13
19.00 69.68 -307.72 -180.71 -582.76 -0.32 -0.40 0.04 0.95 0.58 0.41 0.13
10.00 19.99 -528.30 -166.58 184.11 -0.38 0.56 -0.58 0.99 0.43 0.15 0.57
17.00 26.89 -143.14 -431.78 -467.06 0.51 0.62 0.69 0.87 0.52 0.02 0.52
10.00 14.56 162.42 -287.62 -93.46 0.50 0.81 -0.83 0.05 0.69 0.59 0.62
6.00 7.53 56.30 667.04 76.95 -0.10 -0.92 -0.17 0.14 0.72 0.51 0.20
25.00 25.84 -204.56 624.42 -318.29 0.30 0.86 -0.12 0.76 0.77 0.48 0.14
22.00 22.17 206.05 -677.56 -70.03 -0.15 -0.61 -0.44 0.57 0.24 0.89 0.23
15.00 10.19 -208.81 -186.79 567.72 -0.37 0.99 -0.98 0.71 0.75 0.10 0.31
5.00 7.11 221.97 403.14 -580.31 0.86 -0.30 0.12 0.36 0.67 0.36 0.97
7.00 10.97 578.70 478.99 165.26 0.37 0.85 0.30 0.79 0.87 0.26 0.34
11.00 14.15 -121.83 201.52 315.44 0.43 -0.51 -0.20 0.39 0.78 0.30 0.83
18.00 105.93 139.91 -504.60 -447.67 0.98 0.25 -0.30 0.52 0.12 0.13 0.77
7.00 12.95 557.39 -299.49 -413.92 -0.94 -0.62 0.73 0.85 0.62 0.64 0.24
8.00 1.84 -279.66 -205.72 672.55 -0.73 -0.49 0.58 0.86 0.55 0.03 0.65
10.00 31.11 -240.67 -365.48 -61.45 0.20 -0.91 -0.58 0.02 0.88 0.39 0.95
5.00 7.64 -406.21 234.96 178.27 -0.93 -0.06 -0.94 0.57 0.00 0.66 0.55
6.00 4.62 244.52 408.05 -410.76 -0.14 -0.43 0.82 0.23 0.28 0.08 0.90
32.00 212.02 567.73 21.56 -495.27 -0.22 -0.59 -0.55 0.69 0.44 0.14 0.61
8.00 5.67 -725.08 139.73 19.78 0.79 0.80 0.16 0.71 0.61 0.51 0.49
7.00 8.08 -328.84 -416.82 -299.99 -0.79 0.03 -0.02 0.93 0.33 0.63 0.28
9.00 21.75 270.83 -20.55 369.40 0.41 -0.36 0.52 0.82 0.95 0.82 0.37
6.00 2.95 -641.98 25.36 -434.16 0.79 0.70 0.32 0.37 0.41 0.49 0.15
19.00 78.91 -445.12 453.42 -212.58 0.08 0.80 0.69 0.47 0.74 0.02 0.67
12.00 25.34 736.30 -272.75 -33.14 -0.97 0.10 -0.96 0.77 0.27 0.57 0.65
5.00 2.02 91.89 -284.59 378.82 0.92 -0.65 0.23 0.95 0.90 0.31 0.67
28.00 31.39 -484.65 -135.67 598.41 -0.90 -0.03 -0.03 0.72 0.40 0.44 0.55
7.00 4.34 -379.00 257.00 608.68 0.38 -0.05 -0.80 0.34 0.14 0.04 1.00
9.00 13.22 -405.52 -247.99 -114.40 0.63 -0.07 0.26 0.09 0.36 0.85 0.89
8.00 4.79 304.43 326.35 -315.57 0.82 -0.29 0.19 0.34 0.34 0.65 0.49
5.00 7.63 -239.42 10.04 429.25 0.23 -0.73 0.98 0.95 0.93 0.72 0.25
9.00 17.98 -227.06 -17.92 -357.10 0.87 -0.10 0.35 0.53 0.69 0.61 0.10
7.00 6.64 179.11 342.09 -655.73 -0.66 -0.10 0.77 0.02 0.68 0.12 0.37
24.00 20.28 530.00 463.39 85.17 -0.57 -0.46 0.36 0.99 0.72 0.78 0.81
13.00 9.90 -109.41 -415.22 -44.38 0.90 -0.18 -0.59 0.59 0.87 0.25 0.90
5.00 6.24 7.44 295.68 71.50 -0.27 -1.00 -0.23 0.77 0.42 0.12 1.00
7.00 4.93 -205.73 322.96 -57.22 -0.71 0.66 0.94 0.85 0.63 0.59 0.11
6.00 1.14 -643.40 -162.05 -370.29 0.75 0.49 0.51 0.12 0.58 0.25 0.25
11.00 2.94 120.64 535.36 182.77 -0.66 -0.98 0.40 0.33 0.52 0.74 0.63
8.00 18.75 83.63 -336.32 -153.03 -0.29 0.75 -0.82 0.95 0.40 0.73 0.87
7.00 15.22 513.02 377.05 -390.28 -0.98 -0.65 -0.40 0.15 0.79 0.02 0.33
11.00 25.67 114.99 351.07 -637.35 -0.89 -0.89 -0.77 0.86 0.73 0.79 0.86
19.00 94.98 -527.23 61.25 -170.08 0.39 -0.78 0.61 0.79 0.60 0.03 0.49
6.00 5.58 126.33 -644.24 15.19 -0.18 0.09 -0.81 0.98 0.26 0.94 0.66
7.00 5.82 278.87 311.45 -488.51 -0.72 -0.21 0.01 0.12 0.99 0.46 0.25
8.00 10.75 464.82 -617.22 -24.04 -0.19 0.14 0.97 0.56 0.76 0.18 0.19
14.00 13.77 217.25 -401.21 540.93 -0.00 0.91 -0.27 0.10 0.13 0.17 0.76
36.00 40.95 648.09 258.15 -295.13 0.76 -0.68 0.06 0.17 0.19 0.72 0.43
8.00 2.53 -53.08 -560.55 409.71 0.50 -0.15 0.12 0.11 0.34 0.31 0.07
6.00 0.48 305.52 376.90 -531.25 -0.04 0.92 -0.41 0.11 0.99 0.87 0.27
19.00 69.77 391.47 351.65 318.04 -0.77 -0.94 -0.79 0.61 0.64 0.08 0.26
9.00 14.29 308.60 -468.32 74.93 0.04 -0.68 -0.52 0.86 0.39 0.13 0.65
8.00 8.70 417.65 347.46 394.96 0.10 0.68 0.72 0.68 0.74 0.08 0.52
11.00 11.16 -389.72 648.18 -74.08 -0.77 -0.82 0.84 0.30 0.33 0.60 0.49
16.00 42.93 19.54 385.91 -367.89 0.01 0.42 0.96 0.76 0.58 0.90 0.77
39.00 78.27 -294.73 451.84 -335.33 0.27 0.76 -0.63 0.92 0.67 0.26 0.14
12.00 8.21 143.37 -62.19 485.46 0.96 -0.36 0.87 0.72 0.90 0.91 0.16
23.00 88.61 -567.82 -333.27 321.02 -0.82 1.00 0.49 0.53 0.54 0.23 0.92
14.00 61.09 26.42 -571.89 -140.67 0.43 -0.35 0.36 0.59 0.40 0.09 0.96
5.00 0.91 -156.27 665.92 277.37 0.60 0.58 -0.24 0.85 0.22 0.35 0.91
7.00 12.54 -248.43 -133.07 -530.38 0.15 -0.58 0.08 0.82 0.32 0.58 0.31
7.00 11.15 751.12 87.53 191.03 0.49 -0.48 0.06 0.94 0.46 0.44 0.29
8.00 5.06 240.04 -214.03 322.76 0.33 0.41 0.99 0.27 0.05 0.41 0.70
12.00 32.10 -122.09 -370.16 -345.74 -0.55 0.83 -0.88 0.56 0.30 0.21 0.64
5.00 1.44 298.27 662.10 34.84 0.54 0.47 -0.21 0.72 0.62 0.75 0.46
5.00 7.59 91.38 -563.11 -544.28 0.52 0.41 -0.28 0.65 0.47 0.83 0.03
20.00 42.02 15.20 -797.95 -38.57 -0.60 -0.07 -0.43 0.15 0.04 0.05 0.41
9.00 4.72 -412.90 -416.24 -497.10 -0.35 0.83 0.46 0.20 0.50 0.30 0.36
5.00 2.75 287.88 -261.12 -19.67 -0.44 -0.99 -0.08 0.97 0.87 0.01 0.10
33.00 111.15 476.46 -582.75 -218.39 -0.47 -0.43 0.93 0.63 0.63 0.36 0.74
6.00 2.82 37.95 -212.94 -439.54 -0.49 -0.96 0.54 0.86 0.88 0.79 0.20
11.00 1.37 611.04 -110.88 -298.58 -0.14 0.19 -0.77 0.78 0.49 0.72 0.12
8.00 17.35 353.53 167.87 257.23 -0.60 0.60 0.80 0.55 0.34 0.61 0.78
6.00 3.75 156.32 172.42 -508.36 0.18 -0.12 0.92 0.45 0.75 0.40 0.88
20.00 113.25 -359.15 631.13 -66.76 -0.61 -0.68 0.16 0.12 0.83 0.80 0.87
8.00 10.05 -70.64 -239.66 -699.09 0.06 -0.03 0.14 0.04 0.62 0.76 0.86
5.00 3.74 158.44 -757.68 -98.89 0.78 0.02 -0.75 0.81 0.03 0.70 0.23
10.00 24.32 -110.81 -270.65 -204.57 0.80 -0.30 -0.22 0.44 0.71 0.27 0.93
16.00 31.02 -19.97 87.72 129.44 -0.39 0.59 0.80 0.37 0.46 0.53 0.66
12.00 38.49 551.76 207.13 -151.08 -0.74 0.15 -0.34 0.25 0.25 0.78 0.17
20.00 94.13 -273.72 -149.73 -193.04 -0.38 -0.42 0.08 0.89 0.54 0.30 0.77
18.00 47.62 -499.72 -414.31 76.26 0.33 -0.70 -0.16 0.24 0.30 0.03 0.72
8.00 15.84 65.49 627.77 358.87 0.88 -0.96 -0.03 0.25 0.89 0.24 0.25
5.00 1.24 586.33 182.01 -350.19 0.79 -0.95 0.29 0.84 0.03 0.46 0.71
8.00 19.05 3.96 324.99 -555.94 0.71 -0.70 -0.29 0.60 0.74 0.39 0.50
27.00 206.79 -559.80 -71.26 248.80 -0.53 -0.48 -0.12 0.42 0.28 0.37 0.21
36.00 126.96 -405.87 134.48 -659.41 -0.33 -0.87 -0.74 0.29 0.29 0.70 0.98
13.00 13.03 -99.82 670.46 -254.68 0.96 0.92 -0.25 0.69 0.75 0.47 0.16
6.00 5.62 -392.84 -504.68 205.62 0.41 -0.34 0.21 0.03 0.49 0.71 0.26
6.00 7.66 -125.43 -7.90 -166.90 -0.26 0.99 -0.47 0.81 0.29 0.61 0.23
18.00 52.31 -133.05 -87.94 745.11 0.65 -0.85 0.74 0.37 0.74 0.26 0.11
10.00 5.18 195.85 313.08 -5.22 0.80 -0.62 0.46 0.35 0.87 0.39 0.18
8.00 18.95 -133.10 260.04 732.30 0.64 -0.87 0.67 0.43 0.88 0.99 0.33
10.00 6.22 -661.69 243.09 25.15 -0.68 0.30 -0.43 0.38 0.84 0.25 0.26
21.00 137.55 397.62 261.95 -296.22 -0.89 -0.60 0.73 0.55 0.80 0.39 0.86
6.00 6.40 78.24 17.36 -557.26 -0.12 0.97 -0.88 0.12 0.90 0.34 0.92
14.00 21.73 -102.84 427.24 -371.27 -0.33 0.50 -0.44 0.07 0.24 0.81 0.90
5.00 4.40 -498.71 -390.33 362.93 0.76 -0.05 -0.27 0.10 0.13 0.83 0.41
14.00 48.10 304.31 -98.21 143.71 -0.21 0.57 0.72 0.18 0.90 0.54 0.62
7.00 11.72 -27.57 543.05 -505.60 -0.71 0.17 -0.10 0.27 0.12 0.71 0.10
11.00 12.37 504.70 596.33 -69.21 -0.99 -0.86 -0.80 0.13 0.87 0.45 0.44
5.00 8.07 10.06 526.87 -559.03 -0.97 0.37 -0.93 0.95 0.64 0.86 0.00
6.00 2.60 -231.65 154.73 -71.36 -0.31 0.36 0.63 0.04 0.51 0.99 0.07
7.00 5.00 -524.65 -516.15 -18.36 0.10 0.31 0.20 0.89 0.93 0.16 0.77
8.00 5.84 -244.20 -282.33 -180.53 0.23 0.06 0.84 0.03 0.92 0.15 0.70
7.00 4.55 -629.47 395.82 38.14 0.02 -0.91 0.21 0.87 0.69 0.77 0.62
6.00 5.46 -134.16 27.36 -677.77 0.61 -0.72 -0.10 0.35 0.25 0.87 0.72
6.00 5.74 -168.97 -450.34 636.41 -0.47 -0.89 -0.84 0.61 0.35 0.02 0.13
6.00 6.53 -359.13 -84.80 492.89 0.29 0.68 0.14 0.40 0.88 0.37 0.48
8.00 14.25 -201.79 497.84 429.62 0.18 0.95 0.99 0.29 0.24 0.51 0.03
8.00 21.86 421.26 570.54 -33.36 0.42 -0.38 0.37 0.98 0.98 0.35 0.95
5.00 3.14 664.40 -264.12 177.00 0.83 0.38 -0.10 0.82 0.03 0.42 0.64
9.00 18.68 -617.74 -253.27 -26.35 -0.15 -0.03 -0.32 0.22 0.03 0.57 0.04
16.00 55.26 -15.18 80.61 -688.61 0.55 -0.86 0.21 1.00 0.28 0.13 0.28
5.00 2.41 587.43 404.64 34.75 0.75 -1.00 -0.31 0.19 0.69 0.49 0.73
15.00 36.01 562.35 -38.59 475.77 0.57 -0.38 0.19 0.13 0.82 0.47 0.94
17.00 44.24 182.09 124.00 -632.69 -0.48 0.58 -0.36 0.47 0.35 0.00 0.61
8.00 19.63 -155.97 703.63 251.13 0.42 0.85 0.66 0.49 0.49 0.20 0.79
9.00 15.60 -88.44 -383.54 670.65 -0.34 0.47 -0.92 0.10 0.48 0.60 0.41
14.00 31.89 -84.94 297.65 13.83 0.07 0.81 0.98 0.79 0.43 0.20 0.92
28.00 24.42 290.13 682.93 90.72 0.38 -0.33 -0.48 0.40 0.16 0.44 0.24
18.00 37.91 246.48 -527.30 543.20 -0.54 0.48 0.38 0.39 0.69 0.95 0.02
23.00 154.09 -159.32 -669.68 167.61 0.64 -0.54 0.19 0.83 0.14 0.84 0.23
10.00 27.53 514.39 -342.33 -440.18 0.05 -0.45 0.15 0.01 0.73 0.66 0.48
6.00 10.86 -547.16 366.95 -270.13 -0.94 0.29 -0.16 0.86 0.65 0.32 0.82
10.00 25.27 -420.17 455.37 -181.23 -0.61 -0.24 0.35 0.21 0.61 0.13 0.74
12.00 49.17 201.95 -652.65 -123.03 0.99 -0.61 -0.53 0.90 0.43 0.69 0.62
32.00 35.25 480.47 217.89 -166.96 -0.90 -0.60 0.19 0.90 0.03 0.10 0.93
15.00 8.96 -508.72 -485.87 181.46 -0.98 -0.41 0.07 0.34 0.03 0.79 0.92
8.00 16.43 -365.24 268.28 -463.25 0.54 0.79 -0.20 1.00 0.02 0.48 0.70
9.00 11.98 -233.21 638.57 36.87 -0.44 -0.68 0.73 0.35 0.11 0.03 0.75
5.00 3.88 -517.24 572.28 6.94 0.37 -0.19 -0.63 0.62 0.86 0.92 0.12
17.00 46.07 -137.17 -423.75 -232.56 0.06 -0.76 -0.59 0.42 0.55 0.01 0.19
13.00 51.78 640.77 49.81 303.14 -0.89 0.14 0.44 0.79 0.50 0.92 0.29
9.00 10.61 -245.49 544.04 -480.09 -0.25 0.15 -0.08 0.57 0.36 0.47 0.32
8.00 18.78 493.21 -432.16 62.50 -0.30 -0.79 -0.34 0.65 0.10 0.96 0.05
5.00 5.42 175.97 691.15 27.33 -0.14 0.17 0.67 0.46 0.78 0.62 0.44
11.00 21.10 -352.55 92.64 -518.34 0.93 -0.86 -0.91 0.22 0.94 0.41 0.12
12.00 16.27 69.03 -51.85 117.40 0.57 0.74 0.09 0.30 0.52 0.39 0.30
6.00 8.32 133.93 698.55 45.62 0.90 -0.81 0.30 0.92 0.76 0.83 0.31
7.00 4.06 33.71 122.12 577.80 0.68 0.99 -0.62 0.79 0.27 0.10 0.89
5.00 5.96 213.08 -626.52 -145.02 0.66 -0.23 -0.35 0.26 0.21 0.89 0.72
9.00 8.81 196.01 -14.51 -333.83 0.61 -0.26 -0.99 0.19 0.04 0.50 0.08
6.00 9.90 320.31 -472.67 6.21 -0.23 -0.23 -0.88 0.62 0.83 0.99 0.16
6.00 3.12 -65.64 -244.70 -270.94 0.45 0.37 -0.10 0.25 0.38 0.21 0.34
8.00 21.68 454.37 -170.03 -135.59 0.79 -0.22 0.70 0.70 0.71 0.40 0.87
16.00 19.48 543.78 -289.59 -273.75 -0.67 -0.41 0.87 0.41 0.30 0.08 0.08
15.00 73.62 -562.29 -71.47 398.11 0.74 -0.12 0.06 0.65 0.67 0.49 0.80
8.00 15.83 372.23 167.44 50.05 0.08 -0.31 0.96 0.72 0.71 0.05 0.81
22.00 11.82 -670.97 -263.20 172.33 0.06 -0.41 0.01 0.88 0.30 0.74 0.34
6.00 7.10 19.77 -131.30 515.60 0.55 0.52 -0.11 0.30 0.16 0.17 0.26
19.00 79.63 725.17 -37.40 -3.92 0.59 0.55 -0.20 0.80 0.47 0.07 0.17
10.00 33.32 686.40 253.21 88.42 0.97 0.42 0.71 0.24 0.17 0.16 0.16
7.00 4.95 -271.93 -346.76 397.24 0.73 -0.00 0.63 0.74 0.75 0.30 0.92
13.00 14.77 15.55 -437.57 263.04 0.42 0.03 0.61 0.28 0.49 0.61 0.66
15.00 58.79 222.80 -426.88 127.88 0.16 -0.90 0.81 0.54 0.13 0.01 0.69
6.00 7.67 -100.98 654.69 -354.30 0.86 0.23 -0.49 0.99 0.16 0.76 0.07
26.00 134.47 559.62 119.80 -431.52 -0.90 -0.12 0.01 0.15 0.23 0.72 0.58
6.00 4.92 58.77 -333.47 -500.71 -0.83 0.89 -0.30 0.69 0.90 0.22 0.60
9.00 2.32 -553.67 237.91 -281.68 0.35 0.80 0.95 0.67 0.47 0.59 0.29
11.00 28.20 -185.32 -460.93 178.43 -0.62 -0.07 0.84 0.90 0.26 0.23 0.10
11.00 13.49 -200.52 742.08 158.27 -0.91 0.14 -0.27 0.22 0.44 0.13 0.22
13.00 14.44 -785.86 -75.93 -124.96 0.98 0.44 0.19 0.24 0.72 0.80 0.04
5.00 5.44 -8.88 261.66 -665.69 0.41 -0.64 0.02 0.73 0.64 0.59 0.65
7.00 7.77 -139.37 741.41 51.95 -0.82 0.39 0.48 0.47 0.34 0.81 0.47
18.00 96.80 115.50 -145.94 15.82 0.83 -0.25 0.57 0.95 0.79 0.22 0.60
8.00 18.43 449.82 251.95 -146.76 0.94 0.80 -0.15 0.58 0.62 0.50 0.70
23.00 125.02 173.53 70.24 44.85 -0.55 0.73 -0.41 0.49 0.37 0.95 0.45
12.00 26.11 363.85 517.49 339.75 -0.61 0.22 0.52 0.61 0.90 0.60 0.95
6.00 11.72 -342.93 -322.98 -343.38 0.89 -0.66 -0.56 0.57 0.54 0.02 0.39
14.00 63.00 66.47 378.13 -435.21 0.59 0.43 -0.54 0.72 0.64 0.80 0.65
17.00 6.55 468.73 -32.37 494.68 0.26 0.43 0.30 0.04 0.26 0.58 0.16
7.00 13.64 -341.37 313.49 -134.24 -0.49 -0.65 0.99 0.72 0.12 0.62 0.72
12.00 46.33 -102.46 601.45 34.90 -0.44 0.09 -0.53 0.75 0.76 0.37 0.35
7.00 7.24 -297.82 462.31 -569.73 -0.73 0.22 0.10 0.71 0.18 0.37 0.50
5.00 1.91 -722.22 -225.55 -27.54 0.72 0.31 -0.81 0.47 0.49 0.14 0.41
18.00 107.91 681.94 -290.30 237.16 0.47 -0.28 -0.18 0.84 0.37 0.63 0.58
8.00 7.82 577.58 -383.96 346.68 -0.27 0.99 -0.07 0.70 0.46 0.11 0.16
16.00 13.37 -285.42 512.56 -84.31 0.50 -0.85 0.23 0.41 0.96 0.55 0.73
5.00 0.11 183.55 -681.56 -99.66 -0.50 0.98 -0.74 0.50 0.00 0.88 0.42
15.00 24.64 516.42 592.85 -26.92 -0.36 0.44 0.70 0.70 0.45 0.94 0.43
7.00 13.05 110.65 -90.27 -154.68 0.64 0.53 -0.61 0.37 0.62 0.89 0.81
15.00 69.11 -122.98 86.15 266.64 -0.54 -0.63 -0.15 0.68 0.29 0.61 0.14
20.00 61.02 584.86 -16.52 -441.21 -0.08 -0.19 -0.94 0.24 0.01 0.20 0.47
12.00 38.28 666.78 45.90 125.77 0.98 -0.83 0.40 0.17 0.16 0.53 0.72
26.00 12.43 572.07 -111.03 -511.76 -0.42 -0.92 0.55 0.36 0.37 0.02 0.03
5.00 3.18 86.05 -458.05 -8.69 0.81 0.75 0.46 0.44 0.66 0.86 0.44
7.00 1.27 204.52 252.01 -10.78 0.31 -0.69 -0.89 0.47 0.44 0.27 0.93
9.00 17.32 -136.76 88.39 -151.49 0.16 0.32 0.77 0.49 0.64 0.29 0.92
6.00 9.47 675.99 196.70 -345.92 -0.80 0.58 0.60 0.54 0.44 0.52 0.20
9.00 20.09 -106.24 -160.13 93.00 -0.91 -0.68 0.43 0.55 0.10 0.66 0.05
7.00 0.61 365.51 93.51 -401.49 0.07 -0.18 0.41 0.91 0.81 0.35 0.06
11.00 6.88 325.27 -128.66 155.35 -0.90 -0.10 -0.16 0.99 0.28 0.05 0.19
12.00 43.38 -374.99 187.74 381.13 -0.42 0.56 -0.22 0.73 0.10 0.11 0.83
6.00 4.73 623.83 76.21 143.03 0.54 0.46 0.06 0.67 0.27 0.44 0.63
10.00 34.28 -175.09 641.54 -130.94 -0.06 -0.04 -0.31 0.57 0.86 0.67 0.85
22.00 163.19 -160.42 -546.71 67.43 -0.63 0.49 0.40 0.99 0.24 0.17 0.48
6.00 6.95 -435.51 302.63 -485.61 -0.27 0.41 -0.85 0.62 0.61 0.98 0.12
11.00 11.46 -688.30 -170.57 -112.24 0.59 -0.96 -0.08 0.55 0.22 0.71 0.81
6.00 8.40 -714.41 107.04 -27.69 -0.42 -0.56 -0.92 0.24 0.32 0.63 0.15
5.00 5.38 117.80 -355.58 99.71 0.65 -0.70 -0.77 0.84 0.53 0.03 0.61
10.00 9.34 492.76 520.28 95.68 -0.77 0.35 -0.90 0.41 0.58 0.23 0.41
10.00 12.04 -618.84 -384.41 185.64 0.58 0.08 -0.98 0.87 0.09 0.48 0.24
7.00 5.73 290.57 -114.95 156.26 -0.14 0.05 0.04 0.37 0.24 0.57 0.34
8.00 3.43 -399.81 -222.40 -55.72 0.16 0.31 0.02 0.84 0.03 0.56 0.59
8.00 18.34 -573.06 356.63 85.42 -0.52 -0.75 0.71 0.31 0.58 0.72 0.74
11.00 3.56 223.86 -75.97 -477.50 0.23 0.23 -0.64 0.50 0.28 0.19 0.73
10.00 6.17 41.25 -517.36 -296.72 0.17 0.69 0.20 0.89 0.38 0.68 0.71
6.00 2.69 72.78 -372.06 -319.84 0.53 -0.29 0.40 0.55 0.35 0.97 0.24
5.00 8.22 -432.75 -5.73 92.96 0.87 0.69 0.01 0.05 0.15 0.33 0.67
5.00 4.82 370.26 49.00 -184.00 0.88 0.19 -0.65 0.60 0.40 0.55 0.58
6.00 2.91 3.65 -233.92 -573.25 0.22 -0.30 0.47 0.21 0.03 0.82 0.65
8.00 7.99 155.05 -193.78 -557.45 -0.95 0.63 0.51 0.84 0.35 0.12 0.75
6.00 5.89 172.45 -285.20 325.75 -0.62 -0.50 0.92 0.64 0.16 0.15 0.27
5.00 1.84 42.28 240.06 -53.89 0.73 0.10 -0.13 0.31 0.07 0.09 0.37
5.00 7.12 33.44 403.84 -78.13 0.57 0.86 0.42 0.68 0.67 0.11 0.82
8.00 17.09 -130.81 -3.57 620.53 0.23 0.91 -0.94 0.89 0.59 0.08 0.22
6.00 7.61 -318.97 197.96 -519.44 -0.66 -0.64 -0.40 0.91 0.92 0.59 0.64
12.00 28.11 90.42 -146.35 -31.12 -0.58 0.49 0.19 0.46 0.81 0.19 0.48
6.00 3.16 -114.93 -299.77 541.24 0.86 0.90 0.30 0.45 0.73 0.54 0.58
12.00 10.93 74.44 -353.92 -624.04 -0.50 0.40 0.61 0.10 0.59 0.92 0.52
6.00 1.12 -478.92 -165.52 -218.19 -0.43 0.72 -0.38 0.72 0.53 0.40 0.29
13.00 35.46 364.00 -513.48 -263.13 -0.79 -0.31 -0.67 0.26 0.52 0.62 0.04
20.00 15.89 275.41 215.59 141.71 0.19 0.14 0.32 0.78 0.60 0.04 0.06
7.00 0.22 565.25 -354.24 -329.33 0.12 0.30 0.80 0.95 0.51 0.33 0.24
21.00 106.09 -83.03 -238.96 499.18 -0.53 0.91 0.25 0.99 0.26 0.89 0.65
9.00 11.34 23.86 527.01 -383.45 -0.55 -0.59 0.17 0.02 0.58 0.76 0.14
15.00 32.96 272.07 485.60 -421.09 -0.17 0.26 -0.40 0.42 0.48 0.07 0.21
11.00 31.12 589.92 -137.57 485.51 0.54 0.76 -0.77 0.43 0.93 0.24 0.06
20.00 45.36 -476.33 -353.36 -450.71 -0.28 0.67 0.70 0.37 0.14 0.53 0.75
9.00 15.89 162.49 548.00 -152.00 0.21 -0.80 -0.73 0.77 0.46 0.50 0.24
9.00 7.87 116.71 114.54 66.01 -0.24 -0.00 -0.73 0.97 0.38 0.71 0.87
10.00 28.13 -29.03 477.24 347.01 0.91 -0.30 -0.71 0.59 0.58 0.08 0.35
7.00 15.68 26.29 258.76 491.26 -0.45 -0.41 -0.49 0.69 0.80 0.70 0.16
5.00 2.82 -563.11 -395.85 -273.84 -0.74 -0.40 -1.00 0.04 0.93 0.89 0.33
10.00 13.05 10.06 661.51 -232.57 -0.78 0.75 0.47 0.41 0.79 0.49 0.86
8.00 11.50 -413.30 -211.40 -18.24 0.68 0.15 -0.25 0.56 0.80 0.43 0.42
13.00 36.68 183.43 -141.89 552.74 0.34 0.91 -0.59 0.90 0.95 0.75 0.43
15.00 12.90 -428.79 355.95 463.60 0.07 -0.80 -0.70 0.82 0.87 0.90 0.13
30.00 125.33 -325.42 -468.67 -121.12 -0.06 -0.59 -0.29 0.97 0.57 0.11 0.34
34.00 289.57 -145.31 -422.74 -313.11 0.40 0.02 -0.76 0.65 0.09 0.28 0.00
8.00 19.62 163.29 -237.68 694.12 0.76 -0.82 0.54 0.78 0.25 0.92 0.45
8.00 19.70 -334.53 -625.65 358.96 -0.34 0.08 0.40 0.99 0.18 0.55 0.56
8.00 9.64 426.22 -322.35 579.54 -0.15 -0.29 -0.77 0.69 0.54 0.60 0.90
6.00 8.83 -718.40 -8.50 -346.86 -0.15 -0.71 0.30 0.94 0.64 0.73 0.72
19.00 73.29 135.78 -479.21 211.40 0.63 0.69 -0.99 0.47 0.53 0.06 0.32
18.00 0.75 307.31 -622.93 51.38 0.30 0.43 -0.37 0.17 0.92 0.40 0.75
10.00 33.32 398.59 474.48 -21.20 -0.62 0.72 -0.16 0.46 0.09 0.42 0.91
12.00 28.50 527.33 214.39 -543.66 -0.55 0.39 -0.73 0.82 0.04 0.97 0.64
9.00 22.50 466.37 -4.15 -596.86 0.46 -0.22 -0.03 0.17 0.23 0.31 0.32
7.00 15.86 433.44 -616.31 116.69 -0.14 0.24 0.08 0.14 0.57 0.78 0.66
11.00 9.93 64.73 -65.61 -411.07 -0.69 0.23 -0.76 0.69 0.16 0.89 0.80
5.00 8.07 -136.68 62.80 -540.10 -0.94 -0.83 -0.72 1.00 0.48 0.91 0.30
14.00 23.95 321.44 -282.22 18.20 0.74 -0.98 -0.22 0.36 0.35 0.06 0.96
5.00 8.20 -164.68 718.16 236.50 -0.71 -0.63 0.56 0.86 0.39 0.35 0.77
11.00 5.92 91.21 -113.85 759.76 -0.18 -0.61 -1.00 0.25 0.75 0.78 0.72
6.00 11.48 575.76 343.95 310.39 0.53 0.56 -0.40 0.01 0.20 0.73 0.50
5.00 6.58 403.66 136.50 -465.43 0.36 -0.37 0.06 0.79 0.88 0.28 0.75
7.00 9.56 663.49 -23.32 268.52 -0.86 -0.02 1.00 0.40 0.46 0.21 0.20
7.00 0.79 -396.31 70.18 509.81 0.78 0.47 0.19 0.12 0.42 0.80 0.40
31.00 112.23 338.36 293.31 -623.66 -0.83 -0.60 -0.24 0.72 0.44 0.21 0.56
10.00 25.45 153.74 -716.18 288.10 0.27 0.02 0.31 0.03 0.51 0.78 0.53
5.00 2.85 -206.68 -652.25 -104.44 0.74 -0.62 0.81 0.90 0.82 0.89 0.30
12.00 22.21 -325.01 169.93 672.68 -0.57 0.78 -0.31 0.73 0.98 0.93 0.64
6.00 9.84 -29.95 -111.87 355.81 -0.16 0.60 0.59 0.94 0.69 0.65 0.36
5.00 8.11 184.40 401.93 223.17 -0.63 0.03 -0.34 0.06 0.89 0.08 0.12
16.00 2.69 -571.40 -28.29 268.71 -0.36 0.08 0.98 0.54 0.97 0.10 0.21
16.00 73.22 523.08 312.52 -67.01 0.23 -0.07 0.45 0.89 0.46 0.95 0.15
15.00 14.54 -617.60 -56.23 28.63 -0.01 0.33 -0.55 0.08 0.71 0.68 0.23
12.00 22.50 -649.53 -50.93 -111.99 0.68 -0.84 0.64 0.33 0.10 0.57 0.21
7.00 11.71 241.37 706.58 32.32 -0.71 0.90 0.16 0.13 0.19 0.73 0.88
6.00 9.39 402.72 -545.70 -208.60 0.66 0.14 0.05 0.43 0.73 0.62 0.33
18.00 106.89 -485.29 -436.47 -352.42 0.95 -0.30 -0.83 0.15 0.07 0.27 0.21
5.00 8.23 -168.47 -16.51 335.70 -0.05 -0.39 0.61 0.05 0.71 0.46 0.38
20.00 41.92 48.86 783.79 -128.51 0.10 -0.66 0.35 0.27 0.40 0.01 0.48
7.00 2.11 25.58 -61.23 -715.94 0.61 0.02 0.57 0.13 0.88 0.79 0.05
5.00 7.53 215.45 -263.18 515.11 0.34 0.18 -0.59 0.22 0.27 0.58 0.27
8.00 22.13 -31.24 -667.16 -436.32 -0.76 -0.34 0.99 0.69 0.67 0.32 0.83
7.00 7.12 -126.49 -166.26 500.52 0.50 0.55 -0.23 0.01 0.22 0.40 0.51
15.00 21.44 -273.91 371.10 -71.63 -0.74 0.21 0.88 0.32 0.93 0.48 0.73
18.00 106.50 -573.14 304.93 -318.60 0.85 0.17 0.56 0.28 0.80 0.78 0.65
14.00 1.01 157.09 -240.07 438.13 0.49 0.26 0.03 0.17 0.95 0.46 0.57
5.00 8.63 339.06 200.48 -79.47 1.00 0.22 -0.34 0.41 0.49 0.84 0.66
18.00 50.16 459.01 -201.45 622.88 -0.93 -0.45 -0.75 0.69 0.24 0.65 0.08
5.00 3.43 348.11 -397.23 -330.03 0.85 -0.62 -0.85 0.56 0.27 0.60 0.46
16.00 37.64 -237.65 -124.90 -299.99 0.27 0.15 -0.70 0.21 0.84 0.57 0.31
7.00 0.98 581.59 426.05 196.57 0.61 -0.01 -0.81 0.90 0.31 0.11 0.55
17.00 21.53 -24.24 -663.73 -110.75 -0.69 0.27 -0.75 0.14 0.44 0.64 0.60
8.00 20.18 372.84 -277.29 131.20 0.52 -0.04 0.39 0.02 0.95 0.19 0.92
7.00 10.60 213.09 166.70 154.05 -0.62 0.51 -0.82 0.31 0.92 0.74 0.28
5.00 4.19 -484.69 540.88 -27.87 -0.21 0.10 -0.41 0.43 0.58 0.39 0.61
10.00 10.90 -261.07 -209.67 -724.36 -0.66 0.83 0.01 0.86 0.21 0.28 0.97
11.00 26.09 -139.13 -379.62 400.92 -0.55 -0.98 -0.91 0.91 0.63 0.61 0.15
10.00 21.51 602.81 -128.43 -6.39 0.76 0.38 0.49 0.14 0.77 0.71 0.41
10.00 34.00 -251.34 16.50 -419.57 0.41 -0.32 0.19 0.52 0.16 0.83 0.19
10.00 19.56 -224.87 -562.71 180.87 -0.46 -0.47 -0.70 0.25 0.54 0.38 0.63
5.00 4.20 -313.80 206.24 225.94 0.48 0.38 -0.95 0.06 0.69 0.33 0.72
13.00 26.51 -80.01 241.62 391.79 -0.45 0.83 0.42 0.95 0.17 0.18 0.37
7.00 16.92 580.59 38.81 -304.46 0.44 -0.79 0.03 0.36 0.94 0.29 0.82
15.00 71.05 484.27 -167.37 -496.15 0.33 0.41 0.41 0.12 0.07 0.64 0.37
17.00 75.74 452.67 -188.82 534.63 -0.60 0.26 0.56 0.36 0.55 0.20 0.10
20.00 18.13 -30.44 252.33 -41.03 -0.05 0.03 -0.12 0.46 0.59 0.31 0.31
13.00 8.03 -518.40 217.13 -560.72 -0.44 0.69 -0.85 0.29 0.46 0.99 0.64
11.00 2.81 -594.67 218.97 -42.39 0.62 0.01 -0.81 0.89 0.37 0.55 0.09
11.00 5.30 -366.76 468.16 222.24 -0.97 0.37 0.21 0.97 0.19 0.20 0.26
20.00 4.99 281.27 553.83 82.03 -0.52 0.58 0.09 0.98 0.12 0.69 0.72
13.00 3.81 217.49 -58.27 -45.46 0.52 0.48 -0.92 0.94 0.50 0.74 0.84
6.00 2.88 -492.93 409.69 428.94 0.59 -0.24 -0.58 0.83 0.89 0.74 0.84
10.00 21.46 83.47 575.28 522.33 0.49 0.23 -0.62 0.59 0.38 0.90 0.62
7.00 2.85 -110.39 396.52 -253.12 -0.81 0.49 0.67 0.08 0.42 0.59 0.11
10.00 21.01 -120.78 47.58 -780.31 0.79 -0.75 0.35 0.49 0.18 0.87 0.91
20.00 136.35 474.57 -292.19 -394.74 0.21 0.64 0.19 0.97 0.15 0.94 0.35
14.00 62.84 294.43 -37.04 -306.45 0.30 0.76 0.01 0.75 0.74 0.39 0.82
6.00 9.36 393.16 558.09 -186.04 -0.35 0.90 -0.65 0.84 0.83 0.74 0.32
18.00 70.88 -56.96 -200.83 -711.05 -0.76 0.56 -0.70 0.63 0.82 0.89 0.33
12.00 36.35 -459.83 200.64 309.14 -0.29 -0.90 0.90 0.95 0.13 0.64 0.48
5.00 6.60 -343.18 -379.29 169.50 0.27 0.81 -0.84 0.16 1.00 0.27 0.85
13.00 6.84 -19.81 5.30 -467.62 -0.07 0.17 -0.07 0.13 0.37 0.01 0.74
7.00 9.37 98.14 761.34 129.03 -0.69 -0.99 -0.29 0.43 0.18 0.82 0.94
5.00 4.46 683.54 -79.23 282.62 0.66 0.89 -0.55 0.00 0.11 0.35 0.41
5.00 7.06 394.07 13.34 -316.95 -0.46 -0.67 -0.55 0.98 0.61 0.66 0.61
10.00 3.20 598.34 -163.70 202.99 0.08 -0.08 -0.80 0.24 0.85 0.52 0.60
17.00 55.66 131.62 -508.43 42.60 0.83 0.29 0.35 0.57 0.15 0.20 0.53
20.00 102.98 -160.06 -552.81 417.48 0.15 -0.96 -0.85 0.84 0.09 0.38 0.26
12.00 20.67 -427.71 -191.18 -108.28 0.26 0.39 -0.18 0.44 0.57 0.69 0.70
9.00 27.50 580.50 233.45 238.73 0.11 -0.18 0.95 0.44 0.19 0.41 0.72
8.00 2.96 172.37 -626.04 383.05 -0.86 -0.16 -0.50 0.66 0.28 0.78 0.62
10.00 13.50 593.48 -61.40 -262.98 0.15 -0.89 -0.58 0.05 0.32 0.70 0.97
21.00 101.11 468.79 113.62 337.78 -0.07 -0.26 -0.26 0.96 0.48 0.36 0.03
35.00 27.48 69.63 -768.30 207.25 -0.61 0.10 -0.84 0.32 0.06 0.20 0.99
5.00 1.34 293.01 407.96 -74.36 0.99 0.39 0.97 0.29 0.30 0.90 0.20
31.00 219.68 -573.10 123.74 318.77 0.53 0.10 0.69 0.91 0.32 0.91 0.25
6.00 4.58 -166.04 277.07 671.37 -0.19 -0.72 0.49 0.63 0.60 0.50 0.15
11.00 28.40 411.76 91.13 361.63 0.03 0.30 -0.31 0.73 0.06 0.72 0.29
21.00 92.19 -7.08 246.70 98.49 -0.11 -0.30 -0.22 0.14 0.89 0.84 0.56
6.00 1.14 610.75 260.15 -397.46 0.72 -0.62 0.45 0.12 0.53 0.66 0.73
22.00 20.74 299.17 325.15 275.69 -0.83 -0.45 -0.70 0.65 0.18 0.61 0.51
18.00 62.37 109.79 -208.52 -208.89 -0.15 0.49 -0.62 0.20 0.14 0.42 0.76
7.00 5.74 -564.14 237.26 13.85 -0.30 -0.75 0.63 0.67 0.68 0.68 0.29
39.00 111.73 -250.45 -57.02 -317.63 -0.63 0.21 -0.60 0.50 0.60 0.13 0.22
13.00 43.70 138.42 -358.28 -430.01 -0.91 0.26 0.31 0.03 0.17 0.07 0.79
9.00 22.35 155.15 457.80 -253.58 0.89 0.01 -0.14 0.75 0.36 0.37 0.37
17.00 37.61 -234.82 -366.80 557.00 -0.93 -0.25 0.82 0.52 0.17 0.52 0.00
6.00 1.84 232.17 -135.74 179.14 -0.23 -0.05 0.11 0.74 0.51 0.59 0.92
7.00 8.65 126.05 677.47 -356.36 -0.36 -0.46 0.93 0.29 0.50 0.93 0.33
7.00 14.96 432.27 -583.69 -160.05 0.55 0.22 -0.39 0.54 0.87 0.33 0.70
15.00 1.96 -239.01 561.45 -23.62 0.91 0.08 0.81 0.75 0.24 0.85 0.54
16.00 10.24 -375.11 245.01 -564.22 0.98 -0.84 0.61 0.66 0.24 0.21 0.66
10.00 21.00 -34.82 -209.54 663.03 0.25 -0.60 0.91 0.01 0.42 0.76 0.22
5.00 2.42 445.66 224.52 -9.68 -0.42 -0.76 0.49 0.63 0.45 0.63 0.89
12.00 47.57 -317.97 299.68 -265.06 0.84 0.18 -0.56 0.28 0.36 0.51 0.11
8.00 2.39 465.25 214.94 -68.47 -0.87 0.42 0.67 0.32 0.89 0.88 0.77
9.00 5.30 493.18 -318.00 -15.20 0.67 -0.07 0.32 0.73 0.52 0.34 0.03
7.00 1.62 507.00 -252.26 250.42 0.42 -0.75 0.70 0.28 0.01 0.57 0.91
7.00 13.21 -345.18 -48.51 -702.91 -0.82 0.26 -0.45 0.81 0.29 0.23 0.24
5.00 4.70 271.66 -119.76 -172.44 0.28 0.94 -0.82 0.21 0.76 0.86 0.47
35.00 393.05 -224.16 516.48 -151.21 0.45 -0.09 -0.85 0.83 0.69 0.71 0.16
26.00 39.24 74.05 182.52 319.11 0.97 0.96 0.59 0.15 0.75 0.80 0.22
7.00 9.96 534.00 -546.60 -44.73 0.67 0.92 -0.62 0.12 0.67 0.89 0.36
9.00 23.30 472.74 496.48 246.15 0.45 0.83 -0.10 0.36 0.24 0.50 0.03
10.00 8.80 -26.45 -767.70 35.29 -0.52 -0.72 -0.26 0.47 0.61 0.48 0.53
13.00 7.36 -536.85 -79.44 -283.72 -0.62 0.22 -0.13 0.52 0.66 0.09 0.78
10.00 21.28 -316.32 461.46 477.41 0.19 0.79 0.98 0.95 0.17 0.10 0.55
9.00 20.37 -432.24 -595.63 -188.15 -0.07 0.62 0.41 0.90 1.00 0.05 0.13
5.00 7.08 21.47 -240.73 -739.37 0.58 0.62 0.17 0.09 0.29 0.26 0.53
19.00 2.38 -495.77 -100.68 -505.27 1.00 0.45 -0.33 0.99 0.48 0.71 0.33
9.00 10.99 -181.23 416.02 -221.92 -0.25 -0.06 -0.44 0.12 0.46 0.97 0.11
8.00 20.96 410.37 601.38 124.24 0.44 0.39 -0.87 0.70 0.35 0.18 0.93
9.00 1.10 -73.42 -504.32 -537.67 0.52 0.19 -0.04 0.86 0.06 0.34 0.27
16.00 35.55 346.84 -247.35 506.02 -0.11 0.45 0.44 0.30 0.44 0.61 0.03
8.00 14.17 -46.56 183.44 -565.48 0.12 0.33 0.53 0.74 0.88 0.44 0.32
5.00 2.32 526.29 -571.12 -173.36 0.02 -0.46 -0.15 0.48 0.32 1.00 0.06
17.00 29.30 -352.09 455.29 456.47 -0.59 0.27 -0.10 0.72 0.33 0.47 0.36
11.00 19.67 -335.73 99.55 571.21 0.83 -0.56 0.81 0.71 0.26 0.21 0.87
27.00 198.85 135.89 259.76 560.30 -0.63 0.22 0.09 0.18 0.36 0.97 0.23
9.00 11.15 -396.68 44.29 64.23 0.22 0.35 0.29 0.70 0.20 0.07 0.22
7.00 1.60 -398.18 102.18 581.82 0.32 0.63 -0.89 0.23 0.03 0.32 0.35
25.00 184.64 -297.60 -83.05 -401.14 0.22 0.22 -0.95 0.42 0.28 0.07 0.88
22.00 105.36 -207.36 -25.90 290.81 0.48 -0.61 -0.85 0.05 0.41 0.33 0.89
10.00 11.45 -432.36 -569.62 317.10 -0.90 0.38 -0.93 0.38 0.79 0.44 0.41
10.00 12.77 -331.00 488.51 18.37 -0.19 0.44 -0.11 0.34 0.88 0.06 0.47
6.00 4.65 219.07 -31.63 -312.30 0.15 -0.21 -0.67 0.62 0.30 0.36 0.88
5.00 0.29 -172.35 349.65 -522.79 0.72 -0.35 -0.94 0.42 0.56 0.68 0.14
6.00 11.02 -708.17 221.87 86.62 0.35 -0.22 -0.82 0.71 0.91 0.66 0.10
11.00 6.90 -695.50 -203.37 -141.89 0.28 -0.26 0.36 0.89 0.44 0.91 0.99
13.00 16.85 578.88 -151.68 241.01 0.78 -0.98 0.74 0.30 0.72 0.36 0.13
24.00 129.48 482.15 431.24 -195.02 0.28 -0.07 -0.34 0.42 0.20 0.30 0.60
36.00 200.83 609.94 -275.73 -382.54 -0.74 -0.31 0.97 0.78 0.74 0.05 0.28
16.00 30.97 -67.47 99.85 149.64 0.57 0.83 0.80 0.77 0.98 0.31 0.83
9.00 10.14 114.33 -182.77 703.27 0.03 -0.92 0.57 0.94 0.95 0.46 0.87
15.00 55.02 307.70 13.50 -631.39 0.27 0.57 0.91 0.12 0.02 0.23 0.46
21.00 88.82 -772.21 -137.93 147.62 0.10 -0.25 0.79 0.91 0.14 0.64 0.96
6.00 5.97 433.95 68.04 344.75 -0.38 0.81 0.50 0.88 0.57 0.79 0.57
5.00 4.31 -100.56 318.95 93.04 0.87 -0.71 -0.51 0.61 0.80 0.69 0.47
9.00 6.87 -615.12 -312.83 -162.08 0.26 -0.77 -0.39 0.96 0.12 0.56 0.27
14.00 20.82 635.10 -171.47 -243.08 0.21 -0.08 -0.20 0.58 0.31 0.12 0.08
8.00 14.08 96.14 -128.41 -649.13 -0.47 -0.75 0.68 0.34 0.87 0.88 0.32
7.00 4.83 678.72 18.22 403.23 0.08 -0.07 0.11 0.80 0.44 0.06 0.83
6.00 11.54 180.97 126.01 -498.33 -0.98 -0.25 0.85 0.87 0.62 0.09 0.03
11.00 23.99 -361.68 -155.04 -259.29 0.97 0.01 -0.13 0.17 0.84 0.16 0.38
8.00 9.53 237.56 85.58 425.44 -0.09 0.34 -0.29 0.75 0.63 0.69 0.66
9.00 14.49 631.99 -158.17 -31.57 0.19 -0.90 0.04 0.02 0.81 0.71 0.87
26.00 68.11 -124.78 350.36 650.07 -0.14 0.34 0.25 0.14 0.67 0.69 0.03
11.00 17.03 -477.54 538.83 -177.30 0.01 -0.57 0.33 0.30 0.03 0.74 0.49
10.00 0.80 127.53 -242.57 207.36 -0.95 -0.07 0.57 0.36 0.45 0.61 0.81
9.00 0.49 -381.66 312.33 506.79 0.83 -0.97 0.95 0.47 0.50 0.84 0.84
16.00 39.91 -301.83 -364.12 601.54 -0.97 -0.17 0.17 0.87 0.91 0.04 0.56
9.00 7.77 -258.03 -470.51 -330.51 -0.60 0.60 0.91 0.01 0.15 0.17 0.65
11.00 7.02 86.22 -345.75 360.00 -0.49 0.28 -0.45 0.97 0.32 0.62 0.36
22.00 66.97 481.11 -74.25 615.25 0.05 -0.25 0.91 0.17 0.43 0.59 0.38
17.00 12.32 -264.68 -226.46 -179.37 0.72 0.07 -0.82 0.48 0.18 0.76 0.60
6.00 4.71 -150.38 379.62 -143.44 -0.74 -0.51 0.99 0.74 0.18 0.79 0.88
10.00 4.73 470.39 -410.58 -142.65 0.51 0.07 -0.23 0.72 0.17 0.44 0.32
21.00 32.95 459.72 -115.63 -211.84 0.00 -0.20 -0.48 0.67 0.27 0.40 0.60
19.00 57.82 96.25 69.67 -474.85 -0.08 -0.01 -0.06 0.19 0.00 0.81 0.97
11.00 34.21 -686.62 -67.15 -71.53 -0.99 -0.47 -0.09 0.52 0.57 0.22 0.48
5.00 1.40 -96.85 -92.42 -186.15 0.28 -0.22 0.22 0.33 0.70 0.57 0.14
6.00 5.69 62.65 617.94 -416.50 0.20 0.80 -0.03 0.45 0.41 0.84 0.74
8.00 3.16 -557.07 -27.52 -251.94 -0.26 -0.99 -0.18 0.98 0.96 0.27 0.77
5.00 0.41 -558.16 -94.93 -481.13 0.98 0.63 0.20 0.89 0.21 0.57 0.71
6.00 6.07 614.47 -128.80 8.69 0.49 0.18 -0.96 0.71 0.88 0.74 0.65
15.00 22.80 18.45 32.98 -743.80 -0.91 -0.76 0.26 0.12 0.60 0.00 0.54
6.00 3.38 -557.12 32.33 119.97 -0.27 -0.34 0.81 0.97 0.70 0.61 0.59
6.00 3.69 484.86 457.79 164.47 -0.86 -0.08 0.04 0.62 0.20 0.41 0.99
8.00 4.08 147.96 -614.22 264.58 0.43 -0.47 -0.76 0.06 0.12 0.83 0.67
8.00 1.48 -170.05 745.32 35.83 -0.58 -0.89 -0.50 0.51 0.93 0.72 0.66
6.00 2.44 -539.11 157.45 -224.28 0.30 -0.22 -0.97 0.56 0.11 0.22 0.64
10.00 25.98 -497.10 -94.34 273.59 -0.81 0.42 -0.66 0.58 0.41 0.20 0.95
12.00 15.91 337.88 456.12 288.28 0.24 0.96 -0.31 0.89 0.43 0.89 0.24
11.00 0.74 -342.59 -112.54 -132.66 -0.82 -0.55 0.15 0.61 0.18 0.18 0.10
8.00 20.27 579.44 -107.58 -87.83 -0.31 0.68 0.89 0.71 0.80 0.15 0.38
9.00 1.93 -177.00 -584.17 225.02 0.86 0.94 -0.07 0.66 0.70 0.41 0.41
5.00 4.50 81.71 -586.97 -127.19 0.70 0.89 0.39 0.01 0.11 0.60 0.22
14.00 38.12 -222.77 -658.38 -365.00 0.50 0.16 0.00 0.01 0.09 0.24 0.41
18.00 104.72 312.90 -102.20 517.37 -0.06 -0.44 -0.77 0.49 0.62 0.39 0.96
27.00 96.54 30.72 -75.64 730.07 0.35 0.96 -0.01 0.45 0.88 0.44 0.88
13.00 24.31 -404.58 -67.71 -243.71 0.79 0.87 0.90 0.44 0.99 0.46 0.75
24.00 52.71 -581.46 19.78 -394.53 -0.60 0.37 -0.46 0.34 0.59 0.90 0.91
12.00 44.72 453.92 193.07 95.61 -0.85 0.28 0.30 0.86 0.30 0.94 0.18
13.00 25.25 271.86 -586.75 201.25 0.65 0.21 -0.68 0.48 0.66 0.55 0.87
19.00 41.23 -80.11 -283.04 208.17 0.92 0.80 -0.75 0.55 0.89 0.17 0.00
18.00 21.00 125.40 354.99 300.94 -0.92 -0.76 0.64 0.66 0.17 0.00 0.18
5.00 2.41 190.76 68.88 398.72 0.22 0.05 -0.83 0.05 0.42 0.34 0.36
6.00 2.17 -208.14 -322.15 -125.73 0.71 0.73 0.46 0.12 0.49 0.70 0.53
10.00 4.65 73.49 -553.10 321.12 -0.07 0.74 0.82 0.23 0.20 0.01 0.15
7.00 9.99 -187.29 143.41 -66.35 -0.02 0.19 -0.57 0.82 0.47 0.02 0.05
9.00 7.92 -300.07 164.44 -290.01 -0.97 0.37 -0.87 0.35 0.51 0.93 0.37
6.00 6.60 97.60 256.29 -675.33 -0.08 -0.78 -0.32 0.89 0.70 0.15 0.67
10.00 2.33 -238.55 -46.50 -721.87 0.63 -0.38 0.37 0.03 0.69 0.96 0.43
7.00 4.78 517.63 -501.42 -134.02 -0.62 0.24 -0.48 0.53 0.71 0.72 0.73
8.00 11.67 13.01 -650.02 -79.39 -0.15 0.36 0.59 0.40 0.76 0.72 0.85
5.00 7.54 11.40 240.65 -658.76 -0.81 0.08 0.15 0.07 0.43 0.85 0.52
7.00 5.31 -431.90 -379.58 -478.97 0.27 0.58 -0.27 0.74 0.72 0.40 0.97
9.00 3.95 86.21 -275.18 -624.89 -0.32 -0.62 -0.45 0.04 0.89 0.08 0.35
11.00 38.98 -366.19 -311.39 -167.44 0.66 -0.00 -0.88 0.46 0.84 0.50 0.56
5.00 7.16 -140.21 -660.25 -158.04 -0.69 -0.45 -0.46 0.79 0.50 0.85 0.61
23.00 120.03 -106.91 -269.71 134.83 0.96 0.66 -0.44 0.45 0.65 0.95 0.59
18.00 65.96 174.95 303.00 -670.30 0.05 0.17 0.97 0.12 0.66 0.62 0.06
6.00 12.46 -263.53 -85.05 74.06 0.42 0.31 0.71 0.53 0.43 0.93 0.63
15.00 71.39 549.70 185.48 197.02 0.56 -0.44 0.75 0.72 0.49 0.74 0.79
13.00 21.85 -82.41 44.35 323.26 -0.26 -0.80 -0.34 0.77 0.38 0.23 0.94
14.00 67.51 403.19 -80.21 514.36 -0.68 0.82 0.69 0.77 0.83 0.82 0.29
8.00 8.49 -82.09 -483.36 354.73 -0.17 0.91 0.89 0.36 0.50 0.65 0.61
5.00 4.35 306.19 387.75 -312.52 0.27 -0.26 0.61 0.65 0.50 0.54 0.95
15.00 68.09 552.71 359.56 -233.85 0.97 -0.11 0.07 0.07 0.02 0.51 0.95
17.00 32.08 -197.85 -159.09 -559.88 0.51 -0.15 -0.47 0.83 0.47 0.40 0.68
8.00 13.88 -44.54 -70.75 -196.14 -0.73 0.26 -0.68 0.39 0.88 0.02 0.85
11.00 30.64 165.72 497.74 104.83 0.20 -0.12 -0.89 0.59 0.44 0.95 0.70
19.00 118.98 461.80 139.58 -575.41 -0.82 -0.95 0.60 0.96 0.92 0.31 0.79
12.00 40.11 -203.61 644.26 151.66 -0.19 0.64 0.43 0.84 0.28 0.74 0.07
13.00 38.29 -615.46 -157.92 241.14 0.98 -0.67 -0.67 0.45 0.44 0.38 0.93
9.00 20.69 -743.19 216.68 -103.89 -0.22 0.31 0.42 0.59 0.73 0.57 0.41
7.00 12.19 498.33 331.16 -331.05 -0.42 0.55 -0.34 0.79 0.50 0.57 0.87
8.00 9.10 618.61 -405.75 -153.30 -0.70 -0.74 0.61 0.63 0.96 0.78 0.82
7.00 11.65 34.32 -571.04 66.34 -0.56 0.90 -0.48 0.20 0.95 0.70 0.56
13.00 21.90 -491.32 375.44 251.43 -0.17 -0.69 0.63 0.26 0.47 0.47 0.05
5.00 3.76 11.51 398.71 535.14 0.77 0.32 0.63 0.23 0.10 0.34 0.07
8.00 18.39 -455.19 -318.51 -126.84 0.98 -0.82 -0.65 0.89 0.08 0.36 0.41
5.00 5.07 -197.66 89.23 696.72 -0.14 0.64 -0.79 0.85 0.77 0.85 0.17
14.00 2.08 134.65 -453.36 376.72 -0.19 -0.80 0.40 0.32 0.26 0.80 0.23
20.00 81.40 232.46 -244.65 678.32 0.14 -0.37 0.30 0.92 0.10 0.53 0.76
6.00 2.09 -303.36 -123.89 -49.56 -0.41 0.94 -0.72 0.24 0.76 0.65 0.15
5.00 7.79 -546.64 298.64 371.23 0.96 -0.77 0.16 0.46 0.44 0.94 0.41
5.00 5.09 6.23 301.75 17.25 0.32 0.32 -0.67 0.81 0.82 0.21 0.80
21.00 37.89 424.53 -80.47 -666.19 -0.41 -0.02 0.66 0.58 0.47 0.73 0.76
13.00 34.34 402.21 399.54 -458.77 0.78 -0.10 -0.05 0.08 0.87 0.38 0.45
9.00 18.23 50.42 -741.60 17.48 -0.50 0.89 -0.18 0.01 0.34 0.05 0.38
6.00 11.01 -33.02 -762.03 -75.38 0.89 0.23 0.74 0.06 0.10 0.06 0.15
8.00 6.07 292.61 -29.46 1.68 0.37 0.34 -0.46 0.38 0.30 0.39 0.85
5.00 5.52 -319.24 603.16 107.92 0.17 0.26 -0.30 0.67 0.61 0.63 0.11
20.00 92.39 -500.68 -415.47 -136.20 -0.98 0.55 0.75 0.85 0.15 0.74 0.93
10.00 4.35 -199.41 237.20 -413.08 -0.18 -0.18 0.37 0.38 1.00 0.14 0.78
24.00 135.97 -433.75 49.20 108.77 0.73 -0.14 -0.14 0.57 0.37 0.53 0.92
8.00 6.54 -484.71 3.07 614.26 0.40 -0.31 -1.00 0.38 0.18 0.28 0.87
8.00 17.75 -696.67 79.76 -23.91 0.68 -0.23 0.99 0.31 0.87 0.92 0.93
7.00 3.73 -674.57 374.84 -71.28 -0.36 0.91 -0.81 0.17 0.59 0.75 0.97
9.00 5.68 276.39 554.33 -46.79 -0.18 0.81 -0.51 0.23 0.97 0.20 0.76
10.00 25.78 -612.70 250.72 267.59 -0.01 0.76 -0.49 0.61 0.83 0.09 0.71
7.00 3.96 -41.13 -42.21 -505.73 0.49 0.84 -0.65 0.15 0.56 0.76 0.97
36.00 390.83 143.81 244.09 180.99 0.39 0.31 -0.21 0.14 0.04 0.29 0.82
5.00 4.60 -106.16 326.60 -224.51 0.60 0.05 -0.06 0.55 0.99 0.04 0.85
18.00 104.53 105.62 706.37 317.39 0.80 -0.08 -0.37 0.29 0.41 0.03 0.37
6.00 12.10 -167.12 -196.72 555.44 0.86 -0.05 0.41 0.50 0.56 0.79 0.64
12.00 38.10 -11.66 402.50 347.10 -0.16 -0.74 0.35 0.13 0.71 0.51 0.73
12.00 5.86 -163.48 513.29 373.63 -0.42 0.53 0.03 0.49 0.14 0.44 0.18
8.00 9.29 -415.13 363.01 209.58 0.17 -0.02 -0.14 0.83 0.52 0.42 0.26
21.00 3.90 -771.61 114.40 103.04 0.63 -0.83 0.05 0.47 0.63 0.56 0.79
24.00 54.52 -123.17 -706.28 -171.45 -0.40 0.14 0.66 0.30 0.88 0.47 0.61
13.00 44.96 -395.92 -503.06 344.03 -0.21 -0.81 -0.35 0.69 0.92 0.97 0.10
10.00 16.33 -295.27 108.58 -28.02 -0.22 -0.91 -1.00 0.94 0.38 0.09 0.50
8.00 11.76 -37.13 208.96 176.10 -0.45 0.44 0.19 0.61 0.48 0.29 0.18
5.00 5.66 -297.86 -7.29 656.00 -0.58 -0.46 0.58 0.43 0.11 0.78 0.48
26.00 15.57 524.90 110.01 76.28 0.62 -0.67 0.12 0.24 0.46 0.82 0.68
8.00 0.95 684.18 -153.00 367.94 -0.61 0.83 0.63 0.76 0.13 0.77 0.12
7.00 8.70 -409.23 441.66 -230.04 -0.10 0.11 -0.66 0.49 0.91 0.22 0.96
8.00 4.95 306.06 -74.34 491.23 -0.89 0.70 -0.13 0.73 0.30 0.75 0.24
5.00 2.44 427.93 424.54 -255.37 -0.08 0.83 -0.50 0.80 0.81 0.60 0.12
5.00 0.06 321.48 -288.95 625.34 0.16 -0.86 -0.75 0.47 0.79 0.48 0.22
13.00 36.89 481.73 -298.07 479.46 -0.58 0.32 0.24 0.91 0.91 0.58 0.15
22.00 85.87 112.86 641.91 -242.84 -0.34 -0.91 -0.67 0.68 0.54 0.79 0.52
11.00 36.59 167.25 605.79 494.01 -0.95 0.95 -0.57 0.79 0.51 0.01 0.74
31.00 72.52 377.32 443.87 -446.30 0.63 0.74 -0.66 0.14 0.92 0.56 0.24
5.00 5.50 -625.17 161.42 399.67 0.78 0.52 0.26 0.28 0.51 1.00 0.41
6.00 10.17 -666.41 50.72 -101.47 0.21 -0.75 0.54 0.95 0.47 0.58 0.19
18.00 15.70 440.79 -463.83 -429.68 0.56 0.28 -0.50 0.65 0.04 0.38 0.25
33.00 158.70 355.42 -80.37 91.83 0.97 -0.11 -0.03 0.48 0.46 0.96 0.37
19.00 66.68 194.76 195.81 -551.15 -0.99 0.86 0.51 0.42 0.89 0.42 0.27
5.00 5.07 58.89 21.78 420.40 0.20 -0.29 -0.40 0.62 0.01 0.81 0.93
8.00 12.19 229.27 -496.07 198.23 -0.38 -0.14 0.62 0.62 0.49 0.54 0.45
6.00 1.89 -41.26 -707.44 230.50 0.06 0.83 0.24 0.04 0.34 0.21 0.42
10.00 16.81 -406.42 384.25 -29.75 -0.17 -0.45 0.18 0.23 0.34 0.70 0.69
9.00 9.91 150.51 -415.04 -225.57 0.47 0.37 -0.93 0.86 0.10 0.86 0.53
11.00 18.43 -370.63 -0.65 -700.99 -0.50 -0.50 -0.54 0.38 0.85 0.75 0.45
12.00 28.99 -321.57 -243.45 -257.31 0.96 -0.49 0.43 0.13 0.20 0.66 0.59
6.00 0.44 117.04 -79.05 -416.42 -0.39 1.00 0.61 0.34 0.47 0.39 0.67
7.00 12.92 -395.55 -575.06 -158.77 -0.67 -0.27 0.21 0.74 0.55 0.67 0.88
20.00 11.96 -197.91 -410.60 8.27 0.63 -0.85 0.16 0.31 0.38 0.59 0.53
11.00 21.72 -669.41 -274.40 -64.69 0.38 0.70 -0.36 0.44 0.42 0.77 0.88
27.00 128.98 391.83 426.48 342.04 0.69 0.69 -0.29 0.36 0.43 0.68 0.79
12.00 10.41 -186.63 -725.29 61.07 0.96 -0.50 -0.39 0.43 0.59 0.21 0.62
8.00 20.68 -79.07 -191.52 -67.64 -0.93 -0.90 -0.74 0.94 0.51 0.49 0.18
12.00 35.09 -604.63 -154.97 295.90 -0.15 -0.37 -0.09 0.19 0.58 0.29 0.98
9.00 8.70 5.38 623.31 128.26 0.92 -0.34 -0.93 0.78 0.09 0.38 0.77
5.00 7.71 -158.56 211.41 373.20 0.05 -0.98 -0.72 0.54 0.45 0.85 0.25
21.00 129.17 -278.90 555.21 -354.29 0.09 -0.51 -0.40 0.65 0.58 0.42 0.58
8.00 4.03 724.30 -162.96 202.04 0.99 0.63 -0.28 0.06 0.05 0.43 0.20
6.00 2.63 442.00 219.38 -82.95 -0.43 0.32 -0.76 0.22 0.84 0.06 0.74
8.00 11.12 -114.39 727.03 59.59 -0.30 -0.15 -0.81 0.99 0.18 0.88 0.62
23.00 68.26 511.20 278.15 -102.20 0.03 -0.48 0.21 0.86 0.31 0.82 0.68
18.00 91.89 -671.55 267.86 -12.57 -0.40 0.80 0.17 0.93 0.94 0.22 0.83
9.00 13.94 253.75 277.27 -701.44 -0.65 0.03 -0.86 0.62 0.53 0.69 0.53
16.00 37.16 132.86 -102.88 520.32 0.20 0.13 -0.07 0.67 0.27 0.74 0.65
15.00 6.97 -64.79 529.10 -234.44 -0.52 -0.64 0.78 0.49 0.17 0.29 0.95
5.00 2.17 -337.15 61.07 -449.89 0.34 0.21 -0.14 0.54 0.08 0.43 0.41
17.00 91.45 -644.28 -270.89 -375.84 -0.33 0.25 -0.17 0.03 0.46 0.18 0.61
27.00 118.58 -443.70 -379.92 -422.01 0.35 0.04 -0.02 0.51 0.47 0.41 0.17
9.00 1.51 385.21 -484.59 -380.71 -0.24 -0.52 -0.86 0.48 0.27 0.52 0.68
9.00 23.22 108.16 291.08 261.29 0.09 0.05 0.64 0.00 0.17 0.03 0.96
14.00 58.41 -319.48 561.63 416.70 0.78 -0.65 -0.33 0.60 0.18 0.58 0.17
9.00 3.38 682.74 119.08 -269.40 -0.34 -0.96 0.14 0.16 0.35 0.77 0.17
5.00 6.63 594.40 -70.36 158.88 -0.54 -0.38 0.51 0.48 0.06 0.35 0.04
5.00 7.97 192.56 552.42 190.65 0.63 -0.21 0.64 0.43 0.39 0.67 0.85
8.00 12.47 -215.11 -13.42 127.28 0.52 -0.47 0.14 0.13 0.53 0.52 0.82
8.00 16.64 -753.75 4.78 -165.97 -0.15 -0.87 0.17 0.08 0.20 0.93 0.22
12.00 28.56 207.20 -45.03 638.16 0.16 -0.73 -0.17 0.83 0.22 0.26 0.43
11.00 2.26 -106.39 512.96 241.62 0.86 -0.48 1.00 0.94 0.13 0.96 0.58
8.00 10.23 -65.31 449.97 261.99 0.99 -0.58 0.70 0.93 0.67 0.79 0.45
14.00 1.39 126.77 -119.21 214.81 0.59 0.87 0.19 0.47 0.36 0.51 0.25
6.00 11.69 218.16 382.43 -211.23 0.21 -0.52 -0.37 0.86 0.26 0.98 0.60
9.00 2.41 -247.72 -355.22 606.94 0.48 0.84 1.00 0.52 0.15 0.61 0.85
13.00 11.65 -441.22 446.64 209.24 0.09 -0.99 0.60 0.83 0.89 0.64 0.44
16.00 54.23 -78.96 284.67 -256.54 -0.03 -0.70 0.38 0.20 0.81 0.31 0.27
11.00 0.33 -171.40 -290.52 -55.29 0.95 0.96 0.29 0.74 0.25 0.04 0.66
11.00 29.30 -46.72 571.28 -485.97 -0.71 0.99 -0.33 0.55 0.38 0.24 0.34
22.00 118.51 215.21 -189.00 -633.86 -0.13 -0.60 0.98 0.46 0.82 0.71 0.86
13.00 50.03 -440.86 133.96 572.22 0.97 0.66 0.57 0.52 0.31 0.07 0.95
9.00 15.79 -332.74 51.85 -134.37 0.94 0.18 0.12 0.59 0.11 0.69 0.95
24.00 32.13 452.85 535.44 55.18 -0.42 -1.00 0.77 0.19 0.34 0.38 0.91
5.00 3.35 687.87 132.62 353.00 -0.23 -0.64 0.37 0.34 0.84 0.24 0.87
10.00 11.93 -116.48 -362.74 670.02 -0.93 0.97 0.02 0.26 0.91 0.95 0.43
7.00 15.13 700.72 -24.26 -279.19 0.78 -0.75 0.23 0.61 0.86 0.89 0.47
21.00 36.85 82.38 -562.40 502.00 0.23 -0.47 0.89 0.59 0.62 0.63 0.37
11.00 23.20 -215.61 239.86 -493.87 0.82 -0.12 0.46 0.55 0.29 0.46 0.18
21.00 23.42 -664.20 -94.31 156.39 0.64 -0.30 -0.36 0.29 0.47 0.61 0.25
6.00 2.88 -565.45 -4.11 -72.45 -0.29 -0.77 -0.71 0.37 0.95 0.39 0.81
18.00 81.52 582.19 -4.57 -120.02 0.69 0.91 -0.82 0.83 0.15 0.79 0.68
10.00 21.76 243.13 -671.30 -212.10 0.90 -0.59 0.70 0.48 0.25 0.17 0.61
25.00 210.87 324.78 169.18 -77.13 -0.60 0.35 0.52 0.14 0.16 0.93 0.06
12.00 19.47 -125.78 -53.57 -124.67 -0.67 0.11 -0.68 0.57 0.49 0.84 0.44
12.00 44.73 148.74 -283.87 428.85 -0.75 -0.37 0.12 0.93 0.03 0.25 0.92
11.00 9.40 264.99 -107.62 368.22 -0.15 0.57 -0.42 0.45 0.31 0.50 0.57
7.00 15.14 593.49 439.05 -305.76 -0.88 -0.52 -0.04 0.53 0.06 0.63 0.85
9.00 20.37 -447.70 -297.05 -408.82 -0.98 0.11 -0.94 0.87 0.45 0.34 0.63
5.00 7.08 -524.82 -51.02 -96.15 -0.54 1.00 0.57 0.47 0.30 0.80 0.91
6.00 4.15 -26.04 -22.79 -486.01 0.66 -0.50 0.83 0.48 0.76 0.80 0.56
7.00 10.01 396.64 120.35 416.38 -0.16 -0.29 0.52 0.05 0.70 0.76 0.12
6.00 12.38 -31.40 -246.69 649.14 -0.81 -0.41 -0.74 0.16 0.41 0.71 0.98
12.00 15.54 180.54 556.31 -175.76 0.33 -0.87 -0.87 0.78 0.77 0.10 0.76
9.00 9.04 455.24 295.24 392.74 -0.13 0.66 0.43 0.80 0.10 0.88 0.60
12.00 39.10 133.07 -460.43 -396.37 -0.88 -0.33 -0.15 0.08 0.89 0.20 0.08
7.00 7.91 -45.58 -473.00 -92.64 -0.74 -0.14 0.61 0.29 0.85 0.43 0.59
10.00 24.44 -23.66 -712.07 -5.44 -0.15 -0.05 0.54 0.34 0.39 0.40 0.05
6.00 3.26 538.71 450.83 117.15 0.06 -0.11 0.21 0.11 0.65 0.23 0.53
8.00 8.77 178.98 -103.12 167.89 0.80 -0.73 -0.11 0.14 0.46 0.13 0.38
6.00 7.52 -257.52 502.63 383.02 -0.26 -0.75 -0.76 0.39 0.55 0.04 0.57
9.00 2.57 -218.33 -111.05 -181.77 0.40 0.07 0.10 0.20 0.51 0.48 0.02
22.00 120.22 15.72 -703.43 308.94 0.39 0.32 -0.07 0.42 0.98 0.36 0.50
18.00 37.04 -327.76 424.77 -571.41 0.72 -0.50 0.71 0.77 0.44 0.42 0.70
5.00 7.06 -158.62 634.23 -113.50 0.95 -0.59 -0.90 0.95 0.40 0.81 0.34
10.00 16.93 -457.01 -23.94 -590.75 -0.44 0.57 0.15 0.53 0.38 0.56 0.47
14.00 58.30 -418.00 -225.37 -203.84 -0.12 0.54 -0.45 0.32 0.78 0.62 0.79
5.00 6.50 457.23 223.63 -95.11 0.44 0.49 0.83 0.27 0.29 0.17 0.61
6.00 4.11 -58.45 -235.15 -450.71 0.37 -0.38 -0.93 0.13 0.44 0.48 0.67
6.00 4.32 -397.79 461.25 -260.18 -0.27 -0.23 0.11 0.71 0.40 0.46 0.08
8.00 19.60 210.36 517.95 -8.15 0.74 -0.41 0.81 0.30 0.46 0.73 0.39
6.00 8.75 681.34 -290.07 -267.61 0.43 -0.61 -0.49 0.91 0.40 0.84 0.36
11.00 13.82 127.76 740.17 53.54 0.09 -0.97 -0.22 0.87 0.65 0.90 0.39
15.00 12.84 -340.13 -389.17 112.97 0.25 -0.08 0.84 0.98 0.49 0.03 0.44
7.00 7.38 125.14 93.92 381.81 -0.99 0.51 -0.31 0.82 0.50 0.82 0.57
11.00 5.99 -163.17 427.09 -55.71 0.58 -0.69 0.62 0.71 0.06 0.65 0.77
30.00 246.91 -35.92 605.05 -206.72 -0.07 0.63 -0.88 0.86 0.52 0.32 0.43
5.00 8.42 -292.73 -180.31 255.93 0.49 -0.48 0.04 0.34 0.65 0.46 0.09
16.00 9.96 -454.64 31.22 -532.48 0.74 -0.40 -0.23 0.33 0.09 0.01 0.21
10.00 2.89 413.94 -6.55 434.65 0.54 0.86 0.92 0.69 0.82 0.65 0.48
20.00 98.92 -236.15 744.42 -156.20 -0.17 -0.82 -0.53 0.27 0.40 0.82 0.99
6.00 9.22 358.54 -258.02 448.88 0.66 0.85 -0.38 0.27 0.23 0.94 0.68
13.00 20.51 -376.60 -161.91 669.13 -0.82 0.71 0.62 0.05 0.25 0.46 0.03
26.00 40.55 297.47 -14.51 638.19 0.99 0.65 0.27 0.37 0.25 0.58 0.45
13.00 35.48 295.93 -514.66 -531.05 0.06 -0.50 -0.03 0.70 0.84 0.84 0.90
5.00 7.21 578.22 214.19 -44.79 0.67 -0.21 -0.96 0.87 0.17 0.24 0.11
10.00 2.28 470.72 -260.68 -42.14 -0.22 -0.31 0.15 0.56 0.06 0.13 0.34
8.00 4.01 -327.59 495.50 -531.15 -0.18 -0.58 0.16 0.36 0.47 0.21 0.03
10.00 9.14 333.65 -427.37 231.79 0.03 0.51 0.32 0.12 0.49 0.24 0.75
11.00 19.91 601.26 211.00 10.82 0.56 -0.47 -0.69 0.26 0.22 0.45 0.66
17.00 16.81 -343.38 314.84 169.68 0.95 -0.68 -0.66 0.75 0.90 0.64 0.39
8.00 16.97 285.43 61.01 -65.32 0.48 -0.92 0.65 0.41 0.14 0.39 0.04
8.00 6.12 -9.00 -94.87 319.17 0.47 -0.16 0.25 0.23 0.88 0.35 0.57
18.00 96.13 -124.26 44.27 331.43 -0.75 -0.04 -0.34 0.35 0.54 0.66 0.86
9.00 4.36 445.33 -393.72 443.89 0.38 0.93 -0.73 0.79 0.83 0.38 0.79
7.00 0.40 507.67 -108.53 19.42 0.22 0.13 -0.78 0.99 0.62 0.65 0.35
7.00 4.48 -468.79 -285.52 -190.00 -0.80 -0.36 -0.33 0.36 0.58 0.19 0.42
28.00 156.98 -193.48 -81.73 193.80 0.20 0.51 -1.00 0.28 0.55 0.24 0.16
20.00 89.22 -467.14 -300.00 478.73 -0.43 0.71 0.21 0.90 0.25 0.69 0.77
14.00 29.94 323.30 5.36 -118.41 0.00 0.34 -0.77 0.83 0.98 0.10 0.29
15.00 24.02 220.43 -136.17 -705.62 0.30 -0.52 0.52 0.01 0.68 0.02 0.69
6.00 2.83 66.13 -281.59 -605.80 -0.02 -0.49 0.66 0.50 0.14 0.99 0.79
5.00 0.69 -109.73 -419.96 85.23 -0.01 0.11 0.74 0.15 0.09 0.23 0.06
21.00 68.98 141.01 -42.79 -409.38 0.83 -0.31 -0.19 0.22 0.67 0.41 0.12
10.00 29.76 186.37 723.59 145.83 -0.89 0.49 0.27 0.38 0.42 0.25 0.16
6.00 10.86 -511.99 56.04 525.27 -0.90 0.61 -0.56 0.46 0.80 0.29 0.95
8.00 15.69 515.44 -106.74 -384.29 0.31 -0.82 -0.50 0.82 0.46 0.77 0.14
11.00 9.29 -579.27 -163.61 -310.09 0.95 0.22 -0.87 0.03 0.72 0.75 0.40
8.00 17.32 296.81 728.47 -112.81 0.51 -0.01 -0.24 0.08 0.78 0.96 0.27
11.00 6.61 -105.70 446.04 229.75 0.89 0.26 0.97 0.26 0.01 0.14 0.88
11.00 15.40 102.15 -674.19 -238.50 0.92 0.33 0.02 0.48 0.86 0.32 0.47
18.00 24.63 -487.97 335.55 312.93 0.47 -0.83 -0.58 0.71 0.11 0.42 0.76
17.00 41.33 159.74 312.80 -491.01 -0.16 -0.20 0.60 0.36 0.91 0.67 0.02
5.00 0.15 110.00 -96.56 437.25 0.51 0.72 0.99 0.01 0.82 0.78 0.49
13.00 2.32 538.52 49.08 30.36 -0.82 0.17 0.33 0.71 0.63 0.97 0.69
15.00 74.36 -65.20 -596.78 -496.75 -0.83 0.43 0.63 0.64 0.07 0.43 0.83
6.00 4.46 272.63 229.31 318.39 -0.24 0.29 0.14 0.80 0.39 0.55 0.25
10.00 14.05 -37.77 -244.86 -662.22 -0.51 -0.94 -0.78 0.95 0.85 0.42 0.03
14.00 42.54 -258.73 393.64 185.76 -0.34 0.74 -0.63 0.79 0.69 0.50 0.60
7.00 14.45 38.26 -488.76 -158.68 -0.59 -0.20 0.35 0.39 0.93 0.61 0.29
8.00 8.45 -125.54 -122.59 -95.74 -0.38 0.78 0.97 0.50 0.54 0.24 0.05
12.00 20.65 554.34 -214.70 443.27 0.47 0.61 0.93 0.90 0.62 0.43 0.48
7.00 8.23 -304.48 206.24 -5.64 -0.83 0.22 -0.91 0.55 0.07 0.34 0.69
7.00 9.83 400.03 581.94 40.21 -0.96 0.04 0.70 0.17 0.57 0.88 0.30
12.00 25.96 -67.93 -212.34 545.53 0.47 0.94 -0.06 0.86 0.79 0.38 0.32
16.00 79.33 -328.86 560.27 204.91 0.96 0.95 0.81 0.33 0.25 0.62 0.81
16.00 29.75 288.36 -668.39 280.72 0.43 -0.71 -0.32 0.42 0.99 0.91 0.98
6.00 8.60 432.30 295.74 130.99 0.57 -0.86 -0.13 0.33 0.23 0.77 0.18
9.00 3.90 597.88 -54.97 -210.90 0.13 0.56 -0.39 0.27 0.74 0.73 0.76
11.00 21.59 141.94 359.67 -284.73 -0.24 0.53 0.92 0.41 0.65 0.40 0.72
6.00 9.06 193.12 -303.86 -376.31 -0.22 -0.88 0.99 0.90 0.20 0.46 0.46
11.00 20.80 130.89 541.23 209.92 0.21 0.49 0.89 0.24 0.45 0.93 0.75
10.00 19.66 117.72 -522.11 -175.50 0.44 -0.16 1.00 0.40 0.02 0.96 0.99
23.00 155.04 -90.96 274.06 151.22 0.16 -0.21 -0.09 0.10 0.16 0.38 0.75
13.00 53.24 610.53 -222.89 365.72 -0.91 -0.81 0.57 0.38 0.39 0.56 0.45
5.00 4.70 -537.78 -412.43 326.85 0.65 0.65 0.23 0.51 0.77 0.69 0.46
14.00 26.21 173.42 182.50 -634.46 0.35 0.69 0.57 0.69 0.09 0.82 0.26
7.00 11.73 -448.89 -131.11 -614.27 -0.65 0.97 0.75 0.15 0.12 0.26 0.56
9.00 22.73 405.45 -197.01 446.60 0.36 0.56 0.16 0.21 0.97 0.39 0.61
28.00 220.40 167.16 -103.94 -743.85 -0.04 -0.82 0.92 0.46 0.78 0.77 0.46
5.00 2.69 -208.14 -58.75 -523.37 -0.41 -0.84 -0.19 0.02 0.82 0.49 0.90
6.00 4.82 145.04 -345.69 -496.61 -0.78 0.55 0.08 0.41 0.92 0.75 0.94
6.00 7.64 430.06 -137.54 393.80 -0.59 -0.62 -0.14 0.28 0.17 0.39 0.27
13.00 33.13 456.33 -283.85 523.87 0.63 -0.89 0.91 0.89 0.81 0.60 0.23
7.00 4.52 483.75 -213.03 -178.67 0.05 0.83 -0.86 0.94 0.59 0.84 0.88
5.00 4.12 238.59 210.91 701.48 -0.37 0.70 -0.68 0.60 0.31 0.10 0.76
8.00 13.08 -49.61 333.77 229.58 -0.98 -0.08 -0.86 0.43 0.67 0.60 0.25
7.00 13.52 281.10 6.50 543.44 -0.31 -0.40 0.58 0.29 0.90 0.80 0.05
22.00 95.19 -436.12 -367.71 -86.08 -0.53 -0.86 0.94 0.04 0.47 0.43 0.07
13.00 52.28 475.14 -158.22 493.42 -0.57 -0.91 -0.02 0.64 0.48 0.76 0.53
5.00 7.64 -378.39 -237.76 613.61 0.62 -0.29 0.70 0.67 0.19 0.01 0.86
8.00 3.96 -183.84 2.60 446.81 -0.22 -0.30 0.42 0.89 0.11 0.44 0.75
5.00 7.93 -373.53 -42.86 -590.51 0.33 -0.67 -0.94 0.18 0.07 0.64 0.62
17.00 33.35 -606.71 -367.83 315.07 -0.52 -0.35 0.28 0.07 0.02 0.38 0.11
15.00 37.59 -597.06 -109.97 256.15 -0.71 -0.09 -0.57 0.72 0.46 0.81 0.58
36.00 264.88 -405.92 -449.07 323.95 0.26 -0.07 -0.03 0.64 0.90 0.98 0.59
29.00 10.98 -85.33 446.31 336.73 0.64 0.92 0.21 0.90 0.47 0.87 0.75
6.00 8.07 -92.86 578.48 415.74 -0.10 -0.27 -0.45 0.37 0.95 0.34 0.78
8.00 6.05 -99.61 -356.06 -407.10 -0.25 -0.63 -0.83 0.44 0.23 0.56 0.51
7.00 11.65 -627.52 136.99 344.63 0.05 -0.19 0.67 0.66 0.39 0.02 0.02
5.00 0.24 -131.69 -226.05 -570.57 -0.43 0.15 0.99 0.37 0.05 0.93 0.60
19.00 95.82 579.69 -31.89 -512.38 -0.32 0.70 -0.89 0.04 0.57 1.00 0.20
16.00 40.48 -370.59 706.78 -51.27 -0.66 -0.44 0.24 0.21 1.00 0.44 0.84
9.00 1.80 -424.08 -229.60 -414.01 -0.14 -0.37 0.19 0.20 0.46 0.84 0.77
7.00 0.87 -109.59 20.64 -22.03 -0.06 0.00 -0.50 0.79 0.90 0.33 0.49
7.00 11.44 208.58 -305.44 697.88 0.02 0.14 -0.83 0.76 0.32 0.39 0.10
7.00 2.70 -40.21 -273.31 287.97 -0.39 0.24 -0.83 0.37 0.19 0.62 0.34
11.00 31.83 82.74 104.51 304.45 0.37 -0.12 0.52 0.21 0.96 0.14 0.75
8.00 13.59 -470.04 393.07 -101.03 -0.41 -0.57 0.36 0.98 0.49 0.89 0.09
14.00 39.52 -101.15 594.46 -244.41 0.36 -0.20 0.74 0.99 0.27 0.10 0.66
15.00 43.88 -78.06 153.07 -165.41 0.88 -0.89 0.31 0.82 0.18 0.77 0.72
16.00 57.32 -256.71 485.99 18.71 -0.85 -0.01 0.92 0.02 0.64 0.26 0.60
24.00 139.21 -365.11 538.69 -291.25 0.72 -0.44 -0.82 0.95 0.23 0.21 0.21
15.00 58.76 164.51 374.86 -239.65 -0.01 -0.75 -0.02 0.98 0.69 0.87 0.25
12.00 3.64 453.61 -222.96 565.03 0.93 0.77 -0.76 0.37 0.68 0.57 0.01
5.00 2.75 -304.80 -458.14 59.38 -0.17 0.83 -0.43 0.88 0.89 0.03 0.72
31.00 326.24 -132.70 -282.03 -580.59 0.67 0.58 -0.84 0.71 0.82 0.18 1.00
13.00 2.22 -519.64 109.23 559.53 0.81 -0.75 0.13 0.78 0.95 0.71 0.00
7.00 16.57 -21.39 -210.17 485.21 -0.16 -0.14 0.43 0.11 0.22 0.76 0.52
7.00 12.79 -446.41 -81.08 -509.51 -0.22 0.10 -0.45 0.33 0.59 0.91 0.77
6.00 1.14 -451.67 427.21 184.02 0.34 0.06 -0.57 0.04 0.64 1.00 0.37
10.00 25.40 132.83 -455.06 -357.88 -0.13 -0.55 0.22 0.65 0.41 0.84 0.73
5.00 4.37 365.37 -490.01 357.58 -0.85 0.01 -0.12 0.34 0.34 0.75 0.82
17.00 44.07 108.95 -219.00 43.24 0.08 -0.13 0.16 0.46 0.36 0.16 0.60
20.00 37.60 88.14 -287.93 127.20 -0.90 0.98 0.78 0.53 0.96 0.60 0.81
11.00 0.32 -374.31 269.51 458.78 0.86 -0.22 -0.29 0.46 0.04 0.73 0.13
10.00 15.88 -552.52 151.90 -474.31 0.67 0.08 0.62 0.24 0.13 0.02 0.79
9.00 13.53 149.37 -227.96 157.04 0.55 0.96 -0.29 0.38 0.94 0.63 0.62
15.00 39.31 259.75 -213.14 675.68 0.57 -0.08 -0.78 0.90 0.30 0.70 0.54
16.00 4.93 109.17 -29.14 -17.55 0.84 0.95 0.61 0.57 0.63 0.49 0.06
8.00 19.87 -303.72 84.93 187.55 0.95 0.33 -0.97 0.50 0.28 0.45 0.17
5.00 0.97 415.36 292.70 272.11 0.12 -0.45 -0.20 0.18 0.56 0.86 0.55
9.00 16.65 592.60 -117.40 29.78 -0.54 0.98 0.83 0.54 0.56 0.43 0.60
6.00 9.48 437.79 -234.52 -248.54 0.30 0.62 0.39 0.19 0.81 0.73 0.66
5.00 4.50 18.18 468.22 -35.93 -0.54 0.32 0.93 0.52 0.21 0.10 0.25
22.00 4.14 458.74 153.01 -185.13 0.87 -0.25 0.15 0.30 0.33 0.12 0.25
8.00 10.37 -212.18 -341.15 -387.84 -0.10 0.48 0.33 0.07 0.45 0.01 0.11
8.00 10.95 128.04 -600.15 -313.88 0.08 0.88 0.59 0.45 0.85 0.70 0.34
10.00 11.76 -538.60 -285.83 -236.51 -0.52 0.28 -0.28 0.05 0.05 0.14 0.03
6.00 9.72 557.48 200.59 309.60 -0.89 -0.37 -0.75 0.92 0.94 0.14 0.03
27.00 121.09 -575.41 -483.79 217.82 0.06 -0.86 -0.53 0.95 0.90 0.56 0.29
5.00 3.28 126.24 -164.14 -325.26 -0.27 -0.07 -0.79 0.46 0.32 0.92 0.72
8.00 5.97 -279.50 -54.21 223.07 0.95 0.35 0.42 0.94 0.00 0.16 0.07
7.00 13.45 240.12 -628.53 258.81 -0.41 -0.82 0.44 0.55 0.12 0.62 0.45
8.00 5.59 621.73 -418.12 -43.24 0.81 0.14 0.00 0.43 0.20 0.95 0.04
7.00 3.55 -591.50 -144.59 -10.74 -0.31 0.48 0.27 0.55 0.15 0.82 0.39
5.00 4.51 237.15 -374.43 -8.01 -0.06 -0.65 0.64 0.62 0.36 0.15 0.08
15.00 76.29 -613.20 133.84 412.21 -0.74 0.02 -0.04 0.95 0.78 0.41 0.95
20.00 84.62 -330.84 -121.82 -11.37 0.12 0.75 0.60 0.01 0.54 0.09 0.48
16.00 12.40 113.73 307.49 -136.88 0.71 -0.57 -0.19 0.27 0.06 0.22 0.52
13.00 44.94 -408.03 -323.20 280.69 -0.10 0.90 0.32 0.04 0.56 0.84 0.45
9.00 13.18 284.30 -1.60 -254.87 0.14 -0.24 0.08 0.44 0.56 0.56 0.53
6.00 12.18 -284.59 -365.79 -107.93 0.02 -0.99 0.03 0.08 0.61 0.30 0.93
11.00 32.21 -270.94 376.94 -160.65 -0.40 -0.99 0.31 0.47 0.74 0.29 0.25
5.00 1.21 234.15 72.12 -55.09 0.18 -0.24 0.09 0.99 0.97 0.60 0.02
8.00 2.68 401.11 300.18 -300.35 0.22 -0.43 0.22 0.79 0.52 0.56 0.18
35.00 148.94 -320.51 -318.45 -232.65 0.95 -0.09 0.73 0.62 0.57 0.57 0.52
20.00 69.11 286.39 505.55 -46.74 -0.10 0.21 -0.25 0.83 0.09 0.87 0.84
9.00 19.33 -240.19 -379.96 -110.37 0.61 -0.44 0.80 0.64 0.54 0.63 0.05
5.00 0.17 48.30 456.04 621.60 -0.76 -0.95 0.53 0.40 0.56 0.20 0.79
5.00 8.54 -324.42 -227.80 -332.91 0.60 0.58 0.23 0.93 0.92 0.44 0.58
17.00 47.21 -566.02 321.96 369.23 -0.42 -0.11 0.60 0.10 0.33 0.88 0.71
6.00 1.95 -214.48 -503.62 -284.40 -0.43 0.66 -0.51 0.79 0.28 0.18 0.50
9.00 2.75 -426.57 81.15 -244.68 0.16 -0.63 -0.10 0.68 0.70 0.39 0.53
5.00 0.77 331.73 -383.84 -168.90 -0.14 -0.79 0.51 0.24 0.79 0.81 0.03
15.00 24.59 -167.87 -218.31 -262.79 0.28 0.82 -0.76 0.78 0.29 0.98 0.78
38.00 264.29 -79.62 -41.84 176.60 0.96 -0.02 -0.49 0.35 0.65 0.60 0.47
12.00 40.29 577.07 65.06 -326.15 -0.68 0.01 -0.15 0.17 0.79 0.50 0.29