11.06 865
23.00 32.75 329.57 33.80 118.25 0.04 -0.29 -0.74 0.92 0.81 0.58 0.27
16.00 47.52 360.05 -85.23 -573.72 -0.88 -0.57 0.14 0.33 0.67 0.10 0.57
5.00 3.37 98.86 -344.50 -652.76 0.36 -0.84 0.09 0.38 0.21 0.82 0.25
9.00 5.89 -87.46 -572.35 -316.92 0.44 -0.34 0.20 0.87 0.03 0.09 0.71
7.00 1.20 137.36 450.88 -611.21 -0.33 0.17 -0.83 0.07 0.74 0.69 0.30
6.00 3.03 121.67 164.64 36.39 0.79 -0.67 -0.15 0.43 0.54 0.43 0.99
11.00 26.48 -524.43 -543.38 246.46 0.07 -0.28 -0.36 0.82 0.12 0.95 0.19
5.00 5.20 62.70 -262.66 469.03 0.73 -0.17 0.38 0.60 0.71 0.23 0.51
5.00 7.05 -217.74 -111.62 484.30 -1.00 0.59 0.93 0.59 0.25 0.54 0.47
12.00 46.02 424.84 -75.99 621.46 0.08 0.86 -0.14 0.12 0.65 0.81 0.86
8.00 5.77 -359.95 -208.78 -494.89 -0.00 -0.11 -0.66 0.33 0.19 0.51 0.92
22.00 70.39 365.08 572.75 -159.57 0.58 0.77 0.06 0.66 0.88 0.22 0.79
7.00 8.23 15.95 -117.94 -519.88 -0.80 0.66 0.95 0.23 0.46 0.14 0.19
12.00 30.05 -478.21 99.01 405.44 0.09 0.12 -0.62 0.32 0.57 0.77 0.01
7.00 9.06 622.12 -372.89 -255.61 -0.56 -0.40 -0.02 0.23 0.30 0.24 0.24
26.00 68.55 -684.25 -119.24 -395.04 -0.92 -0.64 -0.67 0.67 0.15 0.63 0.60
7.00 7.77 270.85 549.28 -322.65 0.04 0.93 -0.41 0.82 0.20 0.51 0.68
6.00 1.94 -288.29 30.23 279.87 0.38 0.24 -0.22 0.40 0.92 0.09 0.59
11.00 7.32 -529.15 348.95 -467.37 -0.18 -0.49 0.65 0.57 0.01 0.11 0.99
12.00 42.82 113.04 69.59 -150.16 0.40 0.13 -0.45 0.57 0.46 0.92 0.84
9.00 13.85 275.44 78.41 -375.00 0.88 0.17 -0.60 0.45 0.40 0.01 0.20
14.00 66.59 719.70 -323.38 -67.56 -0.49 -0.02 -0.39 0.27 0.15 0.20 0.71
10.00 23.89 -25.83 -120.75 225.76 0.31 0.52 -0.61 0.00 0.53 0.41 0.47
6.00 11.66 -172.90 603.01 -57.96 0.06 0.33 0.84 0.32 0.03 0.39 0.80
22.00 113.84 -584.88 -185.01 -247.52 -0.06 -0.59 0.78 0.04 0.65 0.70 0.46
16.00 15.66 -72.45 -220.57 -272.98 -0.63 0.29 0.98 0.17 0.12 0.56 0.95
12.00 22.00 -96.26 -212.48 -318.19 0.37 0.20 0.71 0.71 0.46 0.28 0.05
5.00 7.78 -548.12 -59.36 -150.12 -0.09 -0.63 -0.98 0.95 0.05 0.68 0.49
15.00 16.91 -391.78 566.07 -60.77 0.08 0.39 -0.99 0.63 0.89 0.34 0.38
15.00 2.19 285.87 40.94 558.51 0.07 -0.84 0.86 0.78 0.21 0.65 0.84
8.00 11.43 349.85 131.30 481.24 -0.84 0.35 -0.07 0.98 0.70 0.62 0.20
12.00 4.76 640.16 -64.68 246.59 -0.85 -0.67 0.18 0.56 0.85 0.96 0.55
9.00 24.90 415.10 496.17 133.72 -0.09 0.90 0.28 0.98 0.71 0.31 0.65
6.00 9.09 -349.98 581.36 276.86 0.01 -0.72 -0.38 0.93 0.19 0.12 0.15
7.00 6.29 -171.42 -325.25 -685.48 0.14 0.96 -0.42 0.60 0.75 0.42 0.35
7.00 12.76 -106.75 -101.47 752.13 0.42 0.81 0.62 0.27 0.51 0.58 0.86
14.00 7.47 -382.27 503.84 -214.57 -0.88 -0.43 0.85 0.06 0.19 0.48 0.36
12.00 23.56 -94.52 -148.47 773.75 -0.36 0.34 0.13 0.85 0.39 0.34 0.64
10.00 29.05 323.42 -275.19 -169.85 -0.09 -0.41 -0.53 0.76 0.70 0.91 0.72
5.00 7.59 6.72 -525.14 367.55 -0.29 -0.32 0.16 0.30 0.92 0.57 0.14
5.00 5.20 -9.11 322.59 702.61 0.00 0.67 0.98 0.63 0.14 0.22 0.88
11.00 35.35 -342.29 134.41 -545.25 -0.90 0.08 -0.04 0.28 0.17 0.24 0.69
14.00 2.95 12.58 69.97 -390.43 0.76 0.45 0.08 0.82 0.59 0.38 0.64
11.00 30.72 524.19 -168.81 571.99 -0.21 -0.43 -0.98 0.66 0.21 0.66 0.51
12.00 30.94 715.70 141.08 100.66 -0.87 0.63 -0.45 0.29 0.98 0.00 0.92
7.00 14.55 -141.53 400.04 149.33 -0.98 0.98 -0.33 0.54 0.68 0.85 0.80
9.00 22.39 -533.15 415.10 1.91 -0.84 -0.82 0.37 0.44 0.94 0.69 0.61
13.00 24.63 -362.54 -175.62 -242.98 0.46 0.32 0.88 0.68 0.30 0.27 0.65
20.00 90.14 -425.17 -261.59 -601.27 0.77 0.65 0.81 0.44 0.44 0.02 0.57
16.00 10.82 -156.80 81.43 -616.68 0.92 0.65 0.74 0.09 0.67 0.85 0.23
19.00 101.03 523.55 -132.70 28.53 -0.77 0.54 0.29 0.15 0.92 0.99 0.43
8.00 13.84 510.11 -100.22 -605.25 -0.57 -0.04 -0.20 0.13 0.83 0.96 0.92
8.00 11.10 78.50 -220.88 -592.72 -0.89 0.38 0.02 0.86 0.35 0.20 0.45
11.00 1.57 184.32 -322.54 -241.27 0.77 -0.54 0.36 0.42 0.43 0.97 0.20
15.00 48.03 -244.42 -185.45 -127.64 -0.54 0.67 0.26 0.78 0.76 0.46 0.70
14.00 49.54 -728.08 -30.04 -205.14 0.89 -0.43 -0.49 0.51 0.16 0.05 0.63
11.00 38.51 -163.17 427.09 -55.71 0.51 0.86 -0.62 0.41 0.63 0.68 0.63
13.00 18.42 573.44 15.78 -547.51 0.45 -0.76 0.99 0.88 1.00 0.69 0.37
8.00 21.61 13.65 164.88 -434.83 -0.67 -0.52 0.79 0.48 0.93 0.46 0.16
8.00 20.80 -526.87 309.19 191.27 0.51 -0.89 -0.32 0.58 0.86 0.97 0.87
21.00 19.76 -231.64 511.35 -64.41 -0.46 0.22 0.83 0.56 0.09 0.06 0.61
15.00 24.17 3.80 -336.93 -516.02 0.59 -0.54 0.60 0.72 0.39 0.73 0.46
5.00 6.38 -458.05 444.62 236.66 -0.09 -0.91 0.28 0.89 0.95 0.23 0.60
7.00 9.38 663.49 -23.32 268.52 0.03 -0.54 -0.94 0.79 0.78 0.06 0.24
6.00 9.28 -4.91 151.16 -732.54 -0.53 -0.92 -0.48 0.86 0.86 0.32 0.82
5.00 4.71 770.38 128.06 54.16 -0.34 0.15 -0.93 0.67 0.61 0.34 0.69
5.00 6.93 -79.70 -418.49 472.33 1.00 0.09 -0.31 0.80 0.82 0.19 0.74
5.00 0.46 91.89 -284.59 378.82 0.34 0.64 -0.25 0.51 0.54 0.26 0.88
10.00 20.14 -311.91 -593.81 358.12 -0.67 -0.06 -0.11 0.64 0.58 0.44 0.72
18.00 55.71 444.69 507.30 427.18 0.82 -0.21 -0.98 0.99 0.93 0.17 0.53
7.00 2.40 -715.65 -192.16 -80.50 0.03 0.21 0.74 0.19 0.47 0.84 0.94
7.00 9.57 307.75 596.86 192.43 0.59 -0.24 0.55 0.25 0.23 0.18 0.94
14.00 29.24 22.02 699.08 -324.29 -0.49 0.52 0.89 0.26 0.91 0.28 0.43
5.00 3.58 79.64 -165.23 505.09 0.17 -0.90 -0.81 0.12 0.55 0.45 0.04
9.00 26.82 -33.86 658.10 -127.83 -0.54 0.93 0.07 0.96 0.01 0.94 0.16
9.00 23.15 88.19 -132.39 -139.10 0.39 -0.20 -0.60 0.41 0.58 0.98 0.64
12.00 23.14 -122.26 -588.55 -92.44 0.43 0.20 0.67 0.57 0.31 0.94 1.00
18.00 83.24 30.41 158.64 -234.44 0.10 -0.64 0.73 0.51 0.42 0.10 0.50
7.00 1.32 -62.11 29.16 -234.23 -0.30 0.36 0.45 0.93 0.66 0.91 0.26
7.00 10.68 -125.12 177.20 663.25 -0.21 -0.76 -0.56 0.32 0.55 0.33 0.90
6.00 3.32 -611.06 -230.15 209.50 -0.17 -0.07 -0.75 0.32 0.75 0.73 0.70
14.00 59.89 128.81 557.95 -308.08 0.54 -0.14 -0.22 0.48 0.47 0.35 0.60
15.00 13.09 -610.21 -11.80 -157.56 -0.71 0.43 0.35 0.92 0.03 0.06 0.58
10.00 7.01 -89.12 588.76 133.56 -0.33 -0.52 -0.87 0.66 0.87 0.12 0.88
11.00 34.41 605.34 -457.46 -250.38 0.63 -0.77 -0.42 0.76 0.55 0.01 0.79
8.00 3.12 303.35 -441.93 -172.10 0.59 0.86 -0.01 0.92 0.49 0.45 0.45
5.00 2.16 254.44 -293.52 -602.85 -0.69 -0.53 -0.17 0.40 0.19 0.50 0.70
7.00 8.26 602.42 18.19 -331.76 0.33 0.78 0.42 0.45 0.23 0.48 0.95
8.00 0.05 -337.99 -627.23 29.81 0.76 0.88 0.19 0.69 0.61 0.65 0.98
7.00 12.81 -577.06 -202.97 -330.45 0.26 -0.15 0.05 0.94 0.50 0.65 0.97
22.00 84.95 684.06 -86.47 355.87 0.80 0.28 -0.02 0.00 0.53 0.50 0.65
14.00 9.33 -69.66 178.60 623.74 0.36 0.73 0.31 0.33 0.23 0.79 0.91
12.00 0.91 302.77 -728.10 58.80 -0.16 0.80 -0.47 0.11 0.73 0.60 0.32
8.00 13.25 -411.50 -89.28 464.00 0.37 0.86 0.59 0.93 0.64 0.34 0.72
11.00 22.84 89.75 521.71 59.35 -0.94 -0.08 0.22 0.34 0.34 0.91 0.19
15.00 38.89 308.79 -94.74 -551.53 0.66 -0.83 0.09 0.84 0.27 0.69 0.98
5.00 7.56 372.53 -217.88 452.36 0.70 0.51 0.65 0.65 0.96 0.69 0.35
7.00 6.40 115.46 -490.01 -212.98 0.50 0.36 -0.44 0.18 0.44 0.58 0.59
10.00 8.41 -331.00 488.51 18.37 -0.09 0.34 0.20 0.89 0.54 0.51 0.30
28.00 72.86 -475.75 552.82 166.64 -0.82 0.67 -0.71 0.62 0.78 0.47 0.01
11.00 17.45 563.05 -61.79 -369.09 0.21 -0.56 0.59 0.97 0.78 0.51 0.88
8.00 3.59 706.01 248.63 -93.42 0.25 0.05 0.58 0.93 0.75 0.64 0.28
8.00 20.78 -224.94 594.72 -472.79 -0.21 -0.05 0.82 0.28 0.29 0.56 0.55
10.00 14.75 -490.29 -368.05 -254.47 0.24 0.83 0.92 0.64 0.17 0.21 0.27
8.00 8.06 -99.07 -299.70 446.97 0.76 -0.04 0.56 0.36 0.36 0.21 0.87
14.00 10.37 -316.15 -12.08 734.15 0.13 0.89 -0.46 0.84 0.94 0.86 0.73
32.00 211.37 -208.45 -211.43 -212.04 0.60 0.81 -0.46 0.24 0.42 0.88 0.62
6.00 3.56 191.34 -352.36 84.85 0.22 0.35 0.91 0.26 0.57 0.84 0.05
9.00 14.16 527.44 530.30 -183.36 0.53 -0.22 -0.25 0.38 0.89 0.18 0.10
20.00 87.35 -668.98 35.56 -420.53 -0.31 -0.43 -0.70 0.07 0.12 0.62 0.52
24.00 63.91 -259.07 370.27 652.69 -0.73 0.63 0.13 0.06 0.39 0.87 0.74
13.00 52.56 193.32 542.11 334.14 -0.42 0.15 -0.64 0.84 0.11 0.73 0.16
11.00 18.27 427.44 273.62 516.25 -0.50 0.39 -0.09 0.92 0.00 0.53 0.87
10.00 4.80 -336.43 59.44 -347.01 -0.82 -0.92 -0.80 0.85 0.13 0.20 0.84
11.00 33.03 683.86 -252.28 -226.58 0.88 -0.72 -0.57 0.89 0.57 0.26 0.22
7.00 5.26 132.58 -385.33 -672.84 0.97 -0.52 0.74 0.35 0.41 0.78 0.75
17.00 59.74 216.05 501.94 239.74 -0.92 0.76 0.49 0.61 0.73 0.09 0.31
10.00 14.16 153.74 -716.18 288.10 0.44 0.88 -0.21 0.80 0.76 0.85 0.00
7.00 11.21 490.96 -628.95 12.45 0.60 -0.40 0.75 0.73 0.92 0.15 0.22
15.00 3.06 200.21 -338.84 -503.69 -0.49 0.72 0.50 0.17 0.04 0.38 0.28
6.00 2.39 -254.53 -316.88 498.58 -0.76 -0.90 -0.27 0.82 0.77 0.62 0.83
38.00 147.24 -305.22 -263.01 -590.25 0.57 0.20 -0.52 0.97 0.05 0.03 0.91
8.00 6.82 -269.79 3.73 662.46 -0.15 -0.47 -0.36 0.70 0.17 0.67 0.06
5.00 3.07 -235.34 -719.52 239.48 -0.41 -0.32 0.16 0.30 0.98 0.18 0.88
14.00 50.41 247.75 -254.51 -670.75 0.02 0.63 -0.77 0.83 0.45 0.04 0.94
5.00 7.33 88.22 450.85 -573.59 0.07 0.48 -0.09 0.48 0.06 0.80 0.26
12.00 2.51 -81.78 379.30 -50.29 -0.94 0.27 -0.09 0.23 0.82 0.28 0.79
13.00 43.09 -789.36 -22.16 98.09 -0.72 0.48 0.64 0.47 0.12 0.58 0.70
19.00 116.60 315.86 517.75 8.84 0.68 -0.01 -0.74 0.66 0.33 0.79 0.27
15.00 28.82 198.30 -740.72 212.60 0.81 0.40 -0.56 0.14 0.50 0.06 0.12
10.00 1.92 -75.55 -608.19 -15.76 0.32 0.86 -0.76 0.43 0.85 0.11 0.50
10.00 27.38 -251.11 651.40 28.14 0.97 -0.89 0.85 0.46 0.29 0.50 0.56
9.00 24.72 -215.85 493.86 317.59 0.05 0.10 0.12 0.71 0.72 0.95 0.75
6.00 9.18 -474.37 337.57 -312.72 0.43 0.19 -0.56 0.56 0.07 0.59 0.89
11.00 3.57 203.15 -82.99 205.63 -0.85 -0.31 0.76 0.30 0.82 0.69 0.02
31.00 110.68 45.58 -321.40 -598.93 -0.69 0.35 0.66 0.67 0.56 0.48 0.20
6.00 8.48 -395.42 -259.83 5.50 0.22 0.84 -0.51 0.92 0.96 0.56 0.77
21.00 138.85 -308.25 -123.93 268.32 0.48 -0.02 -0.94 0.70 0.39 0.88 0.92
27.00 13.13 424.12 -56.55 -619.59 -0.60 0.52 0.07 0.90 0.84 0.88 0.58
12.00 31.53 -35.09 -516.70 476.88 -0.27 -0.95 0.82 0.89 0.73 0.78 0.15
5.00 7.84 364.55 -184.26 -3.63 0.68 -0.99 -0.21 0.44 0.65 0.65 0.66
8.00 3.34 377.43 389.07 187.02 0.48 0.16 -0.95 0.35 0.59 0.03 0.02
7.00 13.64 -583.45 -95.51 89.93 0.24 0.67 -0.99 0.14 0.59 0.68 0.89
9.00 8.45 -41.86 235.11 -3.49 0.99 0.45 0.34 0.82 0.94 1.00 0.43
18.00 27.08 -234.51 451.25 226.87 0.40 0.73 0.24 0.49 0.19 0.64 0.29
7.00 7.12 -382.55 553.97 396.19 0.72 0.24 0.93 0.43 0.77 0.27 0.80
16.00 63.33 140.68 156.45 -466.83 -0.62 -0.83 -0.70 0.95 0.95 0.35 0.87
8.00 16.31 195.98 392.74 -265.75 -0.28 0.60 0.50 0.74 0.25 0.13 0.42
24.00 43.55 304.56 -527.55 -436.36 -0.62 0.86 0.19 0.35 0.90 0.36 0.28
8.00 4.75 -17.17 207.10 203.86 -0.97 -0.52 -0.69 0.87 0.41 0.09 0.99
8.00 5.94 -65.31 449.97 261.99 -0.00 -0.40 -0.11 0.73 0.30 0.13 0.45
17.00 37.78 690.29 85.14 -346.38 -0.22 0.39 -0.43 0.06 0.17 0.71 0.13
15.00 32.55 193.83 -37.43 268.30 0.11 0.08 0.91 0.10 0.16 0.28 0.54
17.00 93.07 -193.18 -104.22 -663.84 -0.33 0.86 -0.80 0.19 0.90 0.30 0.58
11.00 5.36 188.29 -343.62 -554.85 0.96 -0.22 -0.38 0.75 0.97 0.76 0.17
7.00 14.41 -382.77 67.64 623.01 -1.00 0.08 0.81 0.09 0.45 0.80 0.57
35.00 380.54 191.23 108.90 345.83 -0.63 0.60 -0.44 0.79 0.64 0.13 0.66
7.00 14.81 -155.37 -65.18 396.99 -0.25 0.05 -0.91 0.50 0.71 0.21 0.97
11.00 40.13 -501.09 -63.18 297.47 -0.12 -0.82 0.74 0.17 0.96 0.87 0.77
13.00 56.53 708.62 -42.81 -146.90 0.35 0.82 -0.45 0.45 0.08 0.27 0.77
10.00 17.64 599.13 -167.27 178.23 -0.55 -0.67 -0.68 0.88 0.57 0.86 0.83
9.00 5.40 372.48 603.34 36.57 -0.46 0.96 -0.51 0.42 0.23 0.63 0.65
14.00 37.88 -195.65 -261.62 -332.87 -0.85 -0.81 -0.78 0.10 0.01 0.39 0.23
13.00 6.52 -343.99 -309.52 -309.24 -0.05 -0.20 0.84 0.88 0.33 0.30 0.44
7.00 10.51 659.09 340.74 4.26 0.79 0.39 0.39 0.76 0.73 0.03 0.15
5.00 4.47 361.80 -349.83 -376.46 0.77 0.24 -0.92 0.22 0.21 0.20 0.29
23.00 100.31 354.78 -4.79 -359.13 0.33 -0.50 0.41 0.12 0.46 0.66 0.13
7.00 9.59 652.36 26.30 139.46 0.68 -0.76 -0.52 0.02 0.36 0.39 0.40
12.00 12.02 432.99 300.44 334.00 -0.03 -0.13 0.93 0.03 0.11 0.36 0.56
6.00 6.01 760.64 180.04 -14.44 -0.44 0.77 -0.38 0.38 0.94 0.71 0.88
13.00 23.94 325.12 -308.84 -390.00 -0.32 0.84 -0.65 0.16 0.68 0.89 0.69
9.00 17.83 144.34 624.70 -58.93 -0.32 -0.34 0.80 0.50 0.34 0.80 0.05
7.00 5.49 111.19 -401.79 -575.80 -0.95 -0.63 -0.93 0.08 0.56 0.40 0.76
14.00 27.16 -660.88 163.90 284.96 -0.48 -0.78 0.25 0.48 0.33 0.00 0.19
12.00 14.00 687.04 -55.72 206.72 -0.29 -0.60 -0.67 0.32 0.89 0.27 0.09
10.00 12.11 608.10 276.39 290.14 0.24 0.55 -0.60 0.38 0.16 0.02 0.71
8.00 12.12 119.76 -589.42 467.01 0.73 -0.46 -0.63 0.80 0.77 0.90 0.09
14.00 52.26 312.22 243.41 372.14 0.91 -0.60 -0.79 0.25 0.45 0.63 0.61
13.00 17.78 193.07 685.93 227.84 -0.51 -0.21 0.74 0.89 0.70 0.28 0.62
5.00 2.38 -264.00 606.94 284.27 -0.07 -0.88 -0.54 0.14 0.26 0.73 0.99
12.00 25.69 -739.07 -21.69 -303.44 0.79 -0.49 -0.89 0.39 0.44 0.19 0.59
11.00 35.88 -418.28 -267.23 -472.09 0.27 -0.69 0.68 0.01 0.87 0.83 0.37
8.00 13.04 407.09 171.31 -482.50 0.81 -0.90 -0.04 0.02 0.46 0.78 0.52
14.00 33.84 87.15 -90.36 531.35 0.16 0.38 0.72 0.89 0.86 0.66 0.88
20.00 110.26 -167.76 -92.35 -252.64 -0.68 0.72 -0.70 0.50 0.32 0.49 0.35
6.00 8.16 -97.08 385.06 -569.37 -0.88 -0.42 -0.89 0.70 0.93 0.98 0.40
5.00 3.93 404.78 82.92 672.20 0.27 -0.44 0.67 0.29 0.08 0.52 0.85
8.00 10.36 -117.06 -516.22 -575.96 -0.07 -0.91 -0.21 0.76 0.83 0.96 0.90
32.00 46.19 68.96 -621.79 -109.01 -0.62 -0.31 0.76 0.23 0.50 0.06 0.43
13.00 45.30 594.40 -145.45 148.19 -0.73 -0.26 0.45 0.67 0.13 0.99 0.42
14.00 22.53 107.35 -262.96 -569.48 0.37 0.90 0.01 0.37 0.31 0.99 0.30
12.00 34.08 551.08 -307.65 167.68 -0.91 0.25 -0.16 0.88 0.93 0.39 0.00
5.00 6.90 -462.83 -230.19 -333.05 -0.95 -0.50 -0.42 0.17 0.20 0.53 0.67
10.00 2.74 790.20 2.03 1.28 -0.28 -0.42 -0.76 0.82 0.80 0.67 0.50
17.00 38.13 137.28 132.62 331.23 -0.27 -0.77 0.86 0.09 0.31 0.04 0.98
5.00 4.30 -590.16 130.57 202.32 0.73 -0.97 0.36 0.96 0.11 0.01 0.39
5.00 4.46 63.84 20.11 -94.15 -0.92 -0.08 0.76 0.97 0.34 0.19 0.16
8.00 7.87 502.89 -149.24 480.17 0.85 -0.56 0.25 0.08 0.00 0.27 0.74
7.00 1.16 -108.79 -567.65 287.79 0.21 0.16 0.90 0.43 0.70 0.11 0.26
6.00 0.66 6.46 521.75 -324.97 0.34 -0.63 0.59 0.33 0.44 0.20 0.77
11.00 39.77 438.04 -522.34 -40.90 -0.52 -0.95 -0.52 0.03 0.70 0.51 0.05
9.00 14.64 -244.34 99.19 -248.05 -0.23 -0.32 0.71 0.27 0.53 0.97 0.96
8.00 11.31 -82.44 37.84 -329.00 -0.90 0.10 0.14 0.50 0.42 0.86 0.78
8.00 0.10 -497.90 378.56 80.84 -0.90 -0.67 -0.62 0.98 0.27 0.00 0.21
5.00 6.41 -470.61 207.47 236.84 0.73 0.61 -0.91 0.84 0.75 0.77 0.44
10.00 1.84 -206.31 384.13 -582.10 -0.27 0.67 0.66 0.44 0.43 0.92 0.42
11.00 5.57 417.46 104.25 387.61 -0.05 0.28 0.59 0.53 0.07 0.43 0.80
12.00 27.49 367.54 -186.45 -151.10 -0.20 -0.66 -0.18 0.48 0.69 0.13 0.15
16.00 67.20 733.03 31.36 -176.23 -0.87 0.13 -0.13 0.91 0.04 0.86 0.56
7.00 3.82 111.87 -128.27 419.02 -0.56 0.37 -0.01 0.07 0.12 0.20 0.67
11.00 25.55 -346.45 -578.02 230.63 0.87 -0.92 0.40 0.37 0.70 0.00 0.86
6.00 1.46 -340.99 215.11 -287.83 0.96 -0.52 -0.91 0.78 0.01 0.16 0.01
18.00 25.02 58.49 103.10 -610.05 -0.04 0.24 0.63 0.80 0.86 0.16 0.73
16.00 10.64 -379.29 40.58 31.24 -0.29 -0.26 -0.89 0.29 0.15 0.82 0.44
5.00 2.88 426.66 295.76 -460.58 -0.04 -0.60 0.39 0.33 0.79 0.79 0.52
19.00 121.64 -420.61 562.12 -157.83 0.94 -0.94 -0.99 0.72 0.36 0.31 0.91
12.00 46.85 250.13 245.20 -374.54 0.35 -0.97 0.71 0.22 0.02 0.39 0.99
11.00 35.10 278.90 -323.25 -33.56 0.77 -0.10 1.00 0.14 0.60 0.08 0.73
9.00 4.14 326.68 287.95 -178.01 0.75 -0.08 0.28 0.54 0.79 0.83 0.05
31.00 32.79 -573.10 123.74 318.77 -0.81 -0.53 0.29 0.81 0.69 0.69 0.37
13.00 35.57 -62.79 77.71 -285.30 0.52 -0.06 0.33 0.78 0.78 0.11 0.09
14.00 0.42 336.09 659.83 -132.64 -0.74 0.03 -0.37 0.07 0.02 0.53 0.86
5.00 1.17 -429.18 521.63 75.69 0.24 -0.77 0.61 0.17 0.68 0.46 0.99
7.00 6.54 -82.98 340.65 128.31 0.69 -0.57 0.46 0.72 0.70 0.23 0.11
8.00 1.17 -753.75 4.78 -165.97 -0.45 -0.20 0.83 0.51 0.00 0.54 0.69
7.00 7.90 513.83 -2.03 279.84 0.58 0.57 0.59 0.90 0.27 0.12 0.89
15.00 55.83 -340.74 209.81 -127.50 -0.85 -0.67 0.14 0.53 0.16 0.98 0.94
12.00 2.61 -635.27 -87.16 -273.23 0.09 -0.45 0.73 0.65 0.65 0.67 0.64
15.00 53.64 -369.65 -268.87 459.77 0.44 0.60 -0.76 0.03 0.52 0.22 0.18
28.00 118.35 -771.48 -50.04 -198.82 0.82 0.03 -0.54 0.94 0.92 0.12 0.53
7.00 1.81 381.72 -188.42 572.31 0.11 -0.02 -0.69 0.36 0.42 0.77 0.06
36.00 97.81 272.14 -57.09 520.72 0.66 0.40 0.09 0.59 0.03 0.43 0.85
18.00 62.92 -383.51 -459.01 -15.91 0.92 0.71 -0.06 0.89 0.91 0.02 1.00
6.00 8.61 401.34 -266.51 545.80 0.94 -0.93 0.63 0.74 0.73 0.09 0.35
5.00 7.53 -163.28 -373.03 673.07 -0.66 -0.11 0.40 0.52 0.69 0.36 0.62
12.00 17.60 -238.90 -296.75 76.91 -0.32 -0.89 -0.10 0.12 0.54 0.39 0.79
6.00 6.00 -299.80 -164.47 513.79 0.06 -0.18 -0.43 0.26 0.40 0.54 0.24
9.00 18.96 414.50 -328.18 -52.21 -0.19 0.00 -0.55 0.72 0.77 0.16 0.48
6.00 2.20 -453.35 453.68 87.35 -0.33 -0.12 -0.22 0.10 0.70 0.41 0.04
7.00 14.16 365.29 -380.29 -428.74 0.49 0.68 -0.08 0.56 0.47 0.33 0.89
15.00 49.36 -511.11 -149.12 -594.48 -0.34 0.23 0.29 0.92 0.75 0.79 0.41
8.00 2.08 -418.37 202.39 -463.22 0.83 0.78 0.39 0.93 0.91 0.01 0.49
26.00 22.78 -69.98 58.87 -90.56 -0.96 -0.83 0.56 0.34 0.56 0.87 0.20
5.00 6.53 -104.56 -709.18 -127.61 -0.69 -0.15 0.47 0.64 0.30 0.73 0.79
6.00 11.53 -404.77 64.03 490.18 -0.06 -0.11 0.96 0.77 0.31 0.88 0.08
6.00 7.83 -267.18 -288.03 -361.65 -0.92 0.40 0.82 0.88 0.68 0.58 0.10
6.00 7.30 -306.29 -221.47 358.27 0.84 -0.41 -0.75 0.57 0.06 0.88 0.86
27.00 105.03 16.12 -257.07 650.04 0.80 -0.78 -0.64 0.95 0.05 0.70 0.51
6.00 11.68 -298.27 -76.69 -286.66 0.89 0.81 0.46 0.38 0.59 0.58 0.57
35.00 234.99 -415.46 -310.55 147.48 0.61 -0.95 -0.05 0.30 0.26 0.24 0.11
30.00 262.89 -556.94 -305.14 -192.40 -0.25 -0.13 0.67 0.70 0.45 0.54 0.23
12.00 38.46 163.66 -247.18 540.93 -0.92 0.15 0.20 0.21 0.84 0.91 0.60
17.00 0.54 199.60 655.76 129.51 0.54 0.27 0.19 0.07 0.56 0.52 0.45
12.00 10.19 -351.32 357.28 32.79 -0.65 -0.71 0.04 0.51 0.79 0.93 0.70
7.00 13.50 -408.59 329.72 307.47 -0.31 -0.96 0.42 0.14 0.78 0.43 0.63
22.00 74.25 481.11 -74.25 615.25 -0.25 0.29 0.15 0.20 0.70 0.16 0.49
7.00 3.12 -124.21 -12.69 265.04 -0.48 0.75 -0.21 0.62 0.93 1.00 0.84
8.00 21.43 307.31 -19.69 294.81 0.61 0.44 -0.40 0.60 0.75 0.39 0.77
9.00 19.76 235.04 354.33 -548.24 0.26 -0.77 0.01 0.66 0.25 0.34 0.73
15.00 49.28 -568.76 397.57 -259.38 0.33 0.35 0.52 0.95 0.43 0.49 0.36
23.00 131.04 -721.62 63.55 98.57 0.25 0.57 0.34 0.47 0.53 0.05 0.89
6.00 9.59 -221.13 638.41 216.03 0.24 0.82 0.98 0.91 0.05 0.63 0.64
6.00 6.56 -260.30 -303.10 -396.09 0.97 -0.25 0.23 0.06 0.90 0.36 0.78
8.00 15.49 182.40 215.19 270.43 -0.22 0.42 0.62 0.55 0.72 0.95 0.09
18.00 35.16 -365.67 581.28 -160.24 -0.37 0.54 -0.78 0.96 0.02 0.83 0.07
13.00 37.14 -179.86 423.07 -15.19 -0.94 0.43 -0.88 0.66 0.21 0.96 0.85
26.00 47.08 104.91 528.58 468.40 0.83 0.85 -0.85 0.61 0.37 0.64 0.31
21.00 24.35 409.42 483.63 -476.07 -0.76 -0.46 -0.30 0.80 0.18 0.49 0.87
9.00 20.85 643.60 -117.48 -201.63 0.28 -0.15 0.32 0.29 0.55 0.70 0.21
17.00 93.66 354.90 356.51 -224.69 0.88 0.46 0.52 0.26 0.55 0.78 0.84
7.00 14.50 282.03 -310.65 618.30 0.94 0.60 -0.64 0.55 0.79 0.07 0.06
17.00 24.44 28.02 -263.72 -751.79 -0.49 0.88 -0.33 0.56 0.78 0.41 0.85
5.00 5.95 341.17 354.14 -437.90 0.55 0.88 -0.48 0.79 0.33 0.82 0.03
11.00 13.49 -432.05 -46.46 -603.52 0.60 0.28 -0.76 0.35 0.31 0.00 0.73
15.00 42.19 -597.35 80.05 -311.42 -0.56 0.32 0.04 0.44 0.56 0.81 0.60
8.00 10.76 -127.89 -228.66 118.00 -0.75 -0.74 0.23 0.27 0.37 0.77 0.68
10.00 12.24 58.43 -356.55 -274.17 -0.72 -0.95 -0.86 0.69 0.90 0.20 0.12
27.00 202.66 211.53 189.17 -350.85 -0.63 0.59 0.28 0.62 0.49 0.33 0.91
26.00 98.14 -211.98 446.77 70.52 -0.80 0.52 0.06 0.68 0.23 0.40 0.77
20.00 27.23 -150.88 -629.90 -94.19 -0.79 -0.15 0.46 0.64 0.41 0.14 0.51
7.00 0.86 -53.33 350.59 268.32 1.00 -0.65 0.19 0.10 0.12 0.06 0.11
24.00 56.59 334.08 407.48 206.71 -0.39 -0.91 0.11 0.79 0.38 0.63 0.03
7.00 10.71 -157.71 282.74 -299.91 -0.57 -0.90 0.15 0.09 0.98 0.36 0.08
12.00 43.91 583.90 310.09 218.33 0.60 -0.24 -0.47 0.57 1.00 0.11 0.83
7.00 15.00 98.14 761.34 129.03 -0.83 -0.58 -0.12 0.61 0.54 0.34 0.89
32.00 110.25 450.67 -458.89 394.90 0.23 -0.20 -0.98 0.72 0.83 0.60 0.07
14.00 45.28 25.06 736.44 -156.89 -0.32 0.43 0.48 0.70 0.07 0.49 0.57
12.00 20.14 -40.67 133.31 -45.52 -0.42 0.17 0.67 0.54 0.16 0.32 0.41
29.00 71.71 634.99 -7.85 -480.26 0.52 0.91 0.71 0.38 0.61 0.35 0.68
12.00 22.58 -151.46 491.31 -355.45 0.83 0.22 -0.07 0.81 0.87 0.12 0.36
5.00 0.20 29.82 262.52 -404.70 0.34 -0.13 0.56 0.31 0.03 0.09 0.38
12.00 29.28 -96.80 498.26 95.43 -0.56 0.30 -0.67 0.99 0.06 0.86 0.79
12.00 38.20 -347.78 212.61 545.64 0.30 -0.81 0.60 0.48 0.50 0.00 0.17
14.00 61.03 -558.80 -387.40 418.10 -0.25 -0.10 -0.03 0.78 0.96 0.65 0.59
7.00 0.30 -110.39 396.52 -253.12 0.17 -0.89 0.01 0.80 0.54 0.84 0.96
5.00 5.11 94.69 -342.23 454.40 -0.57 -0.81 -0.99 0.53 0.31 0.76 0.47
5.00 0.82 -441.06 329.96 -336.09 -0.98 0.09 -0.74 0.48 0.03 0.51 0.57
12.00 32.49 226.77 -377.03 372.15 0.71 -0.60 -0.49 0.19 0.86 0.55 0.26
13.00 4.02 -32.98 700.99 254.57 -0.29 -0.74 0.26 0.97 0.19 0.71 0.20
8.00 2.74 -330.76 -260.40 -222.33 -0.91 0.12 0.89 0.56 0.21 0.46 0.03
7.00 1.27 269.13 -151.09 158.89 -0.36 -0.30 -0.99 0.83 0.49 0.81 0.53
5.00 0.88 -31.91 622.57 -435.56 0.97 -0.31 0.54 0.87 0.94 0.97 0.50
6.00 2.56 591.19 95.88 -401.40 0.94 -0.59 0.24 0.59 0.73 0.92 0.42
21.00 111.85 98.87 544.51 527.28 0.69 0.83 0.07 0.05 0.37 0.12 0.47
7.00 9.72 79.57 -188.54 728.25 0.55 -0.55 0.08 0.72 0.18 0.63 0.11
8.00 11.40 548.41 -145.05 -146.92 -0.16 -0.82 0.19 0.93 0.26 0.39 0.88
5.00 7.00 -566.33 446.59 -143.69 -0.32 -0.80 -0.22 0.65 0.67 0.64 0.55
39.00 18.71 508.57 -217.63 -239.42 -0.06 -0.18 0.90 0.29 0.12 0.08 0.09
6.00 10.26 -20.82 120.62 -263.05 0.72 0.55 0.34 0.79 0.30 0.50 0.67
6.00 5.19 28.69 -138.90 11.74 -1.00 0.83 0.13 0.49 0.26 0.98 0.83
6.00 5.52 -335.76 358.76 368.46 -0.01 0.71 0.51 0.08 0.25 0.93 0.06
5.00 4.06 -454.35 -143.69 -151.16 0.25 -0.86 0.06 0.71 0.37 0.36 0.99
5.00 5.48 53.33 504.96 439.63 -0.50 0.69 0.67 0.18 0.64 0.93 0.23
20.00 66.97 422.78 -146.23 -68.20 -0.90 -0.82 0.26 0.56 0.69 0.08 0.11
13.00 44.26 384.05 -289.74 -502.76 -0.50 -0.10 -0.97 0.60 0.56 0.96 0.79
7.00 12.26 155.51 285.25 -140.98 -0.33 0.01 0.41 0.02 0.37 0.43 0.12
12.00 7.20 25.15 -302.22 -541.41 -0.60 0.89 0.56 0.51 0.68 0.01 0.10
6.00 1.32 -49.39 -556.94 -32.88 0.48 -0.96 -0.00 0.47 0.65 0.01 0.75
11.00 4.91 12.38 -431.26 429.28 0.26 -0.46 -0.18 0.49 0.42 0.24 0.33
8.00 11.37 66.88 -506.84 -181.69 0.79 -0.75 -0.93 0.04 0.51 0.26 0.76
7.00 12.25 -613.09 -81.20 201.73 -0.91 -0.50 -0.51 0.09 0.66 0.83 0.50
21.00 43.79 -364.99 403.93 -543.26 0.94 0.38 -0.40 0.29 0.75 0.53 0.29
19.00 71.70 -576.97 490.65 230.54 -0.49 -0.06 -0.41 0.22 0.43 0.73 0.65
9.00 9.72 176.71 48.16 -723.66 -0.32 0.15 -0.37 0.03 0.75 0.72 0.75
5.00 5.81 164.47 172.97 672.29 -0.74 0.41 0.02 0.59 0.85 0.20 0.14
5.00 0.22 442.26 134.69 618.19 0.97 0.15 -0.24 0.79 0.46 0.63 0.81
27.00 111.98 536.48 -281.59 50.07 0.88 -0.03 -0.92 0.95 0.22 0.78 0.66
22.00 102.62 -109.64 607.27 -143.86 -0.50 0.88 0.16 0.17 0.53 0.56 0.07
17.00 21.82 -335.35 721.57 -62.96 -0.05 0.88 -0.14 0.08 0.68 0.01 0.15
5.00 2.87 72.91 387.38 453.81 -0.68 -0.55 -0.41 0.78 0.80 0.53 0.70
14.00 62.13 -268.94 -268.07 38.34 -0.50 0.70 -0.05 0.60 0.99 0.67 0.01
7.00 12.54 52.48 289.82 -67.89 0.94 0.23 0.46 0.83 0.05 0.38 0.42
28.00 249.68 -225.80 727.19 214.73 -0.35 -0.45 -0.69 0.58 0.24 0.11 0.11
5.00 8.31 136.12 291.74 162.28 0.61 -0.58 -0.60 0.93 0.65 0.83 0.37
8.00 1.23 -9.09 422.82 -659.30 0.51 -0.02 -0.61 0.87 0.10 0.20 0.91
11.00 33.88 -584.08 -86.77 -278.08 0.04 0.76 0.43 0.16 0.73 0.22 0.70
5.00 3.18 413.96 414.55 -316.95 -0.97 -0.08 0.57 0.52 0.03 0.03 0.43
6.00 1.01 -291.15 30.10 -554.82 -0.75 0.75 -1.00 0.36 0.34 0.74 0.43
10.00 13.40 -346.93 -335.46 -535.53 -0.66 0.28 0.32 0.27 0.20 0.01 0.10
9.00 25.30 -426.11 -644.87 50.01 0.89 -0.60 0.62 0.42 0.34 0.25 0.93
6.00 8.35 -496.18 -231.38 -12.77 -0.18 -0.89 0.13 0.61 0.30 0.08 0.47
5.00 4.52 -319.24 603.16 107.92 0.36 -0.27 -0.37 0.39 0.76 0.26 0.84
5.00 0.42 305.29 -155.53 390.18 -0.17 0.32 -0.80 0.37 0.32 0.19 0.22
23.00 30.52 68.13 505.40 126.51 -0.75 0.19 0.58 0.75 0.52 0.65 0.10
11.00 6.34 601.98 -352.47 -93.51 -0.67 -0.16 -0.37 0.74 0.24 0.49 0.68
7.00 1.86 -403.63 465.04 25.52 -0.16 0.66 0.68 0.09 0.86 0.04 0.83
35.00 383.96 267.21 -569.25 355.52 0.78 -0.84 -0.60 0.06 0.61 0.56 0.85
5.00 3.44 -272.27 -64.35 83.73 0.85 -0.65 -0.14 0.72 0.62 0.68 0.87
15.00 59.14 383.29 389.30 405.21 -0.59 -0.98 -0.11 0.55 0.38 0.54 0.35
5.00 6.23 -402.08 -93.82 -355.55 0.93 0.81 0.71 0.80 0.10 0.99 0.36
11.00 6.81 -464.27 244.50 257.70 0.76 0.67 0.10 0.59 0.15 0.57 0.63
6.00 9.17 -432.27 350.00 417.66 -0.61 0.75 -0.26 0.13 0.90 0.95 0.07
19.00 17.79 204.77 -294.09 -413.89 -0.23 -0.33 -0.63 0.58 0.85 0.68 0.32
11.00 39.86 86.86 139.48 205.74 0.21 -0.51 -0.89 0.42 0.54 0.47 0.14
10.00 0.81 -594.51 102.74 32.52 -0.26 0.86 -0.27 0.89 0.12 0.57 0.04
5.00 7.82 483.54 395.62 -273.26 0.29 0.52 -0.32 0.30 0.30 0.24 0.34
24.00 67.68 380.66 272.08 624.11 0.19 -0.73 -0.25 0.48 0.89 0.86 0.51
10.00 6.52 240.62 121.01 730.93 -0.99 0.59 -0.10 0.37 0.06 0.84 0.94
5.00 0.39 -350.70 -436.86 336.31 -0.22 -0.80 0.61 0.79 0.26 0.67 0.29
10.00 29.96 -89.79 -638.52 -383.63 -0.10 -0.60 -0.49 0.23 0.56 0.76 0.38
10.00 19.30 -174.38 -320.88 578.61 -0.20 0.40 0.37 0.94 0.08 0.17 0.33
16.00 36.82 -116.81 -377.97 244.75 -0.28 -0.82 0.45 0.68 0.80 0.40 0.24
7.00 0.38 468.31 195.60 438.69 -0.09 -0.89 0.65 0.41 1.00 0.78 0.09
5.00 6.37 -544.84 38.11 -564.37 0.90 0.63 -0.31 0.96 0.78 0.10 0.14
11.00 35.78 -198.95 -93.73 -160.43 -0.37 -0.22 -0.64 0.42 0.25 0.89 0.14
6.00 12.00 -367.68 -40.03 152.69 0.35 -0.87 -0.96 0.05 0.99 0.44 0.83
6.00 7.33 -5.48 584.25 -244.94 0.76 -0.37 -0.17 0.80 0.83 0.89 0.55
11.00 6.72 -449.58 212.60 8.59 -0.14 -0.91 0.09 0.10 0.87 0.25 0.95
39.00 66.89 515.78 -84.08 459.79 0.53 0.27 -0.00 0.83 0.42 0.17 0.10
12.00 2.83 -213.15 172.20 46.65 -0.94 0.61 0.15 0.35 0.88 0.98 0.05
27.00 220.88 -325.23 -133.39 699.27 -0.07 -0.69 0.93 0.52 0.17 0.15 0.95
5.00 4.25 -54.08 537.90 492.84 0.29 -0.30 -0.39 0.68 0.01 0.20 0.13
19.00 32.22 275.99 -398.70 -272.08 0.92 0.67 -0.27 0.98 0.37 0.12 0.25
5.00 1.79 353.13 -502.29 275.58 0.15 0.41 -0.50 0.58 0.15 0.62 0.12
13.00 30.59 481.14 23.30 -330.33 0.82 0.08 0.44 0.77 0.33 0.71 0.45
9.00 22.01 329.10 499.43 341.71 0.51 -0.30 -0.74 0.21 0.83 0.59 0.15
38.00 45.95 93.00 -125.70 605.65 0.28 -0.08 0.67 0.49 0.85 0.50 0.95
13.00 24.55 650.15 389.15 -238.63 -0.04 0.20 -0.44 0.37 0.39 0.15 0.00
10.00 7.94 -622.34 -210.32 15.03 -0.73 -0.83 0.00 0.58 0.52 0.84 0.10
5.00 7.14 -52.05 547.46 -40.47 -0.50 0.80 0.39 0.32 0.87 0.02 0.03
23.00 176.78 231.40 585.22 -76.71 0.28 -0.61 0.88 0.78 0.43 0.91 0.52
5.00 1.67 -177.37 -48.76 376.88 -0.15 0.20 -0.49 0.23 0.08 0.52 0.52
11.00 32.79 -516.70 200.17 460.53 0.25 -0.83 0.81 0.68 0.86 0.64 0.53
20.00 23.07 562.26 314.04 273.61 0.12 -0.93 0.78 0.79 0.59 0.97 0.38
10.00 2.52 -668.65 -26.57 275.07 -0.73 0.93 0.63 0.73 0.32 0.05 0.08
9.00 5.63 236.75 271.80 -611.76 0.88 0.96 0.24 0.51 0.86 0.27 0.78
9.00 4.83 -429.21 169.69 -283.02 0.69 0.36 0.17 0.09 0.94 0.80 0.63
11.00 19.85 519.87 -425.09 170.06 -0.58 -0.03 -0.72 0.17 0.56 0.97 0.58
15.00 12.43 -428.79 355.95 463.60 0.92 0.32 0.95 0.85 1.00 0.66 0.72
20.00 52.87 3.78 -356.87 209.84 -0.09 -0.46 -0.29 0.19 0.86 0.47 0.54
6.00 8.50 -369.14 -220.36 617.09 -0.79 0.08 0.82 0.67 0.12 0.62 0.77
15.00 14.21 389.53 -426.71 222.51 -0.56 0.32 -0.20 0.76 0.70 0.66 0.88
10.00 3.60 637.04 -319.89 -8.63 -0.84 -0.08 -0.82 0.51 0.76 0.38 0.21
5.00 3.17 141.11 233.59 731.15 -0.93 0.18 -0.39 0.63 0.78 0.33 0.14
7.00 15.34 -110.23 -81.87 -536.55 0.18 -0.91 0.63 0.54 0.57 0.85 0.78
8.00 8.32 -603.02 203.19 96.81 -0.52 0.61 -0.38 0.20 0.17 0.67 0.47
13.00 48.29 -287.49 196.90 -561.68 0.65 -0.40 0.75 0.74 0.28 0.56 1.00
12.00 26.18 481.79 -621.25 118.45 -0.99 -0.59 0.89 0.89 0.16 0.21 0.25
9.00 16.74 -459.01 266.25 378.58 0.07 -0.01 0.11 0.12 0.49 0.10 0.10
14.00 56.00 95.58 501.43 0.21 -0.28 -0.26 0.69 0.45 0.25 0.04 0.31
8.00 15.79 185.77 -146.17 -242.99 0.63 -0.69 0.25 0.73 0.09 0.07 0.12
18.00 87.01 -688.29 241.85 -288.17 -0.10 -0.02 0.18 0.55 0.95 0.02 0.92
14.00 0.06 -353.85 426.98 -286.91 -0.71 -0.84 -0.30 0.61 0.80 0.85 0.63
7.00 1.25 -13.43 -83.81 89.63 -0.70 0.41 -0.85 0.13 0.11 0.14 0.45
16.00 64.61 264.12 -624.30 10.74 0.39 0.35 -0.69 0.22 0.14 0.55 0.27
10.00 4.21 -248.35 -464.47 343.37 0.98 -0.79 -0.63 0.70 0.28 0.94 0.56
16.00 29.62 407.12 581.35 -280.82 0.55 -0.85 -0.22 0.83 0.43 0.97 0.60
14.00 61.23 134.65 -453.36 376.72 0.87 0.68 -0.01 0.30 1.00 0.82 0.20
9.00 8.64 490.45 344.07 -98.24 0.76 -0.68 0.03 0.10 0.93 0.33 0.74
13.00 15.17 -480.92 -497.79 119.58 -0.20 0.18 -0.54 0.42 0.56 0.27 0.73
9.00 26.14 -280.56 231.17 216.32 -0.13 0.79 0.35 0.26 0.14 0.29 0.26
16.00 44.57 -173.56 105.93 -444.94 0.66 0.88 0.97 0.14 0.78 0.70 0.21
19.00 31.64 241.03 -576.44 459.75 -0.26 -0.00 -0.55 0.42 0.67 0.91 0.76
36.00 148.05 -339.65 -395.94 -400.36 0.86 -0.67 -0.50 0.84 0.07 0.78 0.30
7.00 11.74 153.76 120.38 -252.78 0.31 -0.75 -0.50 0.91 0.83 0.09 0.82
12.00 25.27 363.46 -54.09 -635.14 -0.54 0.96 0.65 0.74 0.44 0.03 0.89
7.00 3.65 62.14 548.39 -186.77 0.08 0.49 0.20 0.76 0.83 0.61 0.50
10.00 29.01 150.38 -424.99 -399.39 0.01 -0.11 0.59 0.89 0.98 0.79 0.13
7.00 0.80 203.11 -305.08 -330.35 -0.65 -0.60 -0.11 0.27 0.92 0.73 0.23
28.00 15.25 510.38 -387.52 -45.11 0.11 -0.68 -0.41 0.78 0.99 0.97 0.99
8.00 7.67 321.03 -285.33 177.23 0.41 -0.10 0.04 0.57 0.83 0.05 0.17
5.00 0.68 -235.87 163.03 -104.59 -0.88 0.67 -0.26 0.15 0.54 0.10 0.83
5.00 6.28 0.86 -412.21 -417.12 0.28 -0.50 0.38 0.98 0.64 0.70 0.90
19.00 105.47 -0.82 630.57 22.45 -0.76 0.24 0.76 0.00 0.59 0.85 0.88
12.00 39.84 81.87 -277.90 236.13 0.45 -0.36 0.15 0.83 0.51 0.77 0.42
20.00 14.89 196.28 -191.52 -162.87 -0.22 0.24 0.82 0.47 0.22 0.60 0.21
8.00 9.36 -114.56 505.58 -265.10 -0.04 0.66 0.30 0.52 0.15 0.54 0.62
20.00 70.80 -210.80 388.90 128.93 0.79 0.57 -0.15 0.13 0.16 0.66 0.60
26.00 25.03 218.58 744.09 -191.86 -0.71 0.41 -0.62 0.12 0.23 0.88 0.25
12.00 48.13 -333.85 -525.49 -385.86 -0.76 -0.84 0.09 0.38 0.58 0.76 0.43
14.00 44.13 395.75 -277.97 -608.06 0.40 -0.96 -0.04 0.77 0.24 0.80 0.64
7.00 10.32 134.77 365.23 697.58 -0.38 0.09 -0.98 0.66 0.46 0.90 0.62
8.00 5.13 -13.38 440.71 -264.44 -0.10 0.78 -0.78 0.83 0.48 0.55 0.29
5.00 6.85 63.62 -292.30 472.20 0.72 -0.06 0.95 0.69 0.74 0.09 0.56
8.00 16.18 67.09 515.33 9.19 -0.67 -0.81 -0.76 0.03 0.69 0.14 0.44
6.00 3.32 -168.97 -450.34 636.41 -0.05 -0.04 -0.12 0.12 0.83 0.22 0.45
5.00 8.25 -83.23 598.59 -372.66 -0.12 -0.63 -0.74 0.29 0.01 0.71 0.43
15.00 29.36 -23.63 180.84 -433.37 0.99 -0.05 -0.06 0.55 0.02 0.06 0.63
6.00 10.66 -117.71 -576.50 156.91 -0.61 -0.54 -0.02 0.37 0.31 0.72 0.02
30.00 262.22 -403.34 -278.66 -412.46 -0.16 -0.69 -0.91 0.04 0.28 0.18 0.35
9.00 0.99 -523.41 -292.07 120.52 -0.70 -0.46 -0.61 0.55 0.09 0.37 0.45
10.00 29.57 -256.84 -206.45 -82.93 0.64 -0.83 0.35 0.91 0.44 0.29 0.73
8.00 1.62 -72.79 -94.02 507.77 -0.30 0.75 0.40 0.39 0.24 0.33 0.03
15.00 22.20 112.50 -148.69 362.59 -0.08 -0.18 0.13 0.80 0.48 0.66 0.05
9.00 2.11 490.06 -413.55 134.37 0.41 -0.15 -0.67 0.52 0.47 0.45 0.81
7.00 10.12 -133.42 -187.68 751.86 -0.82 0.40 -0.86 0.92 0.52 0.14 0.19
14.00 7.77 213.02 727.69 225.70 -0.13 -0.77 0.62 0.65 0.44 0.04 0.16
20.00 75.32 -28.51 129.02 -161.92 -0.98 0.77 0.80 0.86 0.87 0.66 0.47
8.00 20.17 -19.90 -429.01 32.62 -0.35 -0.32 0.09 0.46 0.91 0.79 0.12
5.00 1.54 -287.22 -63.44 357.04 -0.05 0.93 0.24 0.12 0.23 0.40 0.11
8.00 7.86 -386.64 -252.69 -194.95 0.58 -0.14 0.78 0.72 0.38 0.99 0.22
22.00 108.32 -531.56 132.94 -79.73 0.52 0.71 0.65 0.31 0.24 0.20 0.96
5.00 3.30 -401.32 -403.78 410.39 0.13 -0.65 -0.83 0.94 0.74 0.80 0.40
33.00 132.27 -169.07 348.49 381.49 0.58 0.45 0.69 0.27 0.22 0.33 0.22
11.00 4.85 782.57 134.20 76.57 -0.54 -0.96 -0.43 0.10 0.28 0.73 0.15
21.00 56.84 481.05 302.54 43.33 -0.99 -0.20 -0.31 0.04 0.63 0.92 0.13
12.00 26.10 -71.78 -116.00 -514.73 0.22 0.74 0.60 0.24 0.47 0.95 0.30
28.00 182.58 305.98 498.56 -528.69 0.34 0.83 0.61 0.55 0.28 0.61 0.76
36.00 330.51 116.23 250.79 -413.05 -0.24 0.70 0.32 0.25 0.72 0.66 0.96
10.00 15.84 158.61 343.24 -501.66 -0.99 -0.05 -0.32 0.87 0.62 0.88 0.58
10.00 32.20 -264.83 104.80 -81.36 -0.04 0.48 -0.91 0.04 0.13 0.95 0.89
9.00 14.74 238.46 -45.73 324.27 -0.40 0.79 -0.79 0.21 0.27 0.71 0.23
23.00 28.97 48.00 -763.44 -16.97 0.11 -0.19 -0.06 0.15 0.05 0.87 0.19
14.00 7.05 539.76 -144.09 -245.72 -0.81 -0.38 -0.44 0.50 0.27 0.27 0.56
9.00 16.14 65.27 25.97 -159.33 0.60 0.33 -0.50 0.56 0.21 0.41 0.68
22.00 116.11 -459.91 433.85 340.05 0.50 -0.84 -0.03 0.55 0.95 0.99 0.25
16.00 57.41 -256.71 485.99 18.71 0.34 0.35 0.55 0.11 0.57 0.73 0.26
21.00 121.55 476.51 -341.32 244.93 -0.26 -0.06 -0.09 0.21 0.61 0.77 0.15
14.00 14.16 101.00 -276.09 -688.85 -0.41 0.68 0.08 0.67 0.66 0.52 0.79
6.00 0.12 206.09 404.72 551.71 0.48 -0.07 0.78 0.53 0.98 0.97 0.07
5.00 0.42 -172.38 769.24 37.64 0.35 0.24 0.91 0.72 0.12 0.38 0.02
6.00 10.54 143.29 421.93 453.27 -0.55 0.68 0.89 0.93 0.53 0.19 0.72
13.00 31.98 448.83 -108.45 -651.92 -0.37 0.91 -0.91 0.71 0.74 0.63 0.10
7.00 10.50 482.17 -569.63 -79.63 -0.84 0.55 -0.89 0.10 0.87 0.42 0.78
10.00 13.71 -656.81 -73.00 293.97 0.37 0.46 0.66 0.58 0.31 0.67 0.92
12.00 30.81 554.34 -214.70 443.27 0.38 -0.17 0.39 0.08 0.68 0.81 0.60
7.00 10.37 75.50 282.06 480.18 -0.52 0.55 0.55 0.16 0.80 0.79 0.38
20.00 134.93 618.50 83.16 -411.60 0.41 -0.29 0.48 0.54 0.84 0.83 0.53
8.00 8.26 266.36 688.38 -1.31 0.09 -0.04 0.43 0.87 0.94 0.93 0.07
16.00 10.82 345.37 -267.77 231.24 0.09 -0.93 0.28 0.06 0.56 0.59 0.53
21.00 4.05 658.91 -46.61 340.22 -0.02 -0.23 0.90 0.81 0.12 0.64 0.55
31.00 265.56 -205.78 480.20 362.53 0.46 0.53 -0.26 0.07 0.93 0.36 0.07
13.00 25.34 -382.33 79.63 296.11 -0.12 0.20 -0.48 0.40 0.02 0.98 0.69
8.00 7.51 -87.89 781.44 -42.97 0.39 0.02 -0.36 0.42 0.55 0.64 0.70
11.00 11.94 141.94 359.67 -284.73 0.46 -0.83 -0.92 0.39 0.17 0.78 0.16
9.00 17.84 -178.88 -169.56 -460.51 0.15 -0.56 -0.36 0.34 0.56 0.48 0.03
5.00 7.22 566.18 -259.95 271.23 -0.90 -0.45 -0.63 0.11 0.22 0.17 0.44
6.00 5.57 -26.36 29.61 40.71 -0.77 -0.68 -0.81 0.78 0.79 0.25 0.83
5.00 3.11 474.65 -279.62 78.20 0.71 0.10 0.43 0.13 0.14 0.03 0.48
7.00 10.61 252.82 -519.29 431.83 0.74 -0.48 0.44 0.64 1.00 0.07 0.35
18.00 85.24 -97.44 -419.05 292.04 -0.14 -0.71 -0.02 0.43 0.08 0.34 0.66
9.00 0.28 -330.42 38.64 138.66 0.11 -0.38 -0.47 0.58 0.94 0.27 0.57
8.00 17.41 353.53 167.87 257.23 0.09 0.88 0.25 0.51 0.56 0.57 0.03
18.00 93.63 -130.81 218.66 104.23 -0.43 0.31 -0.88 0.77 0.61 0.39 0.01
8.00 18.09 -336.54 126.84 617.79 -0.74 -0.32 -0.17 0.50 0.26 0.08 0.21
18.00 84.64 -131.60 291.13 -6.19 0.63 0.66 0.51 1.00 0.13 0.09 0.37
7.00 1.97 -362.95 288.27 118.34 0.78 0.16 -0.57 0.23 0.55 0.71 0.07
32.00 281.57 453.04 10.75 -245.23 -0.09 0.61 0.40 0.47 0.60 0.08 0.58
15.00 36.25 -142.61 415.91 -145.64 0.04 0.55 -0.72 0.37 0.52 0.52 0.31
16.00 45.27 -458.28 64.97 -417.46 0.81 -0.98 0.22 0.54 0.78 0.18 0.95
35.00 183.87 69.87 489.81 589.08 -0.54 0.80 -0.13 0.06 0.08 0.49 0.85
6.00 5.17 -461.18 -374.59 -229.00 -0.79 -0.76 -0.33 0.31 0.20 0.54 0.43
7.00 12.07 -182.71 638.70 432.81 -0.16 -0.59 -0.52 0.03 0.14 0.87 0.31
6.00 5.11 -82.41 -541.13 549.11 0.47 -0.64 -0.51 0.57 0.81 0.27 0.03
32.00 61.54 -696.17 -312.00 127.02 -0.65 0.55 -0.88 0.94 0.95 0.24 0.03
13.00 32.30 408.99 -367.67 85.79 -0.84 -0.46 0.80 0.49 0.96 0.93 0.24
11.00 31.02 99.89 -772.05 -31.29 0.41 -0.36 -0.36 0.92 0.42 0.52 0.94
16.00 76.20 431.35 -423.50 -122.16 -0.72 -0.62 0.81 0.40 0.82 0.80 0.84
18.00 88.71 184.21 146.29 -217.29 0.48 -0.24 0.09 0.01 0.09 0.15 0.92
10.00 23.39 -467.79 -303.88 340.95 -0.21 -0.60 -0.83 0.52 0.97 0.61 0.90
5.00 3.94 464.17 247.35 -486.41 -0.49 0.70 0.92 0.74 0.51 0.24 0.97
15.00 10.88 498.40 367.10 184.87 0.56 -0.20 0.88 0.10 0.63 0.24 0.81
8.00 18.16 -317.99 142.34 669.76 -0.08 -0.76 -0.75 0.37 0.77 0.03 0.73
16.00 83.52 600.82 86.53 473.53 0.48 0.17 -0.96 0.87 0.80 0.47 0.01
17.00 35.29 24.01 -730.46 202.79 -0.92 0.50 -0.88 0.30 0.02 0.94 0.22
8.00 8.96 -326.25 330.10 495.65 0.11 0.72 0.10 0.23 0.34 0.61 0.82
5.00 7.57 -203.08 58.97 -551.00 0.88 0.86 -0.45 0.32 0.36 0.92 0.30
7.00 13.13 -189.08 21.16 -370.50 0.21 0.59 -0.26 0.36 0.43 0.67 0.76
6.00 7.03 8.77 -550.16 -418.89 0.37 -0.10 0.97 0.36 0.72 0.51 0.84
21.00 145.89 41.92 -436.40 -268.43 -0.08 -0.23 -0.64 0.07 0.95 1.00 0.89
6.00 0.16 300.54 414.71 -383.22 0.22 -0.90 0.57 0.54 0.79 0.60 0.91
30.00 35.59 281.52 -671.24 -190.21 0.57 0.45 0.96 0.40 0.76 0.43 0.87
19.00 84.65 337.89 -241.40 662.03 -0.51 -0.31 0.25 0.72 0.57 0.85 0.85
5.00 2.83 -295.88 -145.69 640.95 0.33 -0.89 -0.35 0.65 0.01 0.73 0.20
10.00 33.31 23.01 297.33 -171.30 -0.98 0.45 -0.01 0.50 0.49 0.47 0.96
5.00 2.55 -463.93 -49.65 467.61 -0.47 -0.06 0.48 0.36 0.11 0.46 0.22
9.00 8.87 224.42 -697.69 33.35 0.64 0.69 -0.28 0.12 0.99 0.24 0.65
10.00 18.85 -211.51 188.90 352.82 -0.90 0.07 0.45 0.59 0.66 0.43 0.44
22.00 60.76 -324.40 288.14 -113.15 0.45 -0.94 -0.89 0.99 0.68 0.89 0.97
16.00 36.89 174.66 -228.50 -508.44 0.23 -0.80 -0.64 0.82 0.16 0.51 0.56
16.00 20.65 243.40 -124.41 397.54 0.42 0.39 -0.82 0.12 0.06 0.56 0.31
11.00 38.51 538.76 8.48 -117.35 -0.11 -0.25 -0.04 0.20 0.86 0.64 0.27
6.00 8.09 455.27 -459.23 -168.72 0.74 0.48 -0.35 0.41 0.38 0.13 0.31
7.00 13.12 21.84 -520.80 463.16 -0.47 0.67 0.91 0.77 0.25 0.99 0.59
7.00 16.55 201.02 -186.79 -369.56 -0.91 -0.13 -0.33 0.83 0.36 0.19 0.06
8.00 13.40 -375.64 -87.98 369.57 0.91 -0.66 -0.72 0.28 0.03 0.25 0.05
12.00 29.91 -477.17 336.70 -239.37 0.36 0.91 0.49 0.96 0.48 0.10 0.89
6.00 2.25 -401.46 -237.54 502.71 0.53 0.81 0.25 0.96 0.41 0.75 0.54
9.00 6.41 -4.73 -585.62 -375.71 0.68 0.49 -0.94 0.04 0.90 0.07 0.50
6.00 3.91 -283.42 381.77 -580.52 0.12 0.35 0.61 0.20 0.17 0.66 0.47
18.00 12.25 -264.36 -232.65 339.42 -0.50 -0.64 -0.30 0.53 0.69 0.43 0.85
14.00 8.12 -356.17 299.12 549.35 0.05 0.61 -0.11 0.86 0.98 0.05 0.23
11.00 31.47 -65.39 -695.83 -367.65 0.87 -0.40 -0.89 0.26 0.11 0.98 0.44
12.00 4.62 -511.70 -418.62 -400.80 -0.61 -0.83 -0.18 0.71 0.89 0.25 0.13
7.00 11.81 142.10 229.13 -317.22 0.10 0.34 -0.55 0.97 0.82 0.64 0.54
21.00 12.86 532.69 -327.33 -109.01 0.38 0.90 0.41 0.50 0.89 0.69 0.98
5.00 2.57 145.36 156.30 -312.83 0.16 -0.63 -0.40 0.13 0.13 0.41 0.68
6.00 7.48 25.88 -650.34 -461.49 -0.97 0.76 0.49 0.04 0.87 0.12 0.81
8.00 7.47 -513.76 458.49 -12.64 -0.60 -0.80 0.74 0.88 0.22 0.63 0.04
15.00 59.95 -219.07 214.56 -159.56 0.15 0.24 0.93 0.00 0.25 0.35 0.02
12.00 23.60 181.18 486.48 -263.60 0.44 -0.06 0.24 0.74 0.11 0.68 0.28
18.00 80.13 -367.68 159.39 -430.19 0.70 0.51 -0.74 0.72 0.75 0.27 0.17
14.00 30.38 40.36 -186.27 -466.95 0.84 0.39 -0.78 0.04 0.23 0.49 0.87
11.00 22.66 365.72 40.24 -291.24 -0.20 -0.83 -0.11 0.93 0.03 0.44 0.90
6.00 10.44 -7.27 -93.96 -775.79 -0.96 0.68 -0.69 0.48 0.52 0.62 0.55
17.00 12.16 -575.31 -92.74 148.19 -0.08 -0.82 -0.92 0.11 0.59 0.50 0.74
10.00 10.00 682.82 -257.09 -128.62 -0.24 0.62 0.87 0.33 0.31 0.57 0.39
14.00 45.18 -323.02 -412.87 127.28 0.12 0.69 0.29 0.02 0.43 0.37 0.34
6.00 9.92 105.66 529.11 173.92 0.74 0.89 0.13 0.53 0.97 0.79 0.53
11.00 17.76 47.62 -285.65 734.29 -0.99 0.15 -0.02 0.08 0.26 0.66 0.78
5.00 0.56 -426.83 -436.90 -168.04 0.09 0.33 0.64 0.30 0.20 0.43 0.33
6.00 5.19 -146.86 630.96 290.47 0.08 -0.76 -0.31 0.59 0.67 0.18 0.88
12.00 13.45 180.54 556.31 -175.76 -0.83 0.30 0.34 0.47 0.88 0.14 0.79
11.00 39.31 398.41 -285.76 427.30 0.91 -0.60 -0.28 0.67 0.25 0.09 0.49
8.00 6.25 -13.51 -79.80 383.75 -0.44 -0.68 0.73 0.84 0.78 0.79 0.60
15.00 13.33 532.64 183.81 -36.79 -0.65 0.65 0.82 0.16 0.63 0.75 0.40
6.00 10.46 283.68 256.51 431.51 0.58 -0.80 0.02 0.51 0.64 0.01 0.20
6.00 9.25 -602.89 -340.81 -301.95 -0.37 -0.16 -0.61 0.97 0.20 0.63 0.04
11.00 1.87 202.45 519.80 269.11 -0.03 0.34 -0.38 0.92 0.81 0.58 0.17
12.00 41.93 -299.28 -24.49 -731.05 0.19 -0.75 -0.30 0.07 0.06 0.47 0.98
12.00 22.04 -244.24 -163.96 51.84 -0.21 -0.61 -0.85 0.21 0.28 0.36 0.96
5.00 6.43 -478.64 354.38 43.59 0.73 0.11 -0.94 0.15 0.37 0.14 0.20
16.00 22.04 -293.12 156.93 530.93 0.01 -0.23 -0.91 0.68 0.75 0.38 0.32
5.00 2.12 573.64 -282.76 286.94 -0.52 0.12 0.74 0.98 0.83 0.32 0.53
11.00 17.84 692.86 -103.31 -46.51 -0.83 0.67 0.27 0.05 0.26 0.39 0.61
8.00 18.01 737.20 241.93 -92.40 0.34 -0.02 0.33 0.11 0.86 0.74 0.51
12.00 45.25 573.08 13.81 243.90 -0.25 -0.33 -0.90 0.27 0.16 0.79 0.81
17.00 36.33 -744.83 -80.66 146.81 0.29 -0.19 -0.42 0.35 0.79 0.65 0.27
17.00 47.52 124.13 86.71 -385.61 -0.62 -0.62 -0.45 0.54 0.07 0.09 0.59
7.00 9.24 -77.22 375.37 -215.49 -0.48 -0.19 0.82 0.61 0.29 0.96 0.52
18.00 78.40 -294.57 -171.75 -105.18 0.26 0.56 0.67 0.62 0.09 0.42 0.60
6.00 2.01 630.07 -72.85 -75.69 0.89 0.57 0.04 0.74 0.26 0.31 0.32
11.00 24.54 83.14 421.13 655.48 0.25 -0.55 0.39 0.21 0.39 0.12 0.16
18.00 20.81 30.29 510.23 -234.83 0.43 -0.36 0.86 0.93 0.07 0.93 0.45
6.00 9.43 230.58 368.65 134.02 0.76 -0.39 -0.71 0.02 0.02 0.31 0.80
10.00 21.99 -201.62 664.32 379.76 0.11 0.65 0.69 0.74 0.42 0.87 0.03
6.00 3.91 -187.22 124.91 327.61 0.49 -0.87 0.24 0.55 0.96 0.98 0.66
10.00 1.07 -59.49 -78.56 335.26 -0.74 -0.93 -0.33 0.82 0.67 0.15 0.59
5.00 5.27 -138.94 -601.83 26.61 0.56 0.63 -0.38 0.45 0.06 0.32 0.05
7.00 1.83 -248.33 -166.75 -732.10 0.07 -0.64 0.22 0.83 0.65 0.61 0.74
6.00 9.86 -192.05 -136.80 -368.64 -0.06 -0.95 0.09 0.74 0.36 0.69 0.29
5.00 3.86 62.05 618.20 -276.51 0.48 0.88 0.73 0.53 0.91 0.36 0.75
15.00 52.64 511.41 317.02 -435.12 0.06 0.79 -0.92 0.43 0.16 0.37 0.94
9.00 6.56 -498.52 -341.75 -82.58 -0.70 -0.03 -0.36 0.37 0.72 0.98 0.11
18.00 70.47 125.80 760.21 -150.00 0.92 0.66 -0.65 0.72 0.10 0.75 0.85
8.00 4.98 138.33 -508.25 -133.44 -0.41 0.08 0.86 0.12 0.39 0.79 0.21
36.00 234.71 121.99 -224.11 -320.49 -0.00 -0.35 -0.35 0.59 0.01 0.82 0.77
29.00 153.34 421.55 360.73 48.15 -0.06 0.64 0.30 0.08 0.56 0.98 0.36
7.00 4.84 154.78 -233.83 -641.99 -0.94 0.31 -0.78 0.45 0.79 0.61 0.73
12.00 22.54 -151.64 690.33 -360.46 -0.38 0.42 -0.72 0.04 0.63 0.08 0.25
17.00 18.07 -81.53 -285.27 538.11 0.94 -0.76 0.09 0.98 0.64 0.98 0.23
9.00 26.45 677.90 168.77 258.02 0.96 -0.98 0.34 0.55 0.41 0.31 0.71
7.00 6.17 -334.88 -652.98 -144.12 0.57 0.02 -0.39 0.38 0.02 0.55 0.81
17.00 18.74 87.02 -47.64 -453.08 0.32 0.15 0.77 0.85 0.01 0.06 0.58
6.00 5.50 -144.86 -322.56 241.44 -0.03 -0.03 -0.52 0.45 0.35 0.30 0.20
22.00 117.55 -246.71 534.36 366.18 -0.35 -0.24 0.66 0.52 1.00 0.05 0.21
8.00 0.44 -498.57 518.95 -236.79 -0.79 -0.48 1.00 0.04 0.93 0.66 0.82
9.00 14.41 311.50 -68.39 389.60 -0.44 -0.66 0.82 0.49 0.22 0.20 0.59
26.00 30.59 -274.39 -58.22 273.19 -0.33 -0.80 -0.18 0.91 0.79 0.37 0.08
6.00 1.20 -52.25 -163.34 -39.17 -0.63 0.00 0.16 0.80 0.51 0.37 0.92
10.00 30.58 132.83 -455.06 -357.88 1.00 0.29 -0.02 0.60 0.21 0.53 0.82
9.00 12.39 650.77 -357.90 -193.30 0.41 0.12 0.12 0.77 0.80 0.63 0.17
5.00 0.41 -312.64 608.62 -306.24 0.73 -0.73 -0.25 0.54 0.73 0.67 0.75
11.00 6.37 227.89 151.29 37.99 0.30 0.22 -0.84 0.84 0.70 0.07 0.96
18.00 53.97 -510.78 398.60 323.64 -0.63 -0.27 0.74 0.71 0.30 0.49 0.26
18.00 87.53 -424.40 -374.68 119.65 0.67 -0.30 0.52 0.17 0.30 0.10 0.85
12.00 24.54 701.79 -238.74 162.99 0.97 0.86 -0.96 0.07 0.35 0.72 0.76
7.00 13.21 -617.34 507.27 34.31 0.44 0.87 0.53 0.76 0.26 0.40 0.35
23.00 31.01 265.62 -55.68 418.73 0.93 0.09 -0.15 0.36 0.61 0.70 0.32
8.00 14.27 -252.19 264.34 529.73 -0.16 -0.82 0.64 0.46 0.92 0.90 0.14
17.00 38.72 120.00 -696.92 -142.84 -0.73 0.38 0.10 0.99 0.89 0.95 0.90
8.00 12.18 414.36 171.96 -195.19 -0.02 -0.18 0.31 0.48 0.11 0.93 0.39
6.00 7.09 456.66 -116.38 6.03 -0.50 0.98 0.72 0.58 0.19 0.46 0.53
23.00 152.49 -692.34 -234.48 211.85 0.98 0.57 -0.83 0.80 0.19 0.72 0.66
12.00 44.49 -377.53 -78.30 149.97 0.55 -0.65 -0.01 0.17 0.16 0.23 0.23
6.00 8.96 -291.07 400.96 -45.40 -0.14 0.28 -0.61 0.42 0.15 0.55 0.02
13.00 16.01 6.46 -215.45 94.66 0.57 -0.59 0.87 0.19 0.91 0.96 0.13
8.00 17.65 271.60 57.66 -432.09 0.26 0.89 -0.94 0.59 0.96 0.37 0.77
14.00 2.81 468.56 45.29 348.68 -0.42 -0.66 -0.09 0.42 0.62 0.71 0.12
13.00 47.38 -11.74 798.80 36.41 -0.45 -0.30 0.49 0.57 0.93 0.44 0.19
18.00 76.04 47.12 -363.59 -156.90 -0.38 -0.84 -0.54 0.72 0.43 0.46 0.66
6.00 8.90 153.47 629.59 284.62 0.09 -0.86 -0.12 0.79 0.21 0.16 0.87
8.00 7.01 -304.42 421.40 -255.19 0.22 -0.18 0.93 0.98 0.06 0.37 0.89
11.00 24.28 -296.22 173.68 -484.89 0.01 0.55 0.36 0.52 0.17 0.02 0.04
16.00 67.15 -96.27 -668.02 -386.38 0.24 -0.69 0.65 0.88 0.32 0.77 0.57
10.00 32.28 -552.52 151.90 -474.31 -0.76 -0.62 0.64 0.09 0.02 0.34 0.89
10.00 28.27 235.90 -125.90 -371.71 0.09 -0.61 0.16 0.21 0.03 0.18 0.49
23.00 120.67 410.51 592.24 -159.86 0.21 0.11 0.40 0.18 0.14 0.01 0.54
16.00 8.85 535.10 191.64 227.89 0.21 0.42 0.52 0.32 0.54 0.17 0.60
15.00 65.02 -133.80 -1.32 -145.87 0.65 0.95 0.19 0.82 0.47 0.08 0.50
21.00 6.40 -70.73 -148.91 -531.55 0.40 0.32 0.67 0.61 0.73 0.10 0.52
21.00 70.18 -527.10 46.25 -449.32 -0.50 -0.54 0.78 0.55 0.58 0.08 0.41
27.00 21.81 -68.10 550.41 306.29 -0.05 -0.14 0.42 0.52 0.59 0.83 0.75
13.00 56.36 313.29 -233.33 111.92 0.60 -0.96 0.33 0.75 0.43 0.99 0.91
24.00 106.04 254.20 -295.84 -135.73 -0.18 0.16 0.62 0.96 0.45 0.38 0.82
12.00 21.58 -400.74 230.14 -255.86 0.54 -0.68 -0.57 0.55 0.44 0.81 0.65
6.00 9.75 -627.73 -400.72 -191.10 -0.16 0.72 0.33 0.31 0.89 0.36 0.26
10.00 10.61 -225.23 227.62 450.94 0.93 -0.53 0.93 0.41 0.60 0.16 0.84
10.00 9.72 641.80 307.46 365.26 -0.33 0.43 0.75 0.49 0.07 0.18 0.96
14.00 36.55 -374.66 -390.41 494.98 0.24 -0.05 0.88 0.98 0.60 0.46 0.02
5.00 1.67 -545.06 235.35 161.61 0.80 -0.57 0.08 0.80 0.62 0.54 0.04
8.00 8.50 -484.89 471.66 139.19 0.87 -0.24 0.02 0.00 0.09 0.08 0.18
11.00 38.25 165.82 -330.38 -612.56 0.03 0.10 -0.89 0.13 0.83 0.04 0.28
6.00 3.33 99.82 316.99 274.18 0.50 0.01 -0.96 0.37 0.15 0.62 0.42
28.00 8.21 -629.91 384.14 208.88 -0.26 0.73 -0.37 0.76 0.90 0.04 0.01
9.00 8.23 -542.73 -351.78 -203.18 0.66 -0.81 -0.24 0.28 0.38 0.53 0.44
9.00 3.41 -487.30 130.63 313.43 -0.54 0.60 -0.58 0.28 0.37 0.26 0.95
13.00 37.46 153.47 -634.22 208.88 0.95 -0.10 0.85 0.64 0.31 0.08 0.56
13.00 21.80 -341.85 -278.94 287.05 -0.06 -0.49 0.97 0.34 0.98 0.65 0.38
14.00 27.47 103.48 582.80 -385.40 0.73 -0.78 -0.20 0.51 0.94 0.69 0.52
14.00 45.98 -237.87 276.26 202.12 -0.72 -0.17 0.73 0.94 0.96 0.39 0.41
26.00 154.54 -343.83 643.41 137.10 -0.35 -0.07 0.36 0.59 0.14 0.92 0.19
12.00 7.40 486.50 581.69 86.25 0.14 -0.70 -0.84 0.36 0.43 0.66 0.15
6.00 7.56 489.58 286.63 467.26 0.65 0.07 -0.51 0.57 0.04 0.83 0.36
11.00 5.65 191.81 409.28 293.87 0.13 0.49 0.37 0.73 0.51 0.44 0.75
6.00 5.85 88.41 -178.79 -679.46 0.21 -0.98 0.40 0.49 0.57 0.77 0.99
6.00 0.98 -404.76 351.32 -463.63 -0.02 -0.11 0.09 0.60 0.87 0.70 0.49
13.00 3.94 -116.25 465.95 -86.99 0.37 -0.52 -0.31 0.46 0.56 0.07 0.79
7.00 8.52 437.18 -234.13 -311.04 0.62 0.62 0.88 0.92 0.45 0.50 0.82
7.00 4.23 -678.48 236.55 155.77 0.86 -0.84 -0.38 0.92 0.93 0.25 0.18
34.00 225.93 384.41 -132.82 -686.12 0.82 0.13 0.72 0.83 0.13 0.31 0.86
8.00 17.53 -416.85 -656.11 158.06 -0.28 -0.75 0.76 0.89 0.66 0.40 0.31
7.00 3.92 -307.56 153.23 -411.25 0.87 -0.90 0.79 0.41 0.10 0.63 0.45
27.00 158.55 -365.55 -698.98 -127.73 0.93 -0.77 0.67 0.66 0.28 0.52 0.30
31.00 130.35 -132.70 -282.03 -580.59 0.15 0.49 0.61 0.10 0.29 0.17 0.88
10.00 6.83 -215.53 237.11 282.74 -0.45 0.28 -0.41 0.60 0.31 0.76 0.89
15.00 7.80 -399.02 -623.66 38.05 -0.22 0.93 0.59 0.93 0.61 0.30 0.71
7.00 5.14 -446.41 -81.08 -509.51 -0.59 0.85 0.55 0.23 0.58 0.18 0.44
12.00 45.80 326.17 66.01 592.35 -0.32 -0.13 -0.65 0.47 0.01 0.81 0.16
12.00 27.28 -125.78 -53.57 -124.67 0.63 0.93 -0.41 0.16 0.73 0.85 0.06
12.00 2.06 262.39 -177.81 -420.71 -0.37 -0.71 0.73 0.86 0.76 0.86 0.03
11.00 12.12 190.29 293.74 -432.63 0.43 0.62 0.34 0.73 0.39 0.24 0.25
9.00 22.28 78.22 -323.26 -410.17 -0.30 0.53 -0.91 0.64 0.44 0.70 0.04
29.00 240.07 -219.67 -3.52 630.49 0.12 0.65 0.47 0.55 0.93 0.61 0.31
6.00 6.64 142.33 383.13 -685.62 0.97 -0.89 0.42 0.87 0.37 0.00 1.00
10.00 22.82 -233.52 -522.46 516.83 -0.22 0.69 -0.70 0.50 0.41 0.52 0.34
10.00 11.08 61.46 -93.03 -413.76 -0.06 -0.41 -0.65 0.22 0.26 0.07 0.97
7.00 11.54 38.26 -488.76 -158.68 -0.81 -0.36 -0.92 0.89 0.16 0.10 0.95
7.00 11.09 -155.81 -533.96 27.36 0.94 -0.10 0.24 0.21 0.27 0.30 0.72
6.00 0.22 -256.59 156.86 -216.07 -0.86 -0.06 -0.24 0.34 0.69 0.59 0.53
12.00 16.50 -634.03 -15.65 -295.00 0.36 0.31 -0.20 0.00 0.46 0.91 0.20
7.00 1.97 -477.88 -453.38 231.52 0.20 0.87 -0.81 0.43 0.75 0.26 0.80
5.00 8.17 40.64 67.75 -598.44 0.17 -0.39 0.72 0.74 0.47 0.67 0.39
12.00 13.77 -441.52 119.99 -487.00 -0.99 0.16 0.86 0.35 0.06 0.23 0.01
11.00 37.20 -2.42 -270.49 -685.91 -0.03 -0.32 -0.14 0.39 0.84 0.72 0.97
18.00 97.53 -174.88 84.88 526.98 0.07 -0.41 0.41 0.50 0.34 0.04 0.17
6.00 4.10 29.48 -331.96 408.15 -0.93 -0.97 -0.67 0.69 0.69 0.51 0.17
7.00 3.62 -675.02 63.11 -263.46 -0.92 0.98 0.09 0.73 0.88 0.24 0.72
6.00 6.49 472.71 -424.23 290.26 -0.51 0.72 -0.11 0.48 0.88 0.52 0.88
7.00 10.60 -234.23 625.69 218.90 1.00 -0.73 0.90 1.00 0.85 0.35 0.01
5.00 2.49 549.01 230.91 10.24 0.56 -0.55 0.50 0.56 0.40 0.09 0.63
12.00 44.83 -468.50 466.91 247.03 -0.72 0.31 0.01 0.52 0.30 0.08 0.99
12.00 24.31 314.43 -59.93 44.19 -0.46 0.01 0.63 0.24 0.29 0.96 1.00
7.00 0.93 -280.84 -302.95 -456.17 0.24 -0.92 0.74 0.71 0.36 0.95 0.49
18.00 92.19 414.69 -598.05 -134.84 -0.39 0.51 0.77 0.03 0.17 0.76 0.05
14.00 53.09 -273.54 264.45 580.36 -0.97 -0.33 0.88 0.53 0.97 0.41 0.35
16.00 79.25 538.31 208.85 432.12 -0.49 -0.01 0.35 0.13 0.21 0.49 0.20
8.00 0.45 -104.89 -225.76 -286.10 0.97 -0.71 0.42 0.14 0.03 0.53 0.89
8.00 6.48 -205.70 667.06 -244.55 0.28 -0.39 0.15 0.41 0.23 0.78 0.91
7.00 6.02 -389.33 -135.49 -602.81 0.77 -0.06 -0.15 0.69 0.38 0.20 0.05
8.00 13.04 421.26 570.54 -33.36 -0.90 -0.69 -0.47 0.26 0.37 0.77 0.34
10.00 29.75 418.36 -158.33 158.56 0.58 -0.66 0.24 0.37 0.39 0.39 0.34
9.00 10.42 -564.40 -363.73 27.75 -0.06 0.88 0.54 0.40 0.55 0.05 0.08
6.00 7.43 -245.66 239.70 -721.12 -0.25 0.14 0.06 0.08 0.87 0.03 0.75
11.00 37.27 184.77 -623.74 269.97 -0.99 0.68 0.37 0.58 0.69 0.95 0.11
30.00 128.80 335.64 95.17 714.20 -0.84 0.89 0.91 0.42 0.77 0.09 0.91
6.00 7.00 -689.94 9.72 -184.21 -0.28 0.10 -0.57 0.86 0.69 0.47 0.94
9.00 25.62 -230.49 -136.08 -608.17 -0.45 0.72 -0.67 0.22 0.35 0.27 0.27
25.00 125.25 151.08 260.38 -469.56 -0.13 0.57 0.76 0.99 0.06 0.86 0.30
6.00 4.05 156.18 151.78 -591.43 -0.87 0.34 -0.16 0.12 0.57 0.34 0.95
11.00 21.41 -150.79 52.44 -283.18 -0.01 -0.56 0.29 0.44 0.75 0.63 0.46
17.00 75.63 -247.43 604.76 -247.66 0.55 -0.44 0.42 0.18 0.74 0.91 0.92
10.00 28.37 550.18 -216.73 2.06 -0.28 -0.86 0.06 0.71 0.28 0.23 0.93
9.00 7.11 459.15 259.85 493.94 -0.19 -0.80 -0.77 0.09 0.14 0.90 0.76
10.00 26.28 54.03 24.48 -760.96 -0.88 0.44 -0.05 0.03 0.57 0.88 0.79
10.00 32.46 -420.69 -328.92 -512.52 -0.97 -0.28 0.86 0.95 0.50 0.30 0.10
5.00 6.14 618.93 49.00 -501.76 0.10 0.30 0.38 0.51 0.79 0.39 0.26
5.00 2.63 626.90 -31.05 153.34 0.42 -0.59 -0.16 0.02 0.41 0.50 0.59
10.00 29.69 74.75 -19.57 745.90 0.75 -0.31 -0.55 0.11 0.94 0.26 0.86
10.00 32.18 234.77 727.94 144.30 -0.45 -0.74 -0.77 0.80 0.51 0.57 0.04
29.00 45.29 -97.90 564.81 -291.14 -0.96 0.88 0.60 0.97 0.09 0.16 0.89
8.00 1.17 23.79 -540.81 -183.89 0.92 0.80 -0.08 0.78 0.61 0.36 0.24
32.00 181.93 -109.82 -502.34 504.19 0.21 -0.03 -0.70 0.77 0.19 0.00 0.27
7.00 10.83 -232.08 -103.70 237.05 0.66 0.98 -0.56 0.74 0.00 0.65 0.53
5.00 7.49 -165.43 -729.20 -10.26 0.09 0.19 0.49 0.28 0.82 0.84 0.54
6.00 10.49 146.47 -260.11 -709.93 -0.90 0.40 0.71 0.57 0.13 0.94 0.02
13.00 55.89 109.19 -612.24 467.20 -0.49 -0.26 0.03 0.85 0.27 0.87 0.75
6.00 7.30 671.42 -31.69 78.58 -0.37 0.44 0.88 0.72 0.65 0.43 0.65
5.00 2.50 -449.60 139.37 632.20 0.25 0.67 0.04 0.34 0.75 0.09 0.37
27.00 217.42 2.08 543.36 47.24 -0.72 0.33 0.24 0.12 0.36 0.97 0.31
5.00 4.84 759.47 136.22 202.99 -0.07 -0.85 0.12 0.68 0.24 0.68 0.20
15.00 26.20 -372.89 -24.79 -213.63 -0.04 0.03 0.98 0.28 0.98 0.07 0.36
23.00 167.62 -74.79 -602.07 288.89 -0.02 -0.15 0.05 0.17 0.16 0.96 0.98
8.00 1.79 -68.62 -758.12 154.09 0.77 0.16 0.43 0.58 0.48 0.01 0.19
13.00 7.56 -254.01 57.56 -646.90 -0.72 -0.57 0.88 0.40 0.72 0.59 0.14
16.00 62.39 336.04 582.76 -224.97 -0.69 0.89 -0.29 0.32 0.34 0.10 0.59
5.00 2.23 -597.97 -92.11 354.15 -0.39 -0.53 0.45 0.46 0.37 0.61 0.53
7.00 7.81 416.74 -551.40 174.74 -0.79 -0.73 -0.44 0.65 0.23 0.73 0.65
5.00 6.54 -551.74 450.60 -150.65 0.11 -0.97 -0.67 0.12 0.68 0.95 0.40
6.00 2.54 377.99 -104.81 -418.30 0.24 -0.96 0.63 0.66 0.39 1.00 0.33
17.00 80.36 417.90 268.85 266.16 0.80 0.76 -0.84 0.86 0.30 0.79 0.71
8.00 16.68 -246.93 15.57 506.66 0.24 -0.30 -0.66 0.04 0.05 0.72 0.72
20.00 114.24 -358.61 182.57 -58.95 0.55 0.41 -0.61 0.96 0.79 0.79 0.75
13.00 51.75 -227.56 -137.62 -520.33 -0.81 -0.01 0.38 0.51 0.55 0.01 0.19
8.00 2.55 100.34 -545.63 63.80 0.94 -0.16 -0.55 0.98 0.25 0.38 0.52
6.00 2.32 -29.83 375.22 650.27 -0.67 0.29 0.83 0.73 0.08 0.55 0.41
27.00 15.63 -58.39 -58.17 -134.77 0.13 -0.16 -0.62 0.51 0.35 0.85 0.25
6.00 8.94 56.85 43.89 502.20 0.36 0.83 -0.89 0.73 0.20 0.06 0.06
20.00 17.75 554.15 240.37 303.38 -0.72 0.10 0.27 0.12 0.10 0.46 0.35
8.00 7.64 -311.66 33.70 651.49 0.35 -0.09 -0.90 0.77 0.76 0.18 0.09
14.00 9.26 434.68 -417.42 -428.94 0.78 0.46 0.43 0.74 0.46 0.88 0.32
6.00 1.92 451.33 155.99 190.30 0.63 -0.27 0.73 0.13 0.90 0.99 0.06
6.00 0.53 243.42 239.14 -120.76 0.52 -0.59 -0.46 0.29 0.36 0.71 0.11
14.00 43.56 -360.01 559.47 -235.37 -0.34 -0.50 -0.51 0.91 0.47 0.85 0.10
16.00 2.57 -370.59 706.78 -51.27 0.90 -0.18 -0.52 0.54 0.77 0.10 0.41
11.00 6.10 50.25 559.12 -298.31 0.34 0.15 0.68 0.38 0.13 0.95 0.72
33.00 251.37 -152.37 -418.17 -414.67 0.36 -0.44 -0.54 0.00 0.36 0.72 0.71
10.00 29.19 747.42 274.99 51.58 -0.55 0.92 -0.16 0.68 0.85 0.25 0.21
11.00 35.41 -545.67 393.58 200.98 0.90 0.11 0.22 0.11 0.64 0.91 0.90
9.00 18.34 -336.37 -444.59 -345.25 -0.00 -0.73 0.72 0.87 0.33 0.54 0.68
8.00 2.49 175.15 -54.99 -228.24 -0.85 -0.01 -0.29 0.65 0.74 0.53 0.11
13.00 41.95 393.49 -32.73 213.84 -0.31 0.05 -0.20 0.00 0.71 0.37 0.33
11.00 25.59 -488.74 -244.27 208.94 0.87 0.51 -0.75 0.98 0.37 0.55 0.33
17.00 29.13 -691.98 -284.51 71.62 0.32 0.25 0.72 0.84 0.80 0.55 0.79
9.00 16.96 -173.55 52.26 493.12 -0.84 -0.65 0.43 0.41 0.68 0.72 0.25
14.00 43.87 162.66 -263.95 119.58 -0.31 0.07 -0.16 0.94 0.20 0.56 0.42
18.00 41.62 484.33 -452.29 -123.91 -0.01 -0.43 0.43 0.67 0.60 0.23 0.57
6.00 3.14 307.51 -468.97 51.74 -0.67 -0.14 0.84 0.39 0.51 0.19 0.85
16.00 34.05 -39.31 -681.96 210.05 -0.73 -0.29 -0.76 0.14 0.81 0.19 0.99
8.00 13.75 540.98 -65.64 507.90 0.11 -0.89 0.75 0.83 0.69 0.92 0.91
7.00 10.24 -150.27 -197.05 -294.35 0.22 0.72 -0.79 0.08 0.69 0.50 0.03
10.00 6.96 -311.60 -238.78 -127.90 0.55 0.68 -0.73 0.17 0.28 0.67 0.02
13.00 27.92 -251.22 -181.98 692.97 -0.12 0.02 -0.66 0.26 0.17 0.91 0.95
14.00 2.00 349.04 499.68 447.19 0.86 -0.18 -0.26 0.56 0.02 0.80 0.56
6.00 7.39 -346.94 472.19 222.12 -0.83 -0.58 0.82 0.69 0.39 0.16 0.13
15.00 5.22 -543.54 503.92 274.51 -0.20 0.41 -0.69 0.79 0.69 0.61 0.56
11.00 26.60 490.12 -417.65 -113.05 -0.64 -0.36 0.88 0.29 0.22 0.78 0.81
13.00 46.82 -448.51 -548.85 41.59 -0.21 0.89 -0.48 0.35 0.13 0.56 1.00
27.00 66.06 -217.33 -42.57 -422.59 -0.57 -0.86 -0.42 0.94 0.45 0.98 0.96
16.00 69.47 600.36 -208.98 207.66 0.22 0.89 0.42 0.74 0.86 0.65 0.41
10.00 2.09 -254.92 116.52 -356.94 -0.26 0.54 -0.21 0.66 0.01 0.06 0.09
8.00 14.38 206.89 -333.91 590.69 0.81 0.61 0.32 0.75 0.03 0.39 0.20
22.00 5.14 -585.56 -531.14 -16.18 -0.56 -0.30 0.70 0.69 0.55 0.38 0.28
8.00 8.80 -94.30 351.35 -491.95 0.45 0.01 0.36 0.84 0.07 0.77 0.05
17.00 0.68 -181.86 159.11 1.02 -0.22 0.56 -0.46 0.65 0.64 0.98 0.65
30.00 23.59 -125.26 -626.50 244.09 -0.09 -0.59 0.57 0.07 0.85 0.09 0.00
10.00 10.51 -291.24 332.63 -200.85 0.94 -0.52 -0.89 0.37 0.69 0.31 0.97
10.00 33.16 -571.02 409.16 227.14 -0.44 -0.35 -0.47 0.76 0.02 0.87 0.69
5.00 7.36 264.37 -104.12 596.09 -0.26 -0.94 0.44 0.88 0.39 0.76 0.92
5.00 5.84 349.77 399.60 -118.09 0.55 0.90 -0.85 0.99 0.32 0.80 0.61
11.00 9.06 -80.93 189.19 -179.81 0.56 0.25 0.62 0.90 0.09 0.58 0.79
10.00 30.00 375.42 53.46 -524.54 0.52 -0.74 0.52 0.82 0.39 0.15 0.79
5.00 1.27 -199.00 384.35 -267.52 0.10 0.23 -0.01 0.88 0.25 0.77 0.95
18.00 87.05 395.09 -429.56 41.62 0.59 -0.01 -0.46 0.53 0.66 0.46 0.23
26.00 8.89 349.73 401.24 4.55 0.81 0.18 0.57 0.66 0.57 0.69 0.10
5.00 0.68 334.09 137.32 -252.57 0.21 0.01 0.51 0.27 0.27 0.15 0.98
18.00 93.34 630.67 109.14 -283.43 -0.61 -0.27 0.22 0.33 0.52 0.10 0.96
11.00 39.73 52.30 -473.87 557.61 -0.08 0.84 -1.00 0.94 0.98 0.67 0.26
19.00 100.83 83.41 23.22 344.74 -0.35 -0.99 -0.03 0.45 0.01 0.46 0.48
19.00 94.95 -383.69 136.90 -77.05 0.63 -0.21 0.02 0.71 0.58 0.67 0.99
5.00 6.01 86.05 -458.05 -8.69 -0.03 -0.23 0.91 0.36 0.40 0.19 0.33
18.00 32.53 -556.73 235.55 441.10 0.63 -0.31 -0.93 0.55 0.29 0.90 0.12
11.00 20.27 -344.55 -558.19 248.25 -0.28 -0.13 0.37 0.76 0.50 0.31 0.39
11.00 2.69 467.97 -123.77 -341.78 0.96 -0.83 0.71 0.34 0.98 0.70 0.56
10.00 19.65 49.86 21.33 -796.01 -0.25 0.32 0.95 0.80 0.65 0.39 0.50
13.00 1.40 -613.67 -171.14 -93.79 0.34 -0.19 -0.32 0.11 0.09 0.29 0.20
31.00 77.82 399.33 -355.44 -481.07 0.87 -0.57 -0.21 0.86 0.54 0.84 0.64
7.00 15.86 -150.98 -76.03 195.14 -0.77 0.08 0.01 0.04 0.93 0.71 0.60
5.00 3.38 -402.10 -118.27 469.34 0.15 0.05 0.45 0.85 0.91 0.88 0.26
6.00 6.27 -196.01 -632.42 331.33 -0.07 -0.48 -0.28 0.98 0.12 0.07 0.13
6.00 9.08 287.03 -473.97 -406.18 -0.43 0.98 -0.43 1.00 0.10 0.66 0.39
15.00 2.60 -339.56 -255.78 -356.16 -0.62 -0.13 0.53 0.87 0.72 0.34 0.09
5.00 2.85 -527.36 -160.78 360.90 -0.94 0.27 -0.88 0.71 0.03 0.52 0.17
5.00 6.44 -607.09 -101.25 158.44 0.53 0.98 -0.66 0.22 0.28 0.04 0.80
12.00 31.49 109.06 547.37 -195.75 0.42 0.15 0.73 0.29 0.12 0.84 0.84
5.00 2.89 316.02 -547.79 82.57 -0.14 -0.10 -0.75 0.25 0.60 0.12 0.88
15.00 50.58 177.92 292.08 547.91 -0.93 0.93 -0.68 0.27 0.68 0.51 0.53
20.00 13.06 -91.15 600.74 519.92 -0.68 0.96 -0.21 0.62 0.16 0.17 0.18
10.00 2.24 -91.30 -229.47 644.27 0.41 -0.84 -0.40 0.66 0.94 0.27 0.73
10.00 0.54 251.59 -29.85 595.73 -0.01 0.16 -0.20 0.56 0.23 0.47 0.60
7.00 0.05 477.41 -69.86 -129.62 0.26 -0.81 0.64 0.64 0.41 0.48 0.73
10.00 12.77 176.79 -400.23 -233.21 0.83 0.12 0.31 0.94 0.23 0.61 0.29
37.00 119.96 369.44 -27.96 -280.82 0.63 -0.76 -0.75 0.24 0.37 0.96 0.53
9.00 22.34 -104.76 -53.55 -661.22 -0.57 -0.74 -0.52 0.19 0.16 0.62 0.93
7.00 4.79 -623.60 -68.25 -215.82 0.40 -0.32 0.87 0.04 0.21 0.08 0.65
6.00 12.19 119.61 -702.46 54.86 0.52 -0.75 0.37 0.35 0.27 0.35 0.33
5.00 1.26 -570.74 -526.12 -178.98 0.86 -0.19 0.66 0.51 0.17 0.98 0.74
12.00 11.28 393.07 692.22 38.22 0.63 0.15 -0.85 1.00 1.00 0.92 0.97
17.00 77.98 -73.54 -624.74 196.10 -0.58 0.90 0.14 0.41 0.56 0.58 0.37
12.00 24.29 -231.84 -293.03 -527.67 -0.58 0.87 -0.00 0.37 0.50 0.54 0.18
7.00 1.28 -31.65 424.35 -57.58 -0.16 0.80 -0.39 0.23 0.16 0.70 0.87
5.00 1.38 114.07 -2.96 -327.72 0.08 -0.41 -0.25 0.34 0.29 0.55 0.88
10.00 20.25 416.68 457.37 3.33 0.56 -0.41 0.96 0.39 0.19 0.53 0.37
11.00 11.39 457.12 -148.04 -569.23 -0.25 0.90 -0.94 0.63 0.23 0.30 0.05
5.00 2.71 512.45 329.74 378.16 0.86 0.86 0.09 0.94 0.02 0.85 0.33
6.00 11.63 358.16 7.30 -115.99 -0.67 -0.07 -0.46 0.21 0.82 0.13 0.88
9.00 14.23 -249.77 412.91 586.01 0.58 -0.38 0.88 0.32 0.66 0.95 0.32
10.00 8.41 -610.92 -45.41 287.41 -0.44 0.91 -0.29 0.08 0.31 0.99 0.21
5.00 5.27 -108.58 660.60 358.16 0.92 0.11 -0.29 0.67 0.80 0.27 0.74
8.00 2.49 -133.82 738.07 99.38 -0.51 -0.94 0.11 0.24 0.08 0.37 0.88
10.00 25.54 -215.39 214.76 -719.11 0.11 -0.24 0.61 0.22 0.27 0.92 0.04
7.00 13.79 462.87 -81.99 112.12 -0.49 0.84 -0.17 0.24 0.94 0.72 0.00
12.00 29.29 -329.90 -214.18 337.37 0.69 -0.40 -0.47 0.92 0.41 0.09 0.30
14.00 27.61 -384.90 -332.26 240.43 -0.12 0.23 -0.37 0.91 0.63 0.08 0.10
11.00 38.45 40.78 621.29 153.05 -0.80 0.68 -0.21 0.92 0.57 0.82 0.44
8.00 9.40 -424.97 104.45 226.52 0.95 -0.06 -0.23 0.13 0.23 0.79 0.23
9.00 15.88 206.15 561.57 -274.27 -0.34 0.80 0.01 0.10 0.44 0.22 0.66
8.00 7.19 69.92 113.70 557.21 0.26 -0.29 -0.66 0.30 0.49 0.55 0.11
9.00 10.88 -68.40 13.40 -440.43 -0.68 0.66 0.38 0.52 0.61 0.73 0.72
6.00 2.96 -560.28 5.63 113.86 -0.94 0.66 -0.56 0.34 0.29 0.91 0.85
9.00 16.97 -623.38 -299.63 -218.29 -0.69 -0.25 0.42 0.21 0.71 0.62 0.11
11.00 37.56 -364.63 -178.85 -494.08 0.75 0.56 -0.42 0.28 0.23 0.72 0.67
6.00 6.03 -661.43 105.43 63.87 -0.86 0.25 0.15 0.53 0.12 0.85 0.58
8.00 16.09 303.03 -134.45 -698.28 0.22 0.38 -0.35 0.35 0.89 0.15 0.95
6.00 12.08 -2.49 36.70 -211.04 -0.87 -0.40 0.90 0.45 0.74 0.42 0.93