9.27 1052
6.00 7.46 40.21 -260.17 -199.88 0.77 0.95 0.38 0.90 0.72 0.08 0.88
12.00 27.76 -151.01 168.92 -482.55 -0.45 -0.13 -0.82 0.64 0.73 0.91 0.98
8.00 6.86 -178.12 -504.15 358.62 0.90 0.12 0.80 0.24 0.47 0.19 0.68
29.00 69.52 -657.96 271.49 -361.99 -0.71 0.21 0.90 0.00 0.79 0.45 0.63
27.00 156.22 -289.67 424.77 -425.54 0.43 -0.97 -0.90 0.74 0.81 0.44 0.19
29.00 195.34 -297.76 365.09 337.52 -0.98 0.86 0.11 0.42 0.82 0.98 0.93
34.00 127.35 -596.18 440.63 -193.17 0.67 0.06 0.35 0.66 0.93 0.67 0.33
11.00 29.33 212.38 -519.58 -177.93 0.93 0.09 -0.30 0.01 0.28 0.19 0.72
8.00 15.97 -76.24 -226.28 -604.16 0.15 0.41 0.60 0.46 0.69 0.78 0.59
6.00 7.02 396.78 150.96 -663.83 -0.96 0.34 -0.35 0.69 0.71 0.64 0.78
15.00 26.74 -166.36 507.62 551.32 -0.08 0.64 0.09 0.78 0.31 0.93 0.52
11.00 37.14 190.29 293.74 -432.63 -0.29 0.36 -0.47 0.79 0.30 0.06 0.08
9.00 11.23 -177.90 639.98 -67.21 0.98 0.27 0.91 0.59 0.33 0.03 0.46
11.00 28.72 378.29 -420.56 117.47 -0.23 0.71 -0.58 0.85 0.21 0.72 0.71
21.00 2.25 -207.51 -769.49 -60.44 -0.41 0.45 0.08 0.77 0.94 0.18 0.91
10.00 6.82 73.31 94.95 -22.85 0.35 -0.42 -0.98 1.00 0.25 0.57 0.47
5.00 0.18 154.16 495.82 243.38 0.69 0.09 -0.15 0.88 0.77 0.38 0.75
28.00 118.76 -591.80 -454.07 143.49 -0.52 0.49 0.70 0.97 0.10 0.82 0.98
11.00 37.25 -275.01 258.52 -210.95 -0.28 -0.47 0.15 0.78 0.50 0.19 0.13
5.00 0.67 261.87 -112.90 -550.67 -0.73 -0.72 -0.41 0.80 0.44 0.43 0.15
5.00 2.72 278.93 290.85 544.15 -0.70 0.57 -0.82 0.51 0.05 0.81 0.23
9.00 19.24 218.71 261.64 248.86 -0.32 0.47 0.63 0.78 0.30 0.55 0.09
15.00 4.10 -186.49 542.08 -545.50 0.82 -0.57 0.20 0.79 0.50 0.31 0.71
10.00 29.59 -479.57 -259.56 384.57 -0.82 0.00 -0.64 0.92 0.14 0.27 0.44
7.00 5.58 -291.77 -544.60 291.23 0.53 0.67 -0.32 0.12 0.36 0.82 0.27
30.00 145.79 -559.82 -135.93 -463.28 0.21 0.32 0.18 0.66 0.61 0.95 0.99
6.00 2.79 -178.40 680.61 -157.15 -0.45 -0.83 0.42 0.67 0.09 0.67 0.70
15.00 21.98 -316.17 259.23 -495.47 0.51 0.75 -0.92 0.17 0.27 0.23 0.92
17.00 37.85 358.45 500.52 14.32 -0.92 -0.81 -0.63 0.50 0.99 0.32 0.75
14.00 19.20 -110.82 68.92 -705.14 -0.88 -0.47 -0.77 0.82 0.04 0.71 0.01
5.00 0.98 361.80 -349.83 -376.46 0.26 -0.35 -0.17 0.80 0.51 0.46 0.47
11.00 7.78 -26.96 5.69 114.66 -0.83 -0.73 -0.08 0.60 0.42 0.40 0.68
7.00 14.58 445.37 300.00 106.45 0.81 0.53 -0.30 0.93 0.21 0.10 0.33
9.00 19.56 -267.71 412.65 486.27 0.05 -0.65 -0.95 0.50 0.06 0.31 0.01
6.00 9.39 -257.63 247.67 376.75 -0.37 -0.55 -0.11 0.64 0.73 0.42 0.86
39.00 453.60 -436.41 110.85 289.72 0.04 0.73 -0.82 0.43 0.72 0.28 0.76
10.00 24.56 212.52 678.44 170.20 0.68 0.23 -0.47 0.31 0.30 0.75 0.73
26.00 89.85 -633.68 393.06 137.08 0.12 0.17 0.86 0.34 0.62 0.04 0.26
33.00 154.68 205.83 -646.70 170.45 -0.01 -0.71 0.32 0.06 0.66 0.06 0.11
10.00 16.96 643.41 -141.27 -89.16 -0.77 -0.89 0.79 0.70 0.60 0.71 0.72
10.00 16.18 -160.83 -208.11 363.06 -0.23 0.36 -0.05 0.99 0.52 0.95 0.92
5.00 1.53 431.18 -12.36 -280.04 -0.34 -0.80 -0.04 0.01 0.21 0.08 0.76
8.00 14.60 -356.78 295.19 -172.38 0.53 -0.30 0.98 0.26 0.37 0.09 0.30
5.00 4.29 633.39 96.34 277.12 0.45 -0.89 -0.52 0.24 0.86 0.49 0.11
5.00 1.58 -488.52 -211.72 -390.47 -0.40 0.69 0.59 0.12 0.53 0.20 0.11
11.00 14.71 -282.80 155.15 327.63 0.59 -0.43 -0.77 0.82 0.21 0.31 0.05
9.00 21.93 -588.87 -400.68 79.92 -0.48 0.42 -0.97 0.27 0.47 0.76 0.37
33.00 190.95 122.14 523.75 -535.33 0.38 0.36 -0.17 1.00 0.41 0.72 0.57
7.00 13.14 -204.52 99.85 -386.22 0.83 -0.57 0.96 0.71 0.67 0.76 0.08
8.00 14.37 1.19 -560.42 -373.40 0.27 0.23 -0.41 0.01 0.33 0.61 0.79
15.00 66.06 256.13 -634.89 404.64 -0.14 0.67 0.38 0.64 0.65 0.80 0.94
31.00 25.83 223.23 -469.61 -148.66 0.89 0.66 0.87 0.17 0.56 0.99 0.45
11.00 34.42 257.83 225.82 479.89 0.06 0.47 -0.91 0.06 0.19 0.76 0.35
18.00 67.41 136.25 250.46 453.84 0.46 -0.92 0.77 0.90 0.47 0.03 0.67
7.00 6.81 475.41 -114.56 248.98 -0.22 -0.33 -0.50 0.10 0.14 0.94 0.20
13.00 51.01 476.71 -573.47 276.11 0.73 -0.72 0.69 0.03 0.95 0.68 0.37
24.00 170.03 327.10 -588.32 86.60 -0.60 0.54 0.01 0.84 0.59 0.48 0.97
10.00 18.88 -174.38 -320.88 578.61 0.38 -0.79 -0.95 0.91 0.78 0.65 0.49
8.00 5.47 -263.69 -644.08 -211.39 0.54 0.13 0.83 0.79 0.06 0.57 0.91
11.00 12.31 15.48 -589.29 177.06 -0.95 1.00 0.21 0.99 0.74 0.04 0.11
10.00 3.82 -466.11 -560.48 -238.92 0.39 0.25 0.21 0.64 0.45 0.32 0.93
17.00 11.82 -417.02 -451.19 -378.60 -0.20 -0.85 0.11 0.95 0.92 0.48 0.26
20.00 19.31 -76.15 -396.49 140.59 -0.81 0.58 -0.72 0.12 0.70 0.30 0.10
15.00 29.86 129.68 392.86 -83.48 0.35 0.43 -0.59 0.12 0.31 0.08 0.21
10.00 1.84 24.02 259.41 -104.45 0.66 -0.65 -0.33 0.62 0.45 0.39 0.83
8.00 11.25 -70.46 195.44 -627.57 -0.68 0.53 -0.75 0.23 0.97 0.42 0.54
11.00 5.10 24.10 -197.34 597.99 0.44 -0.20 -0.42 0.83 0.63 0.47 0.82
9.00 20.47 247.18 222.81 120.91 0.18 0.42 -0.22 0.78 0.54 0.54 0.77
13.00 7.35 -536.85 -79.44 -283.72 0.69 -0.83 -0.81 0.32 0.84 0.04 0.88
7.00 2.44 -350.85 -157.06 104.63 -0.63 0.99 0.85 0.26 0.59 0.03 0.05
15.00 25.33 -268.00 312.37 -94.21 -0.88 -0.38 0.18 0.23 0.81 0.60 0.21
9.00 22.96 -274.67 -319.34 517.43 -0.89 0.35 0.38 0.87 0.84 0.56 0.45
6.00 0.94 -25.73 202.39 -352.79 -0.15 0.63 0.06 0.69 0.33 0.73 0.98
5.00 4.53 -417.82 295.85 124.42 0.29 0.25 -0.57 0.41 0.58 0.78 0.28
11.00 34.38 -267.73 663.55 -297.46 0.83 0.94 -0.55 0.39 0.38 0.45 0.63
8.00 10.83 -389.08 464.64 188.67 -0.12 -0.40 -0.74 0.65 0.81 0.51 0.70
5.00 4.85 282.41 -414.04 -104.64 0.09 0.35 0.44 0.49 0.10 0.72 0.72
8.00 1.27 253.01 -23.09 -423.97 -0.87 0.52 0.69 0.47 0.84 0.77 0.40
5.00 6.72 -283.72 640.47 -156.06 -0.06 0.86 0.56 0.64 0.77 0.59 0.66
27.00 31.13 41.23 630.85 485.98 0.11 -0.56 0.32 0.00 0.98 0.23 0.70
6.00 1.03 -61.07 585.15 -470.51 -0.84 0.92 -0.19 0.92 0.36 0.92 0.57
15.00 36.19 -613.20 133.84 412.21 0.54 -0.91 0.35 0.73 0.58 0.17 0.91
10.00 29.07 461.49 -50.25 560.93 -0.14 0.95 -0.78 0.92 0.78 0.54 0.98
9.00 15.38 -304.44 -65.17 -219.43 0.17 -0.24 -0.12 0.82 0.13 0.12 0.24
6.00 5.06 31.04 53.33 -222.05 -0.65 0.59 -0.16 0.65 0.52 0.01 0.82
9.00 11.20 412.74 -50.46 444.04 -0.24 -0.60 -0.25 0.48 0.46 0.00 0.07
5.00 3.62 594.36 46.88 145.20 -0.67 0.02 0.17 0.71 0.68 0.07 0.85
11.00 12.14 58.85 -263.61 -687.35 0.30 -0.25 -0.14 0.56 0.13 0.30 0.68
6.00 3.91 576.40 189.28 384.83 0.24 -0.41 0.34 0.44 0.96 0.17 0.68
5.00 2.81 48.54 105.49 -170.72 -0.91 -0.41 0.97 0.66 0.36 0.58 0.01
14.00 36.32 347.55 496.66 -247.90 -0.29 -0.47 0.66 0.56 0.74 0.36 0.80
15.00 20.16 197.91 540.35 383.92 -0.80 -0.94 0.09 0.84 0.95 0.90 0.59
34.00 317.81 -95.30 422.83 163.47 -0.06 0.27 0.73 0.58 0.81 0.47 0.44
12.00 5.81 1.70 -556.89 536.79 -0.53 -0.99 -0.16 0.93 0.04 0.12 0.31
7.00 1.06 -40.59 43.92 -236.08 -0.91 -0.70 0.10 0.33 0.68 0.88 0.44
8.00 8.93 335.68 91.40 -628.53 -0.69 0.88 -0.43 0.63 0.99 0.26 0.72
10.00 25.24 -425.78 -552.71 -384.86 -0.84 0.14 0.05 0.36 0.72 0.86 0.07
8.00 4.37 344.49 52.27 408.61 -0.18 -0.69 -0.69 0.83 0.94 0.96 0.93
5.00 5.63 -335.13 -75.35 699.13 -0.53 -0.98 -0.58 0.34 0.40 0.93 0.90
15.00 64.25 695.79 166.55 -152.69 -0.30 0.94 -0.35 0.17 0.29 0.34 0.36
7.00 14.95 649.43 -31.52 67.22 0.65 -0.42 0.61 0.90 0.36 0.16 0.16
9.00 15.41 -436.99 470.50 37.61 0.47 -0.41 0.37 0.17 0.82 0.26 0.95
14.00 38.47 533.76 436.17 397.97 0.80 0.26 -0.48 0.73 0.82 0.08 0.91
5.00 0.63 -192.21 -111.13 565.06 -0.03 0.28 -0.68 0.49 0.17 0.94 0.75
9.00 14.87 -108.21 -147.95 -350.08 0.86 -0.99 -0.94 0.78 0.35 0.56 0.07
20.00 106.25 -248.48 411.39 -165.52 0.71 -0.67 0.69 0.25 0.94 0.23 0.35
13.00 24.14 -276.30 364.59 182.59 -0.05 0.34 -0.50 0.26 0.07 0.36 0.74
6.00 0.99 199.53 241.25 -34.27 -0.55 0.21 0.36 0.26 1.00 0.82 0.19
8.00 19.47 -117.06 -516.22 -575.96 -0.06 0.12 -0.63 0.75 0.72 0.75 0.08
11.00 4.14 -509.52 -145.99 193.45 -0.41 -0.57 -0.77 0.56 0.45 0.29 0.05
11.00 32.28 -339.38 110.31 -184.84 0.12 -0.36 -0.14 0.94 0.75 0.37 0.21
16.00 64.03 249.80 478.95 286.51 0.26 0.61 0.76 0.57 0.62 0.70 0.25
6.00 4.28 -251.48 192.15 535.53 -0.53 0.64 -0.52 0.56 0.61 0.67 0.75
18.00 23.77 -485.29 -436.47 -352.42 0.57 0.39 0.93 0.73 0.16 0.69 0.09
17.00 15.11 -540.31 91.26 292.96 0.01 0.27 0.31 0.65 0.79 0.65 0.79
11.00 32.95 -679.26 394.07 -100.21 0.93 -0.25 0.08 0.25 0.57 0.06 0.59
13.00 46.86 -339.20 -504.76 -180.90 0.70 -0.22 0.61 0.78 0.33 0.07 0.86
8.00 1.66 -213.31 287.82 -155.19 0.65 -0.35 0.82 0.40 0.07 0.52 0.37
6.00 9.12 -536.98 299.75 -322.77 0.79 -0.65 -0.71 0.37 0.24 0.21 0.26
5.00 6.91 -96.36 723.20 279.18 0.70 0.95 -0.68 0.76 0.40 0.82 0.10
35.00 135.22 -224.16 516.48 -151.21 0.24 0.41 0.87 0.18 0.03 0.21 0.18
20.00 99.31 -509.51 -177.21 -134.67 0.82 0.41 0.06 0.13 0.42 0.45 0.44
11.00 8.49 -154.00 -247.15 -181.19 0.83 -0.52 -0.62 0.17 0.53 0.83 0.07
13.00 16.51 439.18 7.14 543.09 -0.24 0.94 0.88 0.88 0.00 0.58 0.59
17.00 35.88 -364.39 -176.04 -377.92 0.61 0.08 -0.50 0.59 0.19 0.73 0.39
18.00 0.71 -529.81 385.69 -26.86 -0.99 0.50 -0.28 0.61 0.04 0.27 0.84
10.00 19.38 15.61 -643.88 121.65 0.25 -0.02 0.09 0.03 0.13 0.91 0.65
6.00 2.89 -756.22 -109.95 53.43 -0.09 0.82 -0.27 0.39 0.50 0.12 0.78
5.00 1.96 184.48 267.37 -416.01 0.96 -0.47 -0.07 0.28 0.37 0.26 0.45
21.00 81.88 454.01 630.07 -100.03 -0.61 1.00 0.09 0.65 0.42 0.41 0.74
8.00 18.75 -584.37 -226.03 -76.25 -0.94 0.81 -0.26 0.44 0.46 0.71 0.46
15.00 28.41 -688.14 -16.56 -54.22 0.99 -0.44 0.26 0.13 0.05 0.75 0.17
7.00 13.96 -158.37 116.06 -199.48 -0.29 0.71 0.13 0.71 0.24 0.28 0.85
8.00 3.68 400.40 -110.62 367.38 0.30 -0.80 -0.69 0.68 0.02 0.95 0.08
11.00 12.60 269.60 -245.66 -306.36 -0.29 -0.45 -0.79 0.85 0.54 0.00 0.76
14.00 40.59 -356.99 169.25 552.53 0.58 -0.81 -0.99 0.13 0.95 0.37 0.23
11.00 23.70 136.78 159.40 65.95 0.59 -0.40 0.33 0.93 0.57 0.29 0.35
7.00 3.94 247.50 -34.00 252.24 0.90 0.03 -0.52 0.44 0.09 0.92 0.44
10.00 3.52 379.28 -134.52 73.40 -0.47 -0.74 0.02 0.32 0.46 0.85 0.15
10.00 10.98 352.78 -427.60 -4.76 0.31 0.10 0.17 0.67 0.09 0.09 0.76
8.00 5.70 77.45 -603.95 138.95 0.45 0.10 0.92 0.87 0.58 0.60 0.02
7.00 10.79 335.78 87.78 8.90 0.62 0.17 0.80 0.20 0.76 0.01 0.72
7.00 3.97 -517.37 -153.54 104.31 0.40 -0.06 -0.21 0.41 0.76 0.06 0.84
9.00 16.01 161.35 122.65 -271.96 0.86 0.18 -0.82 0.52 0.60 0.11 0.47
22.00 32.61 479.94 -174.63 79.89 0.22 -0.98 0.11 0.71 0.69 0.38 0.84
7.00 5.02 325.56 -198.60 197.57 -0.85 0.75 0.45 0.87 0.88 0.43 0.58
6.00 5.10 509.34 -162.04 22.74 -0.31 0.89 0.15 0.78 0.38 0.61 0.13
7.00 6.55 115.46 -490.01 -212.98 0.60 0.12 0.40 0.19 0.99 0.70 0.79
10.00 9.52 -206.58 -571.30 194.18 -0.27 -0.79 0.70 0.89 0.89 0.96 0.91
8.00 4.58 424.16 -236.16 -451.25 0.06 -0.61 0.18 0.56 0.02 0.01 0.74
24.00 158.50 32.73 14.99 662.59 -0.47 0.13 -0.13 0.97 0.10 0.57 0.97
6.00 5.66 206.09 404.72 551.71 -0.62 0.25 -0.71 0.30 0.67 0.25 0.67
15.00 3.45 78.50 370.49 554.16 -0.11 0.57 0.80 0.19 0.02 0.35 0.82
6.00 9.55 58.79 392.51 -408.98 -0.10 -0.76 -0.11 0.60 0.51 0.01 0.23
8.00 2.29 -492.16 -80.98 -527.70 0.26 0.40 -0.03 0.58 0.60 0.17 0.18
24.00 86.26 -631.04 352.38 78.95 0.42 -0.55 -0.27 1.00 0.61 0.37 0.88
8.00 5.81 -489.50 -72.63 111.32 -0.16 -0.93 -0.55 0.84 0.79 0.06 0.94
7.00 3.49 479.36 -138.83 -0.21 0.58 0.98 0.82 0.07 0.70 0.39 0.51
10.00 6.93 117.72 -522.11 -175.50 0.44 -0.61 0.23 0.46 0.39 0.16 0.62
11.00 17.62 75.21 -667.03 72.73 0.05 -0.21 0.80 0.16 0.08 0.43 0.06
32.00 54.02 -703.01 167.87 163.74 0.35 0.52 0.36 0.23 0.15 0.20 0.02
7.00 4.16 257.51 167.93 -722.08 0.67 -0.28 -0.38 0.02 0.18 0.35 0.55
9.00 21.72 466.16 128.72 -212.58 0.64 -0.49 -0.39 0.57 0.99 0.37 0.86
5.00 6.97 -130.21 394.84 -405.48 0.94 -0.97 -0.07 0.59 0.13 0.20 0.64
8.00 15.79 753.33 -147.80 -220.42 0.91 -0.90 -0.74 0.30 0.43 0.94 0.32
5.00 4.18 664.40 -264.12 177.00 0.13 0.00 -0.88 0.52 1.00 0.55 0.70
20.00 66.94 354.14 -393.15 528.45 0.36 -0.60 0.33 0.47 0.74 0.42 0.78
6.00 8.77 -326.32 509.36 -201.06 -0.98 0.28 -0.64 0.61 0.09 0.98 0.82
12.00 25.12 -167.27 -649.69 -44.37 -0.79 0.43 0.89 0.55 0.32 0.79 0.67
22.00 9.92 -715.36 167.43 -295.53 0.08 -0.24 0.43 0.96 0.47 0.16 0.51
15.00 25.71 -67.77 -33.48 -264.25 -0.82 -0.14 -0.20 0.26 0.11 0.30 0.39
14.00 11.17 -426.38 8.01 568.22 0.35 0.88 0.65 0.41 0.54 0.91 0.07
11.00 11.49 -327.20 76.18 -33.70 0.26 0.40 0.38 0.10 0.96 0.49 0.87
17.00 66.91 -430.00 -564.62 219.79 0.57 0.42 -1.00 0.69 0.36 0.44 0.96
30.00 221.93 -466.61 193.01 -299.35 -0.57 -0.78 0.17 0.94 0.41 0.00 0.79
16.00 77.96 299.06 -656.69 160.71 -0.56 -0.28 0.62 0.15 0.39 0.23 0.65
7.00 7.27 -606.35 -301.92 7.66 0.03 -0.99 -0.47 0.89 0.40 0.96 0.32
12.00 8.81 -698.11 -15.14 96.61 -0.85 0.05 0.95 0.42 0.38 0.83 0.10
11.00 13.91 -543.51 310.09 0.85 -0.84 -0.56 0.20 0.76 0.79 0.25 0.88
8.00 5.72 -369.53 -77.66 92.28 0.95 -0.51 -0.29 0.22 0.69 0.26 0.68
9.00 23.08 43.88 714.42 -186.17 0.63 -0.84 -0.65 0.30 0.33 0.17 0.32
34.00 142.11 -136.33 116.85 -88.12 0.22 0.58 -0.48 0.08 0.45 0.57 0.26
8.00 18.43 -332.45 -387.87 -531.89 0.65 0.93 0.22 0.85 0.37 0.47 0.51
18.00 98.94 314.09 101.04 -12.30 0.90 -0.70 0.91 0.55 0.45 0.44 0.86
9.00 20.48 425.91 -21.80 -595.81 0.61 0.35 0.37 0.97 0.49 0.07 0.75
24.00 140.20 -217.45 536.59 33.57 0.40 -0.94 -0.15 0.37 0.99 0.01 0.39
5.00 2.26 217.67 -1.52 38.18 -0.28 -0.94 -0.44 0.89 0.97 0.67 0.36
13.00 43.21 -273.44 749.07 -38.23 0.81 -0.19 0.14 0.75 0.26 0.79 0.60
13.00 50.29 309.19 -502.80 69.11 0.20 -0.25 0.66 0.95 0.38 0.49 0.65
8.00 0.83 610.87 197.00 442.83 -0.94 0.90 0.35 0.85 0.40 0.11 0.33
10.00 19.01 -489.71 109.55 318.69 0.54 -0.97 -0.14 0.27 0.67 0.50 0.35
12.00 13.63 356.12 505.12 165.82 0.35 0.85 -0.33 0.86 0.34 0.72 0.19
13.00 33.63 269.13 -245.42 671.05 0.90 -0.05 0.82 0.09 0.25 0.73 0.21
10.00 5.96 480.68 -521.12 161.22 0.95 0.69 -0.54 0.47 0.59 0.33 0.37
12.00 35.86 -511.70 -418.62 -400.80 0.46 0.63 -0.65 0.68 0.80 0.45 0.81
12.00 25.16 -68.11 658.15 -105.26 0.96 -0.07 0.93 0.63 0.37 0.63 0.80
11.00 35.53 200.88 158.98 580.29 -0.65 -0.66 -0.55 0.36 0.65 0.28 0.36
7.00 6.99 711.00 -110.35 33.24 0.43 0.70 0.70 0.11 0.12 0.09 0.77
8.00 4.00 -191.55 -475.09 1.09 -0.89 0.42 0.21 0.37 0.12 0.74 0.17
16.00 21.52 -429.63 -141.94 331.06 -0.40 0.90 0.33 0.55 0.08 0.34 0.85
13.00 44.47 -529.41 -53.54 -335.35 0.07 -0.15 -0.60 0.67 0.13 0.34 0.70
15.00 9.81 -8.20 -610.28 -466.97 0.51 -0.14 0.73 0.15 0.60 0.40 0.43
5.00 4.55 -440.57 -16.43 440.38 -0.11 -0.56 -0.09 0.33 0.49 0.62 0.51
9.00 11.58 -356.01 -410.40 150.91 0.67 0.17 -0.53 0.62 0.62 0.33 0.03
14.00 4.20 594.45 331.68 327.19 0.40 0.07 0.16 0.23 0.62 0.76 0.52
25.00 106.50 522.17 -401.94 425.03 -0.91 -0.15 0.38 0.99 0.45 0.85 0.76
24.00 162.74 276.76 573.95 231.13 -0.17 -0.02 0.51 0.57 0.61 0.96 0.50
36.00 376.33 492.71 -544.74 -292.61 -0.08 0.74 0.37 0.06 0.96 0.71 0.54
10.00 11.31 -597.31 -442.61 -4.35 0.72 0.85 -0.39 0.55 0.57 0.20 0.46
22.00 62.76 387.77 -323.53 245.23 0.59 -0.21 -0.96 0.77 0.30 0.51 0.67
6.00 4.64 25.64 -109.43 541.37 -0.96 -0.11 -0.86 0.09 0.22 0.14 0.00
6.00 1.58 256.44 -516.66 181.73 0.79 -0.63 -0.30 0.72 0.44 0.77 0.85
8.00 0.21 470.03 -227.67 508.75 0.93 -0.86 -0.18 0.38 0.24 1.00 0.94
20.00 76.90 -432.02 -148.03 -166.95 0.14 -0.09 0.56 0.91 1.00 0.74 0.82
7.00 2.84 580.97 272.24 -93.64 0.49 -0.86 -0.64 0.30 0.48 0.23 0.22
34.00 158.78 -98.87 115.30 224.98 -0.61 -0.26 -0.67 0.49 0.43 0.05 0.16
14.00 39.85 -219.35 182.74 453.05 -0.90 -0.94 -0.66 0.84 0.11 0.94 0.94
5.00 5.11 459.67 324.96 -187.55 -0.28 0.52 -0.27 0.01 0.35 0.83 0.35
7.00 5.31 163.08 458.56 -227.65 0.65 -0.69 0.06 0.33 0.49 0.24 1.00
18.00 6.34 443.45 211.06 602.25 0.80 0.96 0.01 0.75 0.88 0.81 0.79
25.00 152.41 172.36 421.96 -241.77 0.88 -0.41 0.69 0.23 0.01 0.50 0.32
27.00 205.56 747.11 174.78 213.57 0.25 -0.28 -0.53 0.21 0.62 0.91 0.76
6.00 7.39 584.84 -20.70 539.58 -0.07 0.85 0.25 0.93 0.82 0.15 0.17
8.00 13.67 -414.11 505.84 -365.30 -0.82 -0.53 -0.22 0.64 0.50 0.11 0.52
6.00 4.79 -311.62 487.88 229.88 0.19 -0.60 0.38 0.91 0.74 0.09 0.87
11.00 23.69 141.62 378.15 -22.13 0.91 -0.81 0.61 0.91 0.29 0.74 0.95
8.00 18.41 27.88 747.60 162.62 -0.91 0.73 -0.54 0.60 0.56 0.44 0.42
11.00 35.94 -523.97 -289.71 254.87 -0.10 -0.10 0.98 0.17 0.13 0.84 0.31
7.00 14.10 165.89 -553.91 -135.03 0.03 -0.35 -0.02 0.60 0.07 0.63 0.87
12.00 19.04 -503.83 -500.68 229.23 0.29 -0.56 0.92 0.30 0.12 0.10 0.24
31.00 231.72 -132.70 -282.03 -580.59 0.74 -0.59 -0.73 0.88 0.45 0.93 0.25
7.00 3.03 -205.07 -657.83 217.01 0.60 -0.53 0.52 0.11 0.46 0.13 0.55
16.00 12.16 584.85 370.75 185.16 -0.60 0.86 -0.31 0.25 0.76 0.74 0.09
30.00 198.72 -195.29 52.16 -125.16 0.46 -0.15 0.21 0.57 0.66 0.16 0.02
7.00 7.61 -30.81 284.09 414.25 0.05 0.25 0.34 0.04 0.06 0.16 0.80
11.00 20.81 -36.68 -640.41 428.82 -0.02 -0.12 -0.71 0.47 0.73 0.48 0.62
7.00 5.75 307.96 369.23 109.52 -0.03 0.79 -0.27 0.11 0.61 0.23 0.06
26.00 76.94 -226.88 356.82 343.80 -0.68 -0.65 0.09 0.46 0.37 0.73 0.46
14.00 34.14 -332.66 313.30 -340.00 0.22 0.66 -0.18 0.64 0.08 0.56 0.34
7.00 9.33 -570.21 299.97 113.17 -0.29 0.42 -0.53 0.34 0.60 0.15 0.83
11.00 32.72 5.42 330.31 -480.87 0.00 -0.28 0.74 0.83 0.70 0.83 0.02
21.00 75.03 -319.18 -134.00 -516.26 0.57 -0.11 -0.27 0.96 0.16 0.96 0.41
6.00 10.99 353.88 -38.72 -582.78 0.80 -0.33 0.85 0.41 0.72 0.46 0.47
23.00 50.11 -183.85 -427.43 -584.70 -0.03 -0.70 -0.49 0.55 0.57 0.64 0.85
8.00 14.76 -296.25 -131.40 633.46 -0.21 0.81 -0.91 0.87 0.37 0.21 0.91
5.00 0.17 -332.61 -395.81 324.45 -0.57 0.70 0.25 0.91 0.30 0.03 0.95
5.00 5.61 -311.03 174.57 -421.83 0.52 -0.60 0.90 0.24 0.04 0.11 0.03
5.00 3.34 11.49 375.73 -584.76 0.10 0.25 0.54 0.97 0.16 0.98 0.67
5.00 3.14 -606.89 24.11 63.69 -0.00 -0.79 -0.58 0.82 0.61 0.32 0.81
9.00 2.62 -513.17 180.58 -378.66 -0.69 -0.08 0.52 0.85 0.34 0.99 0.17
10.00 16.06 547.44 -425.69 -73.05 0.86 0.12 -0.33 0.27 0.13 0.49 0.26
5.00 2.26 257.53 -69.90 -129.05 -0.53 -0.84 0.24 0.40 0.49 0.05 0.08
13.00 0.05 -39.58 -100.56 -320.27 -0.08 0.61 -0.65 0.95 0.32 0.57 0.19
5.00 4.63 -67.39 182.78 169.99 0.37 -0.47 0.43 0.21 0.10 0.29 0.85
5.00 6.68 -113.23 -136.38 651.76 -0.62 0.42 -0.48 0.47 0.55 0.40 0.01
13.00 51.64 -96.76 -152.54 604.46 0.63 0.52 -0.23 0.38 0.78 0.06 1.00
18.00 95.65 -356.17 -506.10 295.34 -0.23 0.35 0.87 0.28 0.51 0.70 0.19
21.00 15.39 -288.98 416.82 98.32 0.35 -0.06 -0.97 0.45 0.81 0.83 0.68
9.00 10.42 103.33 353.93 360.95 -0.71 0.90 -0.32 0.28 0.85 0.41 0.42
7.00 3.23 281.10 6.50 543.44 0.96 0.59 -0.97 0.81 0.32 0.98 0.20
9.00 11.41 -237.25 484.74 -494.10 -0.68 0.24 0.04 0.41 0.01 0.55 0.51
12.00 32.99 334.79 228.32 -0.04 0.88 0.03 -0.71 0.37 0.69 0.46 1.00
5.00 3.19 494.38 -307.97 -415.62 0.82 0.37 0.70 0.79 0.19 0.38 0.23
18.00 16.84 67.27 -295.87 -730.79 0.47 0.53 0.92 0.42 0.17 0.52 0.04
8.00 3.33 -332.84 -486.09 -440.45 0.86 -0.34 -0.60 0.26 0.73 0.42 0.79
9.00 10.79 159.64 673.01 364.27 -0.11 -0.63 0.38 0.59 0.60 0.71 0.19
5.00 5.45 -624.63 -483.13 -91.50 -0.47 0.43 -0.71 0.61 0.82 0.59 0.76
6.00 5.46 -296.26 160.18 -713.25 0.80 0.79 0.93 0.82 0.55 0.55 0.49
7.00 1.37 25.70 522.71 198.12 0.31 -0.08 -0.90 0.07 0.85 0.80 0.16
9.00 21.77 268.84 -237.23 -234.60 0.64 0.07 -0.13 0.02 0.34 0.16 0.60
11.00 18.29 -602.98 -308.52 -276.23 0.80 0.45 -0.66 0.87 0.14 0.19 0.17
5.00 6.73 179.36 497.68 212.32 0.42 -0.92 0.05 0.75 0.21 0.61 0.63
6.00 1.44 -453.06 265.03 446.92 -0.35 0.62 0.37 0.89 0.47 0.81 0.14
27.00 220.58 38.66 183.37 720.03 -0.76 -0.81 -0.51 0.64 0.71 0.37 0.04
7.00 13.51 -263.62 515.14 -39.97 0.90 -0.54 0.12 0.11 0.38 0.47 0.85
22.00 139.79 -175.38 -668.12 234.93 0.69 0.16 -0.71 0.23 0.87 0.79 0.96
14.00 41.59 463.11 335.70 17.84 -0.55 0.55 0.65 0.67 0.46 0.24 0.92
32.00 17.69 16.33 362.51 -531.57 -0.36 -0.33 0.20 0.02 0.82 0.32 0.81
7.00 7.34 565.70 -166.25 -182.65 0.17 0.60 -0.44 0.01 0.38 0.72 0.98
20.00 75.66 -191.17 -698.59 -25.62 -0.85 0.87 0.99 0.63 0.97 0.27 0.13
6.00 0.97 -63.06 423.67 -81.12 -0.16 0.27 -0.24 0.39 0.86 0.59 0.12
9.00 9.01 84.55 82.36 -647.56 -0.27 0.87 0.25 0.09 0.98 0.74 0.53
5.00 6.57 285.90 391.95 -491.30 0.56 0.55 0.30 0.23 0.78 0.97 0.40
5.00 4.11 -798.49 -0.14 -25.17 0.43 -0.10 0.37 0.75 0.50 0.55 0.83
6.00 7.03 183.41 588.60 165.73 -0.26 0.57 0.35 0.20 0.07 0.52 0.58
13.00 4.87 -413.09 306.09 349.43 -0.51 -0.56 0.28 0.53 0.80 0.31 0.12
17.00 56.42 202.52 277.49 -492.30 -0.83 -0.94 -0.41 0.38 0.21 0.25 0.72
6.00 8.40 17.43 90.32 -135.96 0.52 0.83 -0.04 0.74 0.88 0.23 0.03
8.00 2.60 -281.78 148.61 185.62 -0.57 -0.88 0.19 0.93 0.42 0.16 0.95
5.00 0.78 497.08 456.32 188.92 0.91 0.76 -0.49 0.51 0.72 0.25 0.24
8.00 7.14 679.08 -317.19 151.45 0.85 0.11 -0.00 0.51 0.53 0.23 0.13
10.00 18.32 -346.88 -130.24 306.08 -0.31 0.26 0.60 0.51 0.13 0.88 0.85
10.00 5.29 113.08 -484.43 -47.47 -0.47 0.82 0.53 0.95 0.21 0.06 0.46
6.00 0.08 -344.34 -534.69 -454.62 -0.66 -0.16 0.86 0.28 0.29 0.66 0.58
15.00 53.32 482.21 257.34 467.59 -0.94 -0.49 -0.27 0.57 0.10 0.83 0.57
7.00 7.30 656.12 -288.73 87.87 -0.60 0.95 -0.70 0.08 0.00 0.44 0.47
17.00 80.80 -49.79 332.02 -184.89 -0.58 0.07 0.13 0.37 0.76 0.83 0.87
9.00 15.54 233.66 -13.22 -391.98 -0.86 -0.04 0.49 0.87 0.68 0.62 0.16
26.00 149.47 76.27 128.83 -466.32 -0.21 0.82 -0.43 0.79 0.84 0.71 0.86
12.00 26.17 -652.56 -244.04 -19.22 0.07 0.14 -0.79 0.45 0.85 0.47 0.38
20.00 54.13 -613.78 280.83 -415.13 -0.97 0.15 0.66 0.37 0.21 0.24 0.97
6.00 3.61 -98.24 -167.62 -63.39 0.24 -0.80 0.52 0.39 0.23 0.45 0.80
11.00 22.99 424.22 -49.69 510.23 0.15 -0.32 0.30 0.72 0.12 0.44 0.40
29.00 80.12 361.74 437.23 141.68 0.46 -0.35 -0.76 0.88 0.57 0.34 0.03
12.00 12.10 221.50 758.92 -36.05 -0.88 0.76 0.02 0.09 0.78 0.74 0.33
8.00 5.33 510.11 -100.22 -605.25 0.62 0.10 -0.15 0.36 0.54 0.13 0.04
17.00 7.39 -575.31 -92.74 148.19 -0.92 0.97 -0.27 1.00 0.38 0.70 0.89
18.00 10.47 368.27 -96.00 340.46 0.58 0.46 0.82 0.70 0.65 0.24 0.73
27.00 54.22 97.69 409.78 236.63 0.22 0.92 0.55 0.29 0.29 0.94 0.40
9.00 3.91 611.96 -185.81 -225.80 -0.45 0.72 0.57 0.12 0.97 0.12 0.65
5.00 2.34 241.20 146.37 -355.89 0.40 0.97 -0.51 0.64 0.65 0.52 0.13
5.00 5.27 229.61 -152.09 179.07 0.13 -0.37 0.23 1.00 0.89 0.02 0.83
9.00 5.38 218.21 -544.63 295.76 -0.97 0.03 0.06 0.41 0.83 0.00 0.49
10.00 13.11 -336.72 -267.06 72.61 0.84 0.82 0.34 0.22 0.37 0.30 0.61
11.00 15.30 -161.11 -143.09 63.28 -0.00 -0.57 -0.09 0.80 0.40 0.23 0.01
7.00 3.25 172.36 286.97 -552.10 0.24 -0.40 0.83 0.37 0.19 0.67 0.12
7.00 0.58 622.86 333.69 -223.52 0.77 -0.47 0.51 0.68 0.84 0.42 0.18
9.00 22.79 -418.52 -50.11 -181.85 0.13 0.59 -0.00 0.78 0.92 0.66 0.95
10.00 17.05 188.15 60.27 -300.79 0.76 -0.79 0.84 0.92 0.95 0.21 0.66
12.00 32.21 463.07 -44.14 290.34 -0.65 0.03 0.30 0.89 0.37 0.62 0.33
7.00 12.28 533.72 75.28 91.82 0.14 0.87 -0.86 0.84 0.39 0.13 0.65
25.00 107.97 -456.07 515.83 -306.12 -0.08 0.52 -0.92 0.42 0.03 0.94 0.16
6.00 1.26 -281.16 104.11 -598.65 0.10 -0.90 0.93 0.27 0.24 0.06 0.72
11.00 35.88 368.09 551.83 -334.28 -0.56 0.72 -0.41 0.19 0.98 0.28 0.53
12.00 38.09 -342.71 -462.48 -406.94 -0.50 -0.76 -0.07 0.72 0.45 0.97 0.91
7.00 12.02 -113.77 330.45 12.56 0.60 0.53 -0.76 0.75 0.28 0.32 0.98
6.00 4.86 -506.59 -75.57 52.37 0.36 -0.55 -0.72 0.76 0.20 0.60 0.08
24.00 48.37 88.44 146.66 62.82 0.66 0.89 0.57 0.84 0.30 0.42 0.48
16.00 43.76 -74.19 -119.67 606.66 0.50 -0.64 0.92 0.44 0.99 0.84 0.68
18.00 83.79 -52.18 -120.92 449.80 -0.68 -0.57 -0.12 0.39 0.53 0.50 0.98
11.00 5.15 -134.65 -263.80 621.32 -0.34 0.75 -0.05 0.89 0.28 0.60 0.59
6.00 9.34 -94.90 -627.51 -209.19 0.18 0.68 0.93 0.30 0.14 0.78 0.88
13.00 7.06 -523.39 -325.27 -159.58 -0.35 -0.96 -0.92 0.24 0.66 0.87 0.47
19.00 35.47 -277.80 35.63 198.50 0.57 -0.24 -0.22 0.53 0.42 0.82 0.41
15.00 23.69 458.00 137.18 98.83 -0.20 -0.38 -0.56 0.60 0.16 0.89 0.53
13.00 4.34 45.79 -372.33 450.76 0.83 -0.84 0.29 0.13 0.38 0.21 0.00
7.00 3.08 -424.07 -192.56 190.28 -0.53 0.12 0.51 0.16 0.74 0.73 0.74
11.00 34.86 10.08 253.00 725.82 0.71 -0.56 0.44 0.13 0.28 0.25 0.84
9.00 5.24 66.85 -348.60 31.89 -0.82 -0.97 -0.51 0.35 0.57 0.97 0.33
7.00 1.27 -610.40 -421.39 -193.53 -0.52 -0.95 0.78 0.24 0.29 0.06 0.41
12.00 6.98 -2.02 461.78 -48.17 0.73 -0.87 -0.19 0.07 0.65 0.01 0.22
8.00 12.11 -389.70 -125.72 283.71 -0.04 -0.99 0.58 0.29 0.91 0.74 0.82
6.00 3.25 393.18 334.68 -530.71 -0.02 -0.89 -0.41 0.05 0.82 0.64 0.32
28.00 172.82 125.18 699.30 -20.61 0.09 -0.46 -0.31 0.24 0.91 0.13 0.11
5.00 6.77 526.29 -571.12 -173.36 -0.50 0.36 -0.20 0.61 0.23 0.57 0.33
6.00 11.00 295.77 -379.51 -558.59 0.40 1.00 -0.81 0.85 0.95 0.69 0.30
17.00 76.17 411.86 56.94 646.97 0.89 0.95 -0.61 0.67 0.55 0.58 0.38
8.00 8.32 -14.16 328.88 728.12 0.20 0.79 0.07 0.14 0.58 0.19 0.40
10.00 3.69 323.14 -26.82 413.70 0.19 0.26 -0.56 0.55 0.44 0.06 0.84
9.00 20.41 -147.31 -207.91 -325.72 0.23 0.54 -0.52 0.08 0.55 0.81 0.15
11.00 3.46 -464.16 629.68 -159.01 0.93 0.26 -0.99 0.24 0.48 0.26 0.39
11.00 5.35 -282.86 -229.09 -15.85 -0.99 0.97 -0.04 0.41 0.06 0.29 0.63
12.00 29.76 -52.05 -363.60 650.67 -0.94 0.84 0.40 0.17 0.20 0.54 0.72
5.00 0.24 -168.47 -16.51 335.70 -0.26 0.84 -0.48 0.96 0.73 0.17 0.60
5.00 6.05 209.70 -422.00 -55.41 -0.97 0.61 -0.70 0.70 0.04 0.49 0.01
27.00 162.72 -456.90 328.80 352.54 -0.77 0.96 0.49 0.95 0.63 0.74 0.22
5.00 6.72 31.27 -47.76 -694.62 0.89 0.83 -0.23 0.25 0.76 0.03 0.44
13.00 32.27 -194.77 -318.04 152.15 0.69 -0.16 0.20 0.60 0.37 0.39 0.75
9.00 16.56 -147.83 -170.65 -285.67 0.20 -0.95 -0.34 0.92 0.67 0.07 0.09
17.00 86.05 -161.24 -391.26 -555.06 0.23 0.47 -0.95 0.00 0.63 0.88 0.96
9.00 23.86 92.17 449.97 -201.71 -0.81 0.14 -0.09 0.32 0.36 0.69 0.34
5.00 6.11 -479.61 -81.04 448.69 -0.87 -0.16 0.87 0.46 0.18 0.91 0.54
20.00 119.96 67.49 585.03 9.74 -0.46 -0.99 0.08 0.87 0.06 0.93 0.38
14.00 46.87 397.46 -271.01 -476.47 0.97 0.49 0.63 0.53 0.62 0.32 0.60
25.00 99.86 158.35 21.80 280.88 -0.18 -0.60 -0.36 0.53 0.34 0.31 0.02
8.00 2.33 88.93 -303.74 252.51 0.97 0.04 -0.12 0.13 0.03 0.05 0.71
15.00 49.91 255.02 -347.18 623.45 -0.40 -0.27 0.90 0.07 0.50 0.24 0.49
7.00 10.85 222.51 -211.04 -578.45 0.79 0.42 -0.90 0.55 0.35 0.11 0.31
18.00 38.73 197.26 528.30 -487.65 0.35 0.73 0.70 0.30 0.23 0.47 0.56
9.00 12.68 -528.11 294.44 249.28 0.08 -0.69 -0.46 0.05 0.75 0.68 0.02
19.00 6.65 257.60 189.89 649.87 -0.23 0.11 0.98 0.91 0.95 0.83 0.06
8.00 11.27 30.98 -126.26 385.29 -0.02 -0.72 0.50 0.09 0.48 0.25 0.90
14.00 58.96 -258.73 393.64 185.76 0.40 0.14 0.94 0.90 0.83 0.95 0.14
21.00 105.35 225.44 523.51 75.80 -0.80 0.92 -0.01 0.31 0.55 0.58 0.71
5.00 5.79 -163.81 1.41 -749.50 0.97 -0.93 0.01 0.76 0.12 0.71 0.70
9.00 6.47 311.50 -68.39 389.60 0.26 0.94 -0.37 0.37 0.80 0.36 0.19
5.00 4.41 -374.27 503.22 455.13 0.13 -0.63 -0.11 0.39 0.13 0.81 0.68
21.00 58.34 -3.17 -504.05 -515.34 0.14 -0.70 0.86 0.28 0.90 0.82 0.15
15.00 45.52 93.56 59.56 -662.20 -0.79 -0.31 -0.49 0.02 0.51 0.73 0.81
16.00 73.40 412.50 -419.73 -156.92 0.79 -0.68 0.31 0.42 0.53 0.66 0.49
14.00 44.96 -184.39 433.14 -552.96 0.71 0.16 -0.45 0.50 0.45 0.09 0.92
9.00 8.38 -454.07 329.20 -393.60 -0.80 0.35 0.04 0.56 0.03 0.82 0.28
9.00 5.16 452.54 293.04 342.81 0.83 -0.94 -0.58 0.79 0.25 0.42 0.08
16.00 28.13 241.58 -52.55 754.51 -0.43 -0.12 -0.03 0.61 0.26 0.49 0.02
18.00 37.43 -545.06 150.05 -528.15 0.05 -0.77 0.82 0.70 0.72 0.22 0.51
10.00 27.37 31.71 100.80 -405.46 0.49 0.58 -0.41 0.96 0.55 0.40 0.27
34.00 171.70 33.54 292.99 107.14 0.13 0.03 -0.72 0.97 0.72 0.68 0.22
9.00 0.71 -240.59 -277.45 572.69 0.18 -0.27 0.42 0.06 0.97 0.87 0.08
9.00 2.18 60.54 596.49 -361.65 0.48 -0.55 -0.86 0.67 0.46 0.88 0.88
13.00 39.71 112.45 236.02 -227.61 -0.42 -0.24 -0.88 0.08 0.40 0.59 0.30
23.00 99.48 -344.05 -128.17 -629.51 -0.21 0.19 0.49 0.32 0.26 0.88 0.51
6.00 3.34 221.08 433.83 495.96 0.43 -0.59 0.72 0.12 0.42 0.33 0.90
33.00 283.91 -244.90 -492.45 104.72 0.64 -0.12 -0.01 0.92 0.80 0.85 0.33
34.00 286.41 331.90 -310.63 348.41 0.01 -0.72 0.08 0.86 0.31 0.43 0.73
14.00 29.33 -587.49 465.99 8.68 -0.23 -0.52 -0.89 0.59 0.64 0.50 0.25
20.00 18.26 53.11 -304.37 -434.63 -0.24 -0.21 -0.22 0.23 0.25 0.89 0.34
18.00 71.66 -640.24 55.07 -127.00 -0.84 0.33 0.20 0.50 0.46 0.82 0.69
11.00 4.20 523.22 293.48 -212.91 0.72 0.39 0.28 0.83 0.09 0.78 0.42
10.00 9.86 266.32 -522.21 159.31 0.43 0.00 0.76 0.53 0.02 0.45 0.09
13.00 7.17 469.63 444.23 159.51 -0.40 -0.11 -0.59 0.39 0.03 0.75 0.74
11.00 11.22 -507.80 278.22 -99.95 -0.25 0.49 -0.75 0.45 0.37 0.35 0.57
8.00 6.11 -70.02 -696.36 -99.17 -0.80 -0.41 0.43 0.26 0.51 0.17 0.18
8.00 11.44 335.79 -107.69 -60.37 -0.99 0.85 0.79 0.20 0.31 0.67 0.40
10.00 8.53 -178.09 104.39 -0.58 -0.56 -0.70 0.23 0.88 0.23 0.53 0.19
8.00 1.66 168.55 -619.16 103.08 -0.47 -0.80 -0.73 0.16 0.57 0.13 0.22
21.00 27.43 -51.61 531.11 137.73 -0.31 0.91 0.98 0.79 0.75 0.19 0.08
14.00 50.93 294.94 -96.35 -196.47 0.38 -0.63 0.58 0.92 0.46 0.83 0.07
31.00 260.20 14.33 -79.02 -132.22 -0.15 -0.63 -0.57 0.59 0.78 0.60 0.89
15.00 1.39 176.35 158.52 -484.75 -0.64 0.17 -0.98 0.68 0.59 0.97 0.90
5.00 4.17 -161.45 -310.80 185.05 0.63 0.47 -0.36 0.94 0.33 0.14 0.52
13.00 52.06 188.10 -248.30 -574.82 0.13 0.04 0.19 0.24 0.23 0.82 0.12
18.00 66.76 73.89 -313.10 -205.15 0.37 0.75 0.42 0.74 0.07 0.02 0.44
10.00 14.21 -513.66 -164.26 -568.20 0.85 0.42 -0.62 0.56 0.87 0.97 0.20
6.00 5.95 -397.79 461.25 -260.18 0.12 0.35 -0.34 0.87 0.21 0.94 0.37
6.00 5.05 -164.74 644.23 -161.31 0.90 -0.87 0.86 0.26 0.50 0.82 0.60
8.00 2.78 87.32 -609.16 -429.59 0.40 -0.41 -0.59 0.73 0.19 0.00 0.35
12.00 25.89 -617.70 -74.03 -297.50 0.78 -0.29 -0.06 0.09 0.67 0.71 0.10
19.00 12.07 -169.35 -410.03 -44.21 0.23 0.80 -0.05 0.17 0.58 0.89 0.67
10.00 0.80 -287.24 -315.61 574.45 0.46 -0.73 0.86 0.38 0.34 0.26 0.46
7.00 1.11 -246.47 -656.44 291.58 0.97 0.73 0.60 0.61 0.67 0.05 0.50
7.00 12.39 147.27 -450.49 625.23 0.87 -0.96 -0.16 0.65 0.95 0.29 0.27
9.00 8.47 -20.72 26.71 755.83 0.02 -0.17 0.73 0.06 0.98 0.04 0.92
35.00 230.57 327.57 599.15 344.69 -0.73 0.75 0.95 0.64 0.20 0.50 0.58
6.00 1.97 462.59 -203.99 309.81 -0.54 -0.60 0.38 0.15 0.50 0.75 0.48
8.00 8.21 21.12 51.12 596.01 0.83 -0.41 -0.71 0.42 0.82 0.10 0.76
20.00 76.94 -620.52 352.14 -163.58 -0.10 0.82 -0.95 0.47 0.07 0.45 0.24
6.00 5.38 670.33 -291.14 183.51 -0.17 0.03 -0.68 0.41 0.31 0.08 0.03
18.00 82.23 209.35 597.46 371.27 0.24 -0.58 0.50 0.68 0.40 0.10 0.21
11.00 8.94 -464.55 171.14 21.23 -0.97 -0.84 0.66 0.16 0.01 0.41 0.63
10.00 13.82 433.40 -308.66 -82.93 -0.69 -0.14 -0.96 0.72 0.75 0.48 0.99
11.00 8.81 -215.61 239.86 -493.87 -0.40 0.20 -0.70 0.02 0.85 0.38 0.52
23.00 59.45 -110.25 549.53 252.37 -0.57 -0.55 0.72 0.01 0.71 0.19 0.85
11.00 29.75 440.34 -12.32 -299.40 -0.47 -0.52 0.32 0.13 0.57 0.23 0.95
6.00 5.04 657.60 -234.46 -298.89 -0.82 -0.51 -0.51 0.03 0.75 0.41 0.78
12.00 31.89 284.58 435.30 -532.03 0.79 0.14 -0.62 0.46 0.37 0.91 0.79
14.00 40.35 326.61 223.05 349.33 0.60 0.29 -0.74 0.03 0.22 0.78 0.83
6.00 10.71 579.52 -473.93 82.84 -0.84 0.31 0.97 0.79 0.77 0.68 0.60
5.00 2.37 141.24 457.87 -236.16 0.65 -0.69 0.31 0.31 0.74 0.33 0.79
23.00 98.40 -165.63 -103.89 85.59 0.33 -0.13 -1.00 0.98 0.24 0.88 0.71
7.00 9.63 208.65 -180.75 445.65 0.80 -0.78 0.29 0.21 0.21 0.50 0.99
7.00 1.30 -2.97 769.86 137.73 0.11 -0.20 -0.79 0.01 0.66 0.65 0.67
15.00 12.81 105.81 98.73 -755.12 -0.58 -0.70 0.83 0.30 0.59 0.99 0.66
17.00 79.61 509.09 515.50 296.19 -0.16 0.62 -0.26 0.67 0.78 0.33 0.24
17.00 63.85 503.09 -126.48 -216.74 0.97 0.95 0.06 0.10 0.43 0.18 0.82
28.00 223.72 190.26 408.57 -131.53 0.24 0.67 -0.49 0.67 0.99 0.82 0.60
12.00 34.66 -426.26 -301.08 -34.24 -0.17 0.85 0.40 0.34 0.65 0.22 0.37
5.00 2.84 -320.33 -346.61 -628.67 0.87 -0.73 0.89 0.23 0.42 0.59 0.40
9.00 20.95 503.38 202.91 -302.68 0.32 -0.42 0.29 0.44 0.86 0.25 0.47
10.00 1.13 315.78 -260.88 -685.68 0.41 -0.55 -0.29 0.65 0.88 0.36 0.96
5.00 0.10 -100.75 455.01 542.27 -0.87 -0.45 0.09 0.70 0.55 0.80 0.21
18.00 33.14 382.83 -82.76 30.08 -0.80 -0.73 0.12 0.59 0.60 0.99 0.56
19.00 0.65 224.86 279.43 -95.07 0.08 0.45 0.06 0.18 0.13 0.62 0.91
15.00 2.17 -251.66 -382.91 517.60 -0.15 0.62 0.85 0.51 0.63 0.78 0.38
15.00 46.05 -562.14 -62.66 123.64 -0.78 -0.24 -0.61 0.93 0.88 0.23 0.79
13.00 49.91 126.61 95.85 321.16 -0.33 -0.30 -0.82 0.64 0.26 0.23 0.97
7.00 0.39 366.92 -680.71 141.94 0.30 0.92 -0.97 0.60 0.58 0.22 0.99
12.00 36.77 -137.71 390.48 -217.94 -0.75 -0.44 0.99 0.27 0.47 0.69 0.29
15.00 65.21 -432.00 -26.89 -285.22 0.66 0.27 -0.51 0.39 0.19 0.74 0.12
15.00 11.17 116.51 13.64 -446.76 0.87 -0.15 -0.20 0.99 0.03 0.54 0.64
8.00 0.21 404.44 -578.25 88.09 0.62 0.70 0.53 0.19 0.80 0.46 0.21
6.00 10.29 3.65 -233.92 -573.25 0.59 0.47 -0.77 0.90 0.20 0.59 0.78
12.00 35.30 -510.74 151.74 -355.22 0.14 -0.41 0.58 0.45 0.23 0.38 0.77
11.00 28.82 514.00 207.83 -18.58 -0.28 0.12 0.91 0.35 0.93 0.64 0.90
8.00 7.79 186.47 -577.15 -461.90 0.95 -0.43 0.44 0.40 0.83 0.84 0.01
19.00 110.31 -390.68 -523.52 -442.53 0.36 0.50 0.50 0.32 0.17 0.25 0.61
5.00 3.83 190.00 -141.22 -313.09 -0.23 -0.90 0.72 0.62 0.68 0.04 0.54
9.00 7.36 -602.91 423.05 131.26 0.54 0.11 -0.44 0.90 0.23 0.48 0.41
14.00 13.70 -77.61 -406.60 -211.99 0.90 0.47 0.15 0.47 0.39 0.65 0.14
29.00 248.76 717.70 -212.11 39.12 0.19 0.93 -0.62 0.61 0.91 0.43 0.63
11.00 29.68 59.36 122.12 778.19 0.35 0.69 0.66 0.24 0.75 0.59 0.04
20.00 110.21 636.30 119.87 301.73 -0.25 -0.33 -0.54 0.44 0.85 0.42 0.67
5.00 4.11 236.37 -518.38 -81.96 0.36 0.81 -0.32 0.25 0.05 0.41 0.80
8.00 19.02 -112.26 -684.37 -231.14 0.35 0.89 -0.99 0.37 0.71 0.03 0.27
25.00 144.64 135.99 -395.07 -12.03 -0.49 -0.12 0.39 0.91 0.18 0.07 0.91
10.00 20.86 766.27 -209.36 -16.36 0.19 0.09 0.97 0.43 0.57 0.52 0.29
8.00 10.93 419.25 122.78 112.93 -0.43 0.14 -0.69 0.19 0.92 0.42 0.14
9.00 17.53 103.13 245.83 519.18 0.91 0.82 -0.52 0.52 0.26 0.82 0.90
26.00 58.03 -726.58 195.77 -155.56 -0.06 0.80 0.55 0.41 0.18 0.12 0.38
27.00 162.12 69.65 -130.64 -778.39 -0.13 0.68 0.99 0.69 0.32 0.40 0.80
13.00 27.12 -480.92 -497.79 119.58 0.29 -0.34 0.57 0.37 0.81 0.21 0.12
7.00 0.85 -137.33 -489.66 213.53 0.88 -0.44 0.96 0.25 0.94 0.91 0.21
6.00 10.46 287.69 499.23 386.89 -0.28 0.18 -0.50 0.01 0.94 0.00 0.22
7.00 14.78 159.21 -294.80 -484.72 0.00 -0.23 -0.57 0.08 0.59 0.01 0.30
11.00 25.37 -565.63 36.93 -95.75 -0.95 -0.10 -0.24 0.27 0.63 0.89 0.98
10.00 21.46 566.78 -245.17 -448.86 -0.58 -0.02 0.24 0.51 0.90 0.75 0.86
12.00 29.12 -14.88 213.26 605.47 -0.56 -0.72 -0.67 0.26 0.23 0.82 0.89
9.00 7.02 430.86 540.56 -303.92 -0.85 0.25 0.83 0.78 0.54 0.22 0.93
7.00 4.43 -291.79 367.81 -378.24 0.32 0.03 0.81 0.42 0.66 0.64 0.19
17.00 45.17 36.00 -573.23 -382.04 -0.15 -0.01 0.36 0.54 0.44 0.60 0.99
27.00 132.59 368.58 -101.18 245.99 0.76 0.30 -0.30 0.20 0.32 0.60 0.10
21.00 41.04 -203.71 526.58 -208.35 -0.91 0.85 -0.89 0.76 0.34 0.58 0.03
18.00 65.61 -134.42 566.11 212.07 0.53 0.51 0.85 0.57 0.79 0.14 0.42
9.00 5.02 -280.56 231.17 216.32 0.50 0.86 -0.32 0.30 0.87 0.89 0.00
7.00 8.50 -252.75 -61.03 551.74 0.92 -0.61 0.61 0.58 0.22 0.39 0.47
21.00 41.24 -61.30 -473.69 69.47 -0.25 -0.98 0.96 0.19 0.83 0.28 0.39
6.00 4.39 155.47 149.63 636.32 -0.29 0.70 0.31 0.71 0.09 0.78 0.16
23.00 148.41 -343.42 172.56 490.47 0.52 0.40 0.54 0.79 0.60 0.10 0.30
10.00 10.53 -576.52 -393.43 -38.07 0.39 0.57 -0.07 0.09 0.86 0.85 0.74
10.00 27.81 -188.41 -101.18 -315.81 -0.10 0.17 0.03 0.39 0.23 0.59 0.15
10.00 23.66 -106.48 -642.59 199.18 -0.10 0.66 -0.75 0.86 0.48 0.79 0.62
12.00 31.85 -91.21 325.69 -699.27 -0.67 0.28 -0.51 0.40 0.42 0.78 0.64
16.00 51.69 569.01 320.21 -10.87 -0.27 -0.76 0.61 0.20 0.08 0.61 0.67
9.00 15.67 698.64 23.17 342.24 0.86 0.57 -0.96 0.29 0.85 0.21 0.18
12.00 27.35 185.07 627.00 -61.77 -0.97 -0.99 0.40 0.29 0.95 0.92 0.60
9.00 0.62 -426.82 442.16 263.40 -0.94 0.35 -0.70 0.74 0.59 0.12 0.75
11.00 5.59 -102.36 -222.23 553.70 -0.54 -0.28 0.71 1.00 0.90 0.41 0.95
9.00 6.32 -238.82 403.01 -559.67 -0.47 0.35 -0.33 0.11 0.38 0.78 0.42
7.00 1.70 -545.57 -335.87 363.63 0.88 0.52 0.97 0.90 0.40 0.98 0.84
35.00 304.77 -518.28 -485.97 -313.43 -0.83 0.31 -0.35 0.12 0.09 0.33 0.13
17.00 82.73 279.19 389.64 354.90 0.95 -0.12 0.77 0.04 0.33 0.49 0.66
7.00 8.29 240.37 326.52 459.39 0.26 -0.28 -0.81 0.16 0.50 0.87 0.67
6.00 0.71 498.62 406.52 -427.84 -0.27 0.90 -0.90 0.21 0.25 0.59 0.86
12.00 11.89 -72.88 -169.49 86.24 0.92 -0.77 -0.74 0.16 0.65 0.08 0.77
11.00 11.74 -417.64 -129.70 -537.74 -0.14 0.94 -0.86 0.67 0.44 0.03 0.45
7.00 5.23 112.95 -330.67 -237.27 0.89 0.10 0.84 0.08 0.32 0.84 0.72
15.00 39.75 40.76 13.87 223.56 -0.65 0.27 -0.97 0.81 0.14 0.41 0.31
22.00 27.85 -415.67 -523.41 -155.18 0.66 -0.76 -0.70 0.59 0.85 0.73 0.40
9.00 6.81 -652.30 91.43 74.41 0.56 0.33 -0.95 0.25 0.62 0.41 0.83
7.00 8.04 -382.55 553.97 396.19 0.11 -0.27 0.67 0.76 0.20 0.49 0.37
12.00 9.84 -428.92 -563.08 75.62 0.88 0.40 -0.41 0.75 0.87 0.50 0.49
8.00 13.14 197.40 460.06 -147.74 -0.87 0.59 -0.39 0.70 0.99 0.65 0.92
27.00 167.76 26.00 137.03 622.16 0.42 -0.29 0.55 0.87 0.98 0.00 0.20
6.00 7.32 -369.29 75.82 652.75 0.81 -0.75 0.87 0.30 0.39 0.06 0.09
9.00 11.22 -314.55 208.01 506.81 0.45 -0.61 -0.65 0.72 0.99 0.21 0.04
16.00 41.28 -243.90 94.38 700.79 0.26 0.76 -0.51 0.69 0.24 0.91 0.01
8.00 17.69 -236.88 53.23 -304.93 -0.86 0.95 -0.71 0.94 0.22 0.26 0.85
5.00 6.95 -40.24 145.62 -475.21 -0.35 0.36 -0.86 0.84 0.43 0.14 0.07
9.00 11.84 459.15 259.85 493.94 0.71 -0.01 0.76 0.59 0.13 0.44 0.88
11.00 15.21 -2.42 -270.49 -685.91 0.67 -0.71 -0.22 0.48 0.51 0.78 0.91
5.00 3.31 135.81 -230.74 -374.96 0.75 -0.94 -0.62 0.46 0.19 0.10 0.84
13.00 38.38 -251.67 -14.32 -693.50 0.92 -0.40 0.56 0.66 0.89 0.05 0.94
7.00 14.70 -681.05 362.10 -141.30 0.91 -0.58 0.97 0.30 0.46 0.67 0.63
19.00 77.76 -126.58 593.68 452.81 0.73 -0.23 -0.77 0.54 0.25 0.85 0.26
8.00 4.16 -409.52 -487.71 -368.32 -0.09 -0.33 -0.12 0.86 0.03 0.43 0.14
8.00 0.77 309.20 354.39 446.47 -0.67 0.07 -0.95 0.77 0.80 0.53 0.88
18.00 94.90 -566.59 331.71 450.32 -0.32 -0.81 0.65 0.42 0.23 0.26 0.24
16.00 52.50 -324.08 -153.90 62.83 -0.74 0.82 0.05 0.15 0.15 0.70 0.23
6.00 1.23 14.78 386.12 118.76 -0.45 0.48 0.52 0.23 0.75 0.51 0.80
8.00 15.82 110.48 -83.68 382.98 0.76 -0.81 -0.09 0.31 0.46 0.53 0.02
16.00 44.60 463.93 -405.26 -105.92 0.57 0.73 -0.66 0.85 0.65 0.37 0.23
8.00 6.15 -580.80 474.23 -61.57 0.96 0.76 -0.05 0.95 0.36 0.17 0.37
21.00 68.97 346.03 298.92 374.01 -0.69 0.25 0.25 0.14 0.90 0.31 0.41
33.00 23.85 -574.86 475.10 -115.22 0.84 0.21 0.71 0.47 0.41 0.46 0.60
8.00 13.57 -429.64 -60.96 87.47 -0.25 -0.94 0.82 0.57 0.29 0.39 0.28
8.00 18.89 457.19 -332.40 318.86 -0.81 -0.09 0.07 0.74 0.40 0.95 0.50
5.00 0.72 -234.95 561.12 437.84 -0.31 0.32 0.41 0.42 0.26 0.89 0.37
9.00 1.13 692.70 -28.15 81.57 0.25 0.66 -0.53 0.45 0.68 0.19 0.69
7.00 3.30 340.92 140.59 0.29 -0.15 0.40 -0.49 0.16 0.36 0.64 0.64
9.00 20.64 -158.35 385.31 -480.09 0.68 0.71 0.61 0.53 0.52 0.38 0.71
11.00 2.97 226.85 130.86 -459.39 0.11 0.69 -0.42 0.52 0.79 0.65 0.06
7.00 2.26 -388.97 548.18 192.16 -0.99 0.39 -0.01 0.22 0.38 0.59 0.71
5.00 0.51 -385.48 -53.94 354.16 -0.61 0.27 -0.35 0.43 0.96 0.57 0.75
16.00 14.38 255.13 -328.92 -412.94 0.64 0.94 -0.03 0.12 0.04 0.21 0.13
16.00 72.49 558.52 53.32 243.41 0.85 0.79 -0.86 0.36 0.94 0.03 0.72
9.00 18.45 473.55 -306.99 -552.88 0.01 -0.90 -0.20 0.02 0.82 0.65 0.14
9.00 18.47 -562.43 -96.86 -335.28 0.92 -0.14 0.59 0.83 0.72 0.42 0.43
16.00 11.64 451.10 460.53 203.74 -0.23 0.84 0.12 0.70 0.84 0.64 0.88
15.00 46.50 282.67 35.04 510.74 0.73 -0.85 -0.65 0.76 0.17 0.26 0.48
12.00 43.09 76.92 -148.60 -736.11 -0.91 0.42 0.00 0.95 0.18 0.59 0.24
8.00 7.21 -475.96 -25.89 461.73 -0.91 0.14 0.68 0.81 0.49 0.41 0.65
14.00 56.52 -437.17 -150.70 -408.12 0.95 -0.12 -0.84 0.63 0.40 0.61 0.95
6.00 10.91 399.03 -456.57 230.12 0.11 0.61 0.25 0.68 0.65 0.53 0.92
7.00 8.06 110.96 156.52 316.09 0.37 0.93 0.12 0.64 0.28 0.50 0.87
5.00 3.74 -378.18 -127.26 167.84 0.67 0.82 -0.22 0.71 0.26 0.37 0.19
11.00 36.47 -22.29 -471.93 291.02 0.23 0.60 0.11 0.28 0.00 0.01 0.27
14.00 42.67 -135.23 362.01 79.06 0.29 0.74 0.69 0.43 0.05 0.97 0.76
9.00 3.08 -647.92 298.35 6.78 -0.59 0.32 -0.69 0.04 0.14 0.43 0.40
6.00 3.51 -364.44 -355.82 96.82 0.69 -0.11 0.03 0.22 0.08 0.85 0.63
18.00 91.38 -249.36 173.54 -313.04 0.79 -0.36 -0.77 0.05 0.09 0.62 0.18
5.00 4.35 58.07 -375.06 492.00 -0.58 0.02 0.93 0.55 0.08 0.14 0.44
12.00 28.95 -154.75 24.95 -680.35 -0.08 0.45 0.83 0.31 0.64 0.14 0.23
9.00 24.59 606.97 -127.82 -419.72 -0.07 0.47 -0.08 0.25 0.81 0.66 0.17
8.00 1.14 7.39 707.26 -186.01 -0.44 -0.63 -0.40 0.74 0.99 0.61 0.89
10.00 3.93 484.51 419.77 -71.58 0.62 -0.05 -0.98 0.38 0.86 0.86 0.70
7.00 0.50 301.81 128.14 -102.41 0.05 0.12 -0.58 0.69 0.03 0.45 0.11
23.00 118.51 111.72 663.53 161.05 -0.89 0.49 0.41 0.09 0.22 0.96 0.21
6.00 8.37 273.45 -9.34 -82.99 -0.35 0.16 -0.18 0.90 0.20 0.31 0.75
34.00 288.82 377.81 212.43 -534.62 -0.98 0.09 -0.69 0.87 0.25 0.26 0.16
20.00 76.22 -359.15 631.13 -66.76 -0.24 -0.58 -0.48 0.31 0.54 0.03 0.40
18.00 89.64 58.95 542.79 566.51 0.57 -0.07 -0.20 0.44 0.37 0.91 0.84
10.00 14.52 108.31 -107.97 254.51 -0.86 0.51 -0.81 0.53 0.73 0.06 0.04
11.00 31.32 -346.45 -578.02 230.63 -0.07 0.67 0.22 0.49 0.65 0.14 0.45
12.00 41.30 700.89 -79.92 259.37 0.56 0.26 -0.71 0.82 0.65 0.93 0.05
32.00 123.37 -109.82 -502.34 504.19 0.38 0.78 -0.66 0.38 0.12 0.33 0.71
6.00 4.82 405.87 193.60 303.45 0.80 -0.62 0.52 0.59 0.54 0.27 0.46
9.00 11.06 353.51 494.38 353.15 0.47 -0.98 -0.06 0.33 0.97 0.33 0.75
6.00 7.56 -43.06 -90.23 -431.19 0.40 -0.50 -0.60 0.92 0.56 0.58 0.22
17.00 84.30 -181.86 159.11 1.02 -0.43 -0.34 -0.08 0.87 0.27 0.48 0.09
16.00 61.33 -345.33 -257.10 -525.97 0.37 0.64 0.66 0.90 0.31 0.78 0.60
18.00 94.23 255.53 -608.46 68.55 -0.94 -0.26 -0.78 0.86 0.67 0.58 0.91
7.00 11.57 -317.16 -425.39 -266.67 0.91 -0.73 -0.45 0.12 0.93 0.57 0.14
15.00 4.76 -336.39 427.41 -144.68 -0.36 0.92 0.48 0.19 0.77 0.32 0.08
9.00 1.89 253.75 277.27 -701.44 0.94 0.67 0.72 0.19 0.06 0.82 0.82
14.00 55.30 -215.70 475.74 -407.58 0.57 -0.30 -1.00 0.95 0.24 0.01 0.41
12.00 39.58 322.26 -7.87 -425.19 -0.43 -0.25 -0.75 0.49 0.87 0.53 0.28
17.00 76.62 216.30 141.56 -747.34 -0.73 -0.91 -0.44 0.72 0.36 0.43 0.12
9.00 8.28 1.34 163.41 -647.69 0.63 -0.24 0.08 0.65 0.99 0.05 0.32
7.00 5.04 -30.69 388.14 -44.39 0.97 -0.56 0.86 0.46 0.62 0.79 0.24
6.00 1.12 345.97 463.87 -49.80 0.81 -0.39 -0.67 0.15 0.91 0.55 0.69
7.00 3.45 305.22 182.01 407.07 0.97 0.76 0.73 0.88 0.46 0.77 0.78
16.00 12.96 385.03 329.48 -216.88 0.29 -0.72 0.88 0.89 0.46 0.97 0.38
6.00 5.13 197.17 -453.58 -564.10 -0.53 -0.76 -0.60 0.14 0.24 0.77 0.11
11.00 23.01 605.34 -457.46 -250.38 0.52 0.11 -0.69 0.95 0.55 0.94 0.15
36.00 115.73 -456.78 -140.32 -568.92 0.83 0.36 0.27 0.69 0.68 0.57 0.01
14.00 33.34 -177.18 -529.13 -473.92 0.44 0.76 0.94 0.02 0.22 0.77 0.73
19.00 60.80 241.03 -576.44 459.75 0.10 -0.13 -0.43 1.00 0.22 0.64 0.53
13.00 33.71 415.03 634.55 -52.54 0.70 0.59 -0.43 0.66 0.09 0.31 0.13
9.00 5.37 604.51 176.57 479.97 0.72 0.95 0.12 0.62 0.89 0.83 0.23
8.00 17.77 402.59 -182.86 -574.43 -0.47 0.32 0.23 0.90 0.09 0.94 0.45
7.00 1.93 9.26 -177.60 34.74 0.28 0.73 0.86 0.99 0.97 0.05 0.20
7.00 5.47 115.45 267.75 -95.73 -0.54 -0.30 0.46 0.26 0.40 0.33 0.34
7.00 10.34 -502.94 553.02 -11.71 0.67 -0.56 0.21 0.18 0.50 0.25 0.29
11.00 24.82 80.60 624.73 209.55 0.94 0.88 0.83 0.42 0.57 0.69 0.31
10.00 29.51 -405.88 32.35 534.34 0.35 0.37 -0.77 0.19 0.89 0.34 0.40
16.00 60.45 285.68 -362.95 -288.82 0.45 -0.10 0.63 0.07 0.02 0.57 0.70
11.00 31.37 -262.09 -216.57 150.45 -0.31 0.19 0.07 0.87 0.84 0.63 0.06
6.00 4.71 675.99 196.70 -345.92 -0.61 0.43 -0.76 0.36 0.16 0.30 0.15
5.00 4.46 42.50 -537.27 -322.67 -0.11 0.84 -0.10 0.74 0.14 0.30 0.21
7.00 5.03 -503.50 -110.00 116.90 0.94 -0.66 -0.32 0.01 0.87 0.16 0.95
7.00 12.78 406.28 660.92 -167.08 -0.61 -0.58 -0.25 0.08 0.39 0.45 0.21
20.00 118.82 152.24 -202.91 -472.82 0.10 -0.37 -0.64 0.44 0.90 0.90 0.70
15.00 11.51 577.09 98.89 -351.14 0.85 -0.09 0.76 0.08 0.55 0.77 0.57
13.00 34.66 -261.82 -506.34 -0.35 0.26 -0.10 -0.19 0.84 0.28 0.60 0.19
8.00 7.52 191.44 -663.71 -140.55 0.02 -0.92 0.95 0.88 0.36 0.90 0.49
5.00 2.58 378.56 330.40 -303.21 0.60 0.93 -0.93 0.10 0.77 0.68 0.09
11.00 4.07 -28.64 378.43 16.83 0.59 -0.96 0.52 0.30 0.80 0.30 0.24
16.00 12.32 257.05 11.60 325.14 -0.44 -0.51 -0.07 0.91 0.30 0.92 0.37
6.00 2.66 104.77 -769.68 154.54 -0.76 0.25 0.53 0.66 0.90 0.45 0.12
17.00 35.59 317.54 -636.25 -83.13 -0.19 -0.57 0.31 0.26 0.02 0.05 0.93
5.00 6.79 57.83 -622.84 -383.71 0.08 -0.36 -0.13 0.09 0.84 0.60 0.37
13.00 42.99 -168.65 -359.88 342.35 0.89 -0.25 -0.84 0.17 0.21 0.97 0.17
13.00 17.25 -690.33 36.21 358.86 -0.26 -0.74 0.66 0.22 0.56 0.48 0.42
12.00 17.15 289.97 -100.39 16.70 0.86 -0.47 0.98 0.88 0.79 0.90 0.79
11.00 28.25 -375.44 -278.08 -165.63 0.93 -0.18 0.54 0.63 0.73 0.30 0.35
7.00 13.53 -153.32 -716.12 -269.05 -0.05 -0.16 0.96 0.38 0.02 0.94 0.10
5.00 0.59 -171.64 -99.34 131.94 0.83 0.86 -0.87 0.55 0.26 0.53 0.76
9.00 12.37 -189.07 465.74 95.83 0.31 0.72 0.12 0.35 0.77 0.18 0.46
12.00 41.45 112.14 -460.09 -169.42 -0.49 0.45 -0.03 0.64 0.68 0.90 0.55
20.00 99.70 117.94 -277.33 -74.31 -0.55 0.51 0.62 0.92 0.26 0.03 0.00
18.00 41.08 147.05 376.52 344.95 -0.79 0.42 0.76 0.62 0.40 0.66 0.66
5.00 6.50 -50.08 -93.01 -565.33 0.26 -0.70 -0.06 0.23 0.99 0.29 0.07
7.00 4.87 399.37 -619.26 141.55 0.31 -0.65 0.49 0.95 0.83 0.65 0.69
7.00 11.77 493.30 119.41 239.59 0.52 0.28 0.25 0.36 0.65 0.96 0.94
7.00 8.83 499.16 124.95 212.99 -0.79 -0.23 0.03 0.69 1.00 0.55 0.75
21.00 15.89 625.01 -57.92 295.31 -0.67 0.24 0.12 0.89 0.02 0.23 0.71
7.00 3.49 428.33 506.01 -24.94 0.71 0.02 0.21 0.73 0.39 0.97 0.38
19.00 54.53 3.19 133.93 736.53 0.91 -0.23 -0.21 0.61 0.43 0.25 0.13
7.00 10.33 -224.83 235.63 -703.81 -0.37 -0.81 -0.42 0.42 0.11 0.74 0.17
9.00 22.03 141.47 -282.65 -108.10 0.79 -0.40 0.73 0.74 0.98 0.18 0.61
17.00 3.84 582.45 -461.24 228.53 0.23 0.52 -0.57 0.23 0.28 0.65 0.80
6.00 0.09 -622.40 -235.02 122.80 -0.74 0.22 0.88 0.86 0.99 0.65 0.82
9.00 16.12 228.54 -356.22 131.83 0.87 -0.62 -0.91 0.92 0.78 0.02 0.64
8.00 0.45 32.29 -633.67 -348.39 -0.41 -0.12 0.52 0.32 0.29 0.23 0.41
13.00 39.18 -104.03 97.33 -690.40 0.62 0.16 -0.30 0.79 0.27 0.57 0.79
13.00 19.64 -357.96 277.14 -133.00 -0.37 0.50 -0.19 0.06 0.06 0.96 0.61
7.00 11.69 -16.46 -121.44 406.27 -0.25 -0.67 -0.54 0.36 0.42 0.21 0.95
8.00 1.45 563.37 -13.99 88.30 -0.45 -0.46 -0.11 0.08 0.36 0.89 0.24
7.00 3.35 430.93 -67.68 526.36 0.00 -0.88 -0.09 0.35 0.50 0.39 0.43
5.00 6.82 -477.40 -187.93 605.91 0.39 -0.01 0.66 0.32 0.67 0.68 0.03
16.00 57.92 -780.46 145.92 -72.21 0.45 0.44 -0.63 0.26 0.22 0.66 0.38
7.00 8.74 85.42 -103.53 461.82 0.88 0.93 -0.34 0.92 0.16 0.95 0.45
5.00 5.87 62.64 -605.96 512.57 0.84 -0.94 -0.75 0.04 0.88 0.81 0.25
18.00 48.46 -329.40 614.25 -333.49 -0.22 0.69 -0.17 0.59 0.79 0.32 0.46
8.00 7.00 612.14 220.36 -156.53 0.77 0.93 0.81 0.73 0.20 0.61 0.78
15.00 1.62 752.52 -45.31 -139.73 0.73 -0.23 -0.28 0.04 0.24 0.04 0.12
10.00 11.57 394.93 459.37 376.57 -0.61 0.39 0.88 0.18 0.28 0.04 0.20
14.00 50.67 -492.56 589.93 29.19 -0.92 -0.86 0.33 0.65 0.77 0.54 0.06
15.00 51.32 12.22 316.24 -374.04 -0.85 0.35 -0.66 0.30 0.83 0.78 0.43
6.00 10.58 -572.13 340.79 -32.40 0.49 -0.56 -0.03 0.22 0.67 0.53 0.53
30.00 126.62 -590.20 301.26 -228.55 0.12 -0.41 -0.47 0.15 0.91 0.42 0.53
5.00 6.35 528.29 205.89 380.66 -0.10 -0.07 0.16 0.61 0.10 0.02 0.20
5.00 1.82 -283.56 199.60 -455.31 -0.64 0.14 -0.91 0.65 0.05 0.23 0.13
8.00 17.08 86.17 -139.89 428.67 -0.30 0.10 0.85 0.71 0.99 0.79 0.04
11.00 11.30 65.10 -570.54 272.73 0.40 -0.08 -0.28 0.68 0.05 0.35 0.28
5.00 2.06 -338.23 6.46 202.47 0.41 -0.65 0.53 0.78 0.08 0.57 0.39
14.00 50.83 209.36 -113.47 -27.63 -0.18 -0.14 0.54 0.52 0.53 0.26 0.80
11.00 36.75 64.73 -65.61 -411.07 0.71 0.85 -0.74 0.97 0.84 0.78 0.61
27.00 88.73 359.61 -38.06 -507.47 0.79 -0.27 -0.93 0.74 0.56 0.82 0.77
26.00 89.31 633.04 -121.52 241.23 0.19 0.18 -0.22 0.65 0.86 0.75 0.22
16.00 59.60 -433.50 383.61 -403.53 0.75 -0.67 0.34 0.41 0.21 0.68 0.86
8.00 11.14 414.60 -418.87 528.02 -0.11 0.09 -0.38 0.55 0.48 0.27 0.70
5.00 2.54 206.89 -666.91 -100.45 0.32 -0.31 -0.86 0.88 0.07 0.00 0.75
6.00 5.33 197.87 -285.52 -59.12 -0.85 0.61 -0.51 0.43 0.37 0.97 0.42
12.00 7.13 -153.87 -149.64 -634.61 0.54 -0.09 -0.78 0.85 0.07 0.84 0.65
9.00 24.72 -236.58 -150.97 -479.19 0.65 -0.91 -0.07 0.06 0.43 0.01 0.80
5.00 6.47 111.18 370.94 326.93 -0.52 0.39 0.86 0.22 0.36 0.41 1.00
6.00 7.52 663.50 -328.59 104.20 0.64 -0.78 -0.13 0.59 0.30 0.11 0.94
10.00 17.01 61.57 481.00 -633.83 0.08 0.64 0.77 0.74 0.88 0.74 0.95
6.00 10.74 -36.83 333.37 -83.25 -0.42 -0.63 -0.66 0.94 0.25 0.63 0.02
9.00 12.40 458.36 -629.68 3.40 -0.22 -0.65 -0.46 0.67 0.08 0.01 0.83
15.00 35.40 -415.50 418.37 -191.96 -0.60 0.18 0.12 0.61 0.10 0.83 0.73
16.00 52.30 274.64 639.53 -119.32 -0.61 0.90 0.97 0.33 0.75 0.03 0.78
10.00 3.54 423.80 -565.34 299.32 -0.73 0.68 0.12 0.10 0.31 0.10 0.02
28.00 34.58 -30.88 254.51 275.20 0.34 -0.39 -0.88 0.41 0.39 0.11 0.29
17.00 55.53 453.87 -515.49 78.54 -0.49 0.79 0.97 0.40 0.39 0.29 0.60
6.00 8.25 475.10 18.95 150.76 -0.63 0.35 0.38 0.13 0.23 0.29 0.66
7.00 5.11 383.66 -653.42 -77.62 0.93 -0.50 -0.31 0.70 0.10 0.37 0.72
27.00 17.75 363.82 -237.67 116.72 -0.50 -0.70 -0.14 0.68 0.73 0.83 0.52
15.00 44.10 -433.34 253.42 420.12 -0.49 0.36 0.56 0.33 0.01 0.57 0.34
6.00 2.39 3.31 574.66 397.15 0.16 0.45 -0.91 0.41 0.15 0.07 0.60
22.00 21.42 -633.56 107.78 371.92 0.29 0.49 0.17 0.30 0.01 0.56 0.46
5.00 1.32 212.85 374.55 -190.30 -0.22 -0.13 0.11 0.67 0.82 0.70 0.19
5.00 4.18 -522.05 -306.78 -402.71 -0.21 -0.70 0.93 0.99 0.53 0.66 0.88
15.00 44.37 -636.56 -66.97 -3.16 0.29 -0.61 -0.08 0.12 0.79 0.36 0.29
20.00 3.05 -88.46 429.39 -429.09 -0.02 0.72 0.80 0.37 0.28 0.91 0.87
11.00 8.34 243.85 607.15 393.06 0.87 0.48 -0.74 0.96 0.58 1.00 0.61
14.00 49.58 -245.54 463.03 282.74 0.07 0.56 -0.55 0.15 0.35 0.60 0.33
9.00 17.77 -56.06 470.89 -558.82 0.74 0.26 0.11 0.81 0.76 0.74 0.48
9.00 17.84 -513.17 143.37 -251.03 -0.73 -0.68 -0.62 0.82 0.13 0.87 0.67
5.00 2.26 554.36 18.75 -247.30 -0.58 0.14 -0.44 0.00 0.47 0.70 0.69
5.00 3.60 -291.30 292.50 -371.90 0.62 -0.53 0.60 0.66 0.67 0.30 0.87
15.00 27.67 350.59 -82.98 -55.32 0.33 -0.50 0.22 0.52 0.92 0.43 0.60
15.00 15.03 -775.88 -96.79 99.16 -0.83 -0.72 -0.73 0.19 0.04 0.80 0.39
7.00 0.65 506.01 479.52 -160.03 -0.80 0.58 -0.29 1.00 0.97 0.71 0.99
5.00 7.10 -292.33 -386.27 537.43 -0.58 -0.16 -0.06 0.97 0.31 0.28 0.65
13.00 0.73 714.02 -60.51 -209.99 1.00 -0.87 0.80 0.44 0.51 0.64 0.26
11.00 12.91 42.71 -501.37 13.00 0.58 0.15 0.21 0.62 0.58 0.05 0.72
18.00 71.63 -510.78 398.60 323.64 -0.50 0.23 -0.58 0.09 0.36 0.93 0.10
5.00 4.94 346.49 402.45 -303.40 -0.07 -0.07 0.27 0.57 1.00 0.70 0.81
9.00 24.39 -289.39 -119.61 -397.18 -0.83 0.21 1.00 0.16 0.79 0.56 0.17
8.00 15.01 -314.98 531.00 470.61 -0.84 0.46 0.65 0.35 0.16 0.51 0.25
23.00 124.22 -400.77 52.40 -327.51 -0.03 0.23 -0.42 0.38 0.07 0.42 0.02
14.00 43.46 558.17 214.05 121.81 0.11 -0.65 0.22 0.68 0.48 0.62 0.94
25.00 42.93 -201.40 -718.48 239.66 0.85 0.06 -0.26 0.31 0.38 0.10 0.15
10.00 9.38 -419.44 328.66 170.97 -0.65 0.77 0.12 0.71 0.54 0.43 0.69
15.00 67.68 -118.30 -621.01 167.29 -0.84 0.23 0.06 0.26 0.77 0.92 0.11
12.00 27.33 -40.09 -548.21 -232.92 0.95 -0.46 0.71 0.64 0.84 0.03 0.29
7.00 5.82 -245.78 599.07 -432.15 0.46 0.13 0.27 0.52 0.72 0.29 0.92
7.00 8.34 202.60 464.13 -130.33 -0.68 -0.48 -0.98 0.49 0.56 0.73 0.58
6.00 6.48 53.40 214.25 -514.59 0.48 0.64 -0.65 0.28 0.14 0.29 0.36
8.00 19.43 491.85 -452.59 -30.57 -0.16 -0.45 0.46 0.68 0.90 0.79 0.52
11.00 21.68 -198.71 -629.75 -202.73 -0.06 0.55 -0.17 0.54 0.24 0.73 0.86
6.00 4.08 491.01 460.93 -113.96 -0.54 -0.12 0.38 0.94 0.62 0.98 0.51
21.00 4.33 -249.46 205.47 -731.17 -0.16 -0.44 0.52 0.76 0.34 0.82 0.94
5.00 1.65 -44.23 -217.02 -538.33 0.98 -0.76 -0.94 0.67 0.76 0.07 0.47
13.00 4.72 -339.19 -141.88 386.16 -0.22 0.89 -0.59 0.02 0.83 0.18 0.36
5.00 7.47 6.23 301.75 17.25 0.51 -0.24 -0.82 0.37 0.67 0.29 0.73
8.00 19.57 -445.60 -93.86 -87.23 -0.25 0.14 -0.06 0.65 0.51 0.14 0.42
9.00 5.49 -0.19 -439.70 -604.04 0.26 -0.12 -0.57 0.09 0.35 0.95 0.04
10.00 28.25 602.81 -128.43 -6.39 -0.09 0.02 0.51 0.86 0.62 0.28 0.99
17.00 38.26 -516.94 67.02 -499.29 -0.41 -0.03 0.69 0.00 0.25 0.21 0.77
19.00 54.79 -341.09 -436.64 -66.62 -0.05 0.33 0.48 0.80 0.57 0.28 0.09
12.00 23.50 276.44 -289.38 -93.77 -0.96 0.72 -0.87 0.02 0.25 0.24 0.13
16.00 20.20 -177.48 -68.21 543.94 -0.78 0.70 0.30 0.97 0.92 0.73 0.02
16.00 73.46 166.59 -97.32 -573.43 0.11 -0.18 -0.32 0.75 0.39 0.94 0.91
23.00 134.65 348.69 -547.05 149.22 0.31 -0.60 -0.51 0.38 0.83 0.55 0.54
5.00 0.03 238.59 210.91 701.48 -0.75 0.83 0.72 0.63 0.05 0.43 0.53
11.00 10.04 680.98 -351.28 31.81 0.16 -0.95 -0.71 0.14 0.69 0.36 0.36
6.00 7.02 216.82 593.88 396.12 -0.56 0.59 -0.64 0.26 0.82 0.42 0.72
12.00 29.82 -25.37 -101.27 665.75 -0.93 0.03 0.17 0.38 0.19 0.43 0.09
6.00 5.22 402.36 -220.66 31.61 0.29 -0.56 0.02 0.97 0.83 0.64 0.88
9.00 19.83 -384.81 5.18 697.07 -0.49 0.83 0.27 0.08 0.63 0.15 0.56
18.00 59.11 -144.10 306.78 678.01 0.98 0.92 0.64 0.14 0.69 0.87 0.67
5.00 1.11 28.52 -569.96 473.35 0.87 0.98 0.69 0.03 0.90 0.06 0.77
21.00 0.25 477.04 29.74 515.76 -0.41 0.71 -0.75 0.87 0.27 0.98 0.14
8.00 7.77 -2.47 642.73 368.37 -0.21 -0.61 0.32 0.09 0.84 0.27 0.40
8.00 15.13 137.00 -160.54 -763.41 -0.64 -0.13 0.24 0.31 0.77 0.81 0.16
11.00 15.91 -94.89 -85.72 -103.95 0.49 -0.68 0.46 0.23 0.52 0.25 0.85
18.00 77.16 -556.70 430.70 -343.13 -0.07 0.57 0.85 0.02 0.84 0.63 0.47
11.00 21.72 207.63 -232.70 283.38 -0.73 -0.86 -0.87 0.16 0.64 0.35 0.67
6.00 5.37 567.90 -426.28 -71.73 0.93 0.17 -0.23 0.07 0.30 0.44 0.69
9.00 11.82 338.46 313.00 490.52 0.36 0.07 0.09 0.74 0.01 0.41 0.56
10.00 4.04 -31.82 -502.64 -471.09 0.24 -0.09 -0.89 0.37 0.17 0.77 0.34
8.00 1.05 -30.60 405.58 131.97 -0.56 -0.60 -0.82 0.73 0.78 0.42 0.07
38.00 163.64 216.56 202.42 -213.43 -0.22 0.09 -0.13 0.95 0.86 0.19 0.44
16.00 39.52 227.88 89.10 118.91 0.36 0.32 0.22 0.64 0.06 0.47 0.69
7.00 0.05 -139.37 741.41 51.95 0.84 -0.45 0.00 0.79 0.91 0.01 0.06
11.00 0.01 -4.52 -383.36 241.25 0.61 0.97 0.55 0.69 0.24 0.07 0.98
23.00 141.35 -371.52 502.28 -473.26 -0.15 0.74 -0.00 0.32 0.73 0.58 0.58
6.00 1.25 526.35 157.35 -327.43 0.23 -0.67 0.21 0.81 0.59 0.88 0.78
15.00 47.84 -560.77 -38.44 -185.15 0.66 0.30 -0.78 0.27 0.87 0.49 0.18
11.00 22.09 -181.08 475.34 -165.81 0.83 0.03 -0.10 0.28 0.45 0.53 0.84
6.00 1.60 -342.85 -259.58 -631.71 -0.24 0.08 -0.52 0.45 0.91 0.13 0.66
5.00 1.37 156.16 505.19 130.07 0.25 -0.42 0.03 0.15 0.08 0.22 0.23
8.00 18.70 -154.45 551.46 254.95 0.98 0.82 0.54 0.39 0.92 0.16 0.86
8.00 1.29 48.70 356.79 -85.31 0.10 0.21 -0.08 0.57 0.95 0.81 0.91
5.00 7.19 -482.64 347.45 -399.32 0.03 -0.47 -0.51 0.35 0.38 0.94 0.83
7.00 1.42 -655.87 -81.94 28.21 0.90 0.56 -0.93 0.01 0.76 0.65 0.00
5.00 0.26 -462.79 -290.39 -147.36 -0.82 -0.62 0.63 0.90 0.59 0.07 0.05
13.00 3.66 -353.68 61.80 -324.78 0.04 -0.76 -0.75 0.53 0.76 0.72 0.17
7.00 5.86 -520.78 -257.70 288.40 -0.58 0.48 0.59 0.88 0.48 0.30 0.15
25.00 173.74 372.59 -548.27 45.73 0.71 -0.07 0.03 0.37 0.45 0.82 0.28
20.00 92.11 -318.58 526.90 -60.36 0.70 -0.08 -0.41 0.27 0.52 0.82 0.43
11.00 23.69 383.11 330.10 -575.74 0.92 -0.11 -0.13 0.54 0.40 0.95 0.61
6.00 0.88 154.55 -331.52 628.66 0.61 0.29 0.89 0.05 0.03 0.79 0.12
6.00 1.56 546.10 193.86 345.11 0.77 -0.31 0.89 0.62 0.01 0.23 0.78
20.00 18.46 -711.39 133.91 219.66 0.27 0.23 -0.68 0.03 0.29 0.31 0.70
8.00 13.89 423.51 471.28 16.00 0.46 0.29 0.56 0.98 0.86 0.09 0.30
13.00 7.51 -608.87 -261.80 -376.41 -0.25 0.22 -0.77 0.75 0.13 0.67 0.75
22.00 55.92 386.96 312.11 -260.55 -0.86 -0.50 0.96 0.69 0.02 0.88 0.98
38.00 412.57 -351.03 123.73 345.11 -0.22 0.34 0.13 0.75 0.03 0.51 0.50
6.00 7.34 122.87 -153.13 130.30 0.32 -0.10 -0.74 0.26 0.79 0.03 0.73
9.00 5.87 561.23 -370.99 293.90 -0.90 0.90 -0.22 0.88 0.42 0.43 0.22
8.00 11.59 412.48 625.84 -79.50 0.99 0.89 0.68 0.48 0.00 0.65 0.68
6.00 10.24 43.98 208.60 601.49 -0.71 0.54 -0.57 0.56 0.99 0.44 0.13
6.00 7.63 -18.64 244.00 -105.73 -0.60 -0.88 -0.10 0.61 0.40 0.19 0.65
18.00 5.47 207.47 235.12 -133.90 0.55 -0.97 0.27 0.89 0.44 0.85 0.15
23.00 65.11 602.64 -472.38 -171.84 0.53 0.17 -0.74 0.56 0.80 0.15 0.71
6.00 7.57 432.54 428.01 340.85 0.33 0.18 0.78 0.10 0.98 0.93 0.15
10.00 16.15 -492.24 -74.73 69.05 0.80 0.44 -0.09 0.25 0.28 0.78 0.36
12.00 34.20 -172.20 473.28 -216.09 0.36 0.10 0.73 0.21 0.97 0.29 0.33
32.00 44.29 683.02 82.04 -115.24 0.04 0.62 -0.93 0.55 0.40 0.04 0.70
6.00 8.36 -590.07 100.15 228.70 -0.30 -0.81 -0.16 0.08 0.52 0.14 0.90
15.00 50.14 -171.01 -431.57 458.17 -0.12 -0.71 -0.29 0.32 0.44 0.74 0.27
13.00 0.01 215.59 -94.23 -4.29 0.36 -0.92 0.05 0.55 0.04 0.17 0.97
7.00 4.49 -261.80 -185.02 -584.05 0.38 0.00 -0.45 0.58 0.52 0.41 0.43
18.00 32.56 103.15 -483.67 455.77 0.45 0.21 0.34 0.48 0.18 0.83 0.93
5.00 1.64 -584.81 -29.31 212.89 0.44 0.38 -0.83 0.18 0.91 0.44 0.22
7.00 1.15 190.63 -407.12 -548.06 0.49 0.39 0.78 0.47 0.18 0.17 0.41
5.00 4.45 116.28 358.33 275.82 -0.38 -0.47 0.01 0.76 0.53 0.36 0.07
25.00 16.23 2.08 610.41 -396.10 -0.74 0.61 0.71 0.41 0.30 0.41 0.23
6.00 0.32 -563.27 171.40 528.38 0.85 -0.33 1.00 0.20 0.65 0.72 0.81
18.00 82.26 122.73 -180.51 295.17 -0.75 -0.58 -0.65 0.12 0.20 0.47 0.06
14.00 58.24 -643.09 -214.55 -285.98 -0.30 0.10 -0.03 0.33 0.82 0.33 0.86
11.00 5.04 -618.65 352.61 353.01 0.71 -0.94 -0.94 0.05 0.06 0.47 0.62
23.00 51.78 208.03 -663.54 -376.13 0.68 -0.81 -0.78 0.62 0.14 0.83 0.01
20.00 17.32 -507.95 114.59 106.71 0.59 -0.86 0.91 0.78 0.06 0.81 0.78
12.00 16.83 -178.42 -200.67 -480.28 -0.05 -0.93 0.57 0.81 0.97 0.62 0.21
8.00 12.94 610.19 -230.19 327.22 -0.58 -0.62 0.89 0.12 0.19 0.81 0.59
13.00 3.85 -97.87 215.45 -133.55 0.53 -0.72 0.06 0.32 0.75 0.08 1.00
10.00 20.67 -534.42 158.24 563.34 -0.66 -0.50 0.79 0.57 0.86 0.84 0.09
5.00 4.65 -78.91 721.29 -167.09 -0.66 0.38 0.96 0.86 0.32 0.47 0.45
20.00 56.86 564.75 -411.71 383.03 0.88 0.38 0.54 0.88 0.81 0.15 0.95
6.00 6.68 -166.04 277.07 671.37 0.80 0.75 -0.37 0.98 0.17 0.27 0.31
9.00 5.02 93.57 305.82 -241.92 0.29 -0.68 0.84 0.19 0.29 0.65 0.79
13.00 27.99 -21.00 -287.65 -414.94 -0.94 0.66 0.72 0.31 0.13 0.36 0.67
10.00 9.24 227.27 -184.91 -470.87 0.10 -0.18 -0.57 0.03 0.99 0.39 0.22
6.00 5.28 -404.67 203.09 28.27 -0.51 -0.89 0.73 0.51 0.84 0.86 0.98
14.00 59.92 -101.15 594.46 -244.41 0.38 -0.98 -0.25 0.46 0.71 0.24 0.36
13.00 39.10 246.63 200.24 726.19 -0.36 -0.23 -0.45 0.78 0.53 0.69 0.54
6.00 1.43 -199.17 146.69 -360.28 0.08 0.52 -0.26 0.25 0.30 0.88 0.31
12.00 9.06 196.96 -37.44 -747.01 -0.73 0.92 -0.27 0.06 0.40 0.12 0.31
14.00 27.53 337.42 331.66 317.87 -0.84 0.90 0.13 0.93 0.37 0.52 0.48
6.00 3.86 -367.36 573.14 140.25 0.35 -0.60 0.26 0.76 0.45 0.43 0.79
11.00 36.46 -150.79 52.44 -283.18 -0.62 -0.92 -0.78 0.36 0.92 0.20 0.76
5.00 2.15 -551.70 172.20 337.22 0.84 0.47 0.27 0.77 0.16 0.56 0.73
11.00 13.17 -668.58 84.21 94.84 0.71 -0.08 0.21 0.73 0.57 0.89 0.65
18.00 35.96 -305.62 333.58 -234.75 0.37 -0.44 -0.74 0.79 0.60 0.91 0.62
17.00 39.49 -31.92 20.06 -322.51 -0.73 -0.82 -0.08 0.42 0.30 0.58 0.54
36.00 220.37 378.28 198.01 -294.09 0.45 -0.41 -0.80 0.12 0.14 0.17 0.93
7.00 12.57 -3.67 706.23 254.80 -0.89 0.58 0.05 0.74 0.87 0.27 0.21
16.00 1.20 -457.07 11.40 117.10 -0.24 0.10 0.46 0.52 0.01 0.29 0.02
6.00 1.58 -13.44 612.93 308.45 0.33 -0.86 0.10 0.16 0.19 0.93 0.85
5.00 2.72 531.79 -348.66 246.46 0.97 0.12 -0.21 0.98 0.03 0.93 0.50
6.00 9.06 240.39 -433.28 -582.11 0.59 0.09 0.01 0.92 0.64 0.58 0.34
6.00 2.35 -295.76 -198.56 116.58 -0.35 0.27 0.18 0.50 0.13 0.26 0.12
5.00 7.57 491.33 227.42 71.95 0.30 0.07 0.46 0.30 0.92 0.71 0.29
21.00 114.86 -216.87 -637.06 255.26 0.59 0.27 0.88 0.42 0.31 0.88 0.22
18.00 77.03 -424.40 -374.68 119.65 -0.58 -0.23 0.36 0.99 0.94 0.57 0.25
16.00 11.31 -419.41 -17.61 337.32 0.83 -0.62 -0.37 0.31 0.98 0.33 1.00
9.00 16.75 553.94 -330.21 -425.00 0.98 0.78 0.71 0.99 0.39 0.02 0.09
9.00 17.12 -482.62 -107.81 -107.39 0.78 -0.69 0.66 0.82 0.25 0.64 0.21
16.00 78.03 -285.42 512.56 -84.31 -0.61 0.73 -0.53 0.30 0.44 0.05 0.30
12.00 21.99 576.08 -126.66 218.82 0.98 -0.20 -0.51 0.15 0.63 0.25 0.31
22.00 17.23 566.05 -15.09 428.39 -0.93 0.21 -0.67 0.93 0.95 0.68 0.18
6.00 10.19 13.04 -76.24 172.64 -0.49 -0.86 -0.12 0.89 0.18 0.48 0.28
33.00 25.16 -125.35 -287.37 -435.45 -0.37 -0.36 0.13 0.65 0.79 0.29 0.52
13.00 19.33 479.19 462.82 -395.02 0.91 -0.25 -0.70 0.82 0.10 0.99 0.65
5.00 0.39 16.04 212.18 -148.02 0.44 -0.57 0.28 0.38 0.88 0.03 0.16
18.00 8.58 -226.27 -34.00 -535.98 0.06 -0.37 0.75 0.97 0.87 0.09 0.15
13.00 13.39 502.71 -191.41 -590.89 -0.97 0.56 0.21 0.71 0.26 0.68 0.16
11.00 5.28 -144.36 -256.99 338.42 0.02 0.80 -0.41 0.25 0.98 0.46 0.94
15.00 58.94 -602.33 -363.93 74.86 0.81 0.30 0.42 0.39 0.51 0.74 0.05
11.00 16.11 -497.30 453.04 140.27 0.63 0.89 -0.23 0.90 0.58 0.05 0.29
15.00 50.80 177.89 112.96 -583.83 -0.58 0.74 0.51 0.38 0.63 0.99 0.86
8.00 19.60 -12.11 394.41 602.11 0.24 -0.35 0.32 0.03 0.18 0.08 0.89
6.00 8.75 500.46 212.69 400.24 0.48 -0.86 0.29 0.37 0.35 0.92 0.36
7.00 1.29 -590.06 -107.71 -68.96 -0.33 -0.01 0.70 0.78 0.99 0.81 0.92
9.00 13.96 135.48 -33.24 109.97 0.42 -0.61 0.46 0.18 0.90 0.60 0.73
24.00 52.94 -581.46 19.78 -394.53 0.85 0.43 0.85 0.84 0.36 0.68 0.31
39.00 399.04 411.73 346.03 -161.66 -0.55 -0.22 0.83 0.14 0.08 0.54 0.14
34.00 62.28 -43.45 -28.05 333.74 -0.31 -0.35 -0.96 0.97 0.68 0.83 0.60
12.00 29.64 229.08 573.89 33.47 -0.56 0.84 0.42 0.83 0.79 0.29 0.54
8.00 15.87 112.79 -603.73 245.45 -0.68 -0.06 0.95 0.97 0.73 0.59 0.05
6.00 5.42 -616.90 22.92 -29.00 -1.00 0.70 0.56 0.98 0.52 0.89 0.16
16.00 65.98 300.73 -87.97 52.93 -0.21 0.20 -0.12 0.47 0.65 0.95 0.18
10.00 15.75 -190.57 469.35 -325.08 0.10 -0.05 0.97 0.74 0.33 0.15 0.65
12.00 40.19 602.60 292.86 -229.14 -0.09 0.46 0.57 0.20 0.89 1.00 0.43
35.00 7.40 356.69 -126.50 -250.66 -0.03 -0.70 -0.95 0.76 0.92 0.79 0.88
12.00 32.60 393.07 692.22 38.22 -0.20 -0.05 -0.36 0.70 0.02 0.60 0.50
14.00 50.44 346.75 -357.17 384.68 -0.82 -0.09 -0.80 0.57 0.38 0.02 0.96
5.00 5.40 -77.57 492.77 363.44 -0.91 -0.10 0.60 0.67 0.03 0.65 0.43
7.00 3.69 -219.77 -52.32 -8.32 0.45 -0.72 -0.66 0.78 0.02 0.88 0.85
8.00 9.88 737.20 241.93 -92.40 0.90 -0.78 0.42 0.35 0.57 0.81 0.55
13.00 15.06 -31.35 446.77 -30.00 0.93 -0.33 0.68 0.97 0.74 0.11 0.11
6.00 5.62 134.21 6.31 68.30 0.39 0.45 0.03 0.28 0.25 0.78 0.44
7.00 13.62 365.83 423.26 -35.49 0.79 -0.30 -0.18 0.72 0.04 0.81 0.60
16.00 66.15 -514.07 -524.17 -164.21 -0.75 -0.53 0.23 0.08 0.60 0.68 0.16
23.00 153.43 -357.21 144.74 683.59 -0.85 0.79 -0.69 1.00 0.37 0.43 0.58
11.00 27.00 10.32 -7.91 -20.20 0.15 -0.65 0.11 0.54 0.28 0.58 0.18
7.00 8.64 -415.34 133.55 -108.55 -0.79 0.52 0.60 0.51 0.35 0.89 0.97
16.00 74.99 21.52 -275.79 -24.68 0.76 0.43 0.80 0.23 0.49 0.03 0.08
12.00 41.95 -145.51 616.63 133.10 -0.26 0.31 -0.87 0.61 0.74 0.39 0.28
10.00 4.95 153.70 266.33 124.87 0.44 -0.90 0.68 0.73 0.11 0.04 0.19
12.00 16.12 -99.38 -422.61 563.46 -0.00 0.50 -0.57 0.23 0.68 0.38 0.75
7.00 11.89 323.55 -358.18 -346.03 -0.55 -0.85 0.21 0.54 0.16 0.08 0.37
8.00 10.51 -90.48 477.16 -150.34 0.75 0.14 0.74 0.72 0.65 0.96 0.26
10.00 17.63 227.93 4.43 380.34 0.66 0.79 0.79 0.78 0.71 0.86 0.06
14.00 7.02 15.30 -140.04 125.82 -0.79 -0.27 0.57 0.29 0.97 0.37 0.19
8.00 9.74 327.65 162.54 475.61 -0.18 -0.56 -0.98 0.95 0.28 0.40 0.25
7.00 14.87 153.11 -56.16 76.48 -0.44 0.18 -0.49 0.88 0.65 0.91 0.08
5.00 1.16 457.23 223.63 -95.11 -0.93 0.89 -0.39 0.67 0.64 0.71 0.93
9.00 20.24 61.94 -179.02 -443.68 0.73 -0.46 0.61 0.63 0.27 0.14 0.18
28.00 198.41 -47.31 -117.23 -46.54 -0.85 0.52 0.95 0.78 0.88 1.00 0.25
8.00 7.58 -709.43 -181.17 308.26 -0.66 0.25 0.10 0.33 0.62 0.49 0.79
13.00 29.47 -105.98 62.07 705.14 0.59 -0.02 0.47 0.18 0.14 0.81 0.16
8.00 7.82 -181.08 -134.37 543.80 0.67 0.12 -0.59 0.79 0.35 0.57 0.40
14.00 31.77 -311.91 312.27 -583.51 0.70 -0.70 0.06 0.20 0.95 0.63 0.52
20.00 40.28 -169.06 261.31 59.86 -0.58 0.05 -0.17 0.86 0.02 0.34 0.73
5.00 5.85 -340.02 -608.22 7.99 -0.95 -0.93 -0.13 0.74 0.60 0.62 0.67
8.00 3.20 -491.64 -563.74 -260.46 0.42 -0.58 -0.96 0.95 0.01 0.42 0.22
5.00 4.79 -139.62 -4.76 -285.66 0.03 -0.93 -0.52 0.85 0.75 0.44 0.96
24.00 161.88 -361.77 44.37 -695.57 -0.60 0.71 -0.15 0.48 0.86 0.89 0.67
7.00 0.28 -332.88 290.00 195.66 0.76 0.03 -0.76 0.99 0.48 0.77 0.36
6.00 3.74 -35.43 -643.17 206.19 0.50 -0.35 -0.36 0.51 0.31 0.35 0.81
10.00 12.03 447.29 407.29 393.96 0.02 0.25 -0.38 0.75 0.71 0.04 0.12
7.00 11.75 -437.13 11.82 598.34 0.20 0.64 -0.05 0.19 0.86 0.05 0.62
5.00 4.99 207.98 274.91 67.51 -0.27 -0.36 0.96 0.64 0.06 0.25 0.69
24.00 95.09 157.91 416.30 371.41 -0.38 -0.13 -0.15 0.44 0.30 0.58 0.43
20.00 18.05 -198.61 -268.15 74.92 0.33 -0.90 0.97 0.30 0.21 0.86 0.30
6.00 3.14 -200.08 -194.85 -165.35 0.48 0.65 -0.07 0.82 0.95 0.26 0.44
13.00 8.96 216.55 -742.46 107.02 0.39 -0.89 -0.25 0.78 0.18 0.92 0.83
21.00 121.42 -565.88 -257.04 353.84 -0.21 -0.44 -0.72 0.71 0.27 0.53 0.32
9.00 15.66 -58.70 58.99 -468.90 0.90 -0.82 0.49 0.55 0.99 0.44 0.79
5.00 2.79 -255.08 -694.63 -17.33 -0.11 0.85 0.09 0.26 0.03 0.45 0.28
13.00 8.84 86.56 298.08 -429.31 -0.80 -0.25 0.14 0.13 0.63 0.81 0.41
15.00 24.63 650.29 383.60 -22.63 0.18 0.21 -0.31 0.96 0.03 0.54 0.55
12.00 39.62 -327.20 -31.72 309.86 -0.13 -0.57 0.25 0.81 0.94 0.09 0.23
26.00 178.41 115.08 427.20 -364.87 -0.00 0.18 -0.07 0.54 0.55 0.67 0.88
13.00 4.10 674.33 377.79 36.53 0.76 0.61 0.63 0.93 0.42 0.82 0.93
7.00 14.41 -390.50 399.39 27.47 0.80 0.89 0.58 0.56 0.38 0.31 0.58
7.00 1.58 -555.45 -156.21 224.34 -0.46 0.98 -0.69 0.04 0.96 0.51 0.23
17.00 43.03 -648.13 -316.34 -233.85 0.45 0.47 -0.10 0.28 0.97 0.42 0.45
6.00 7.81 -334.11 386.85 396.99 -0.31 0.34 0.86 0.91 0.27 0.82 0.06
10.00 16.73 -465.69 -403.99 -375.12 -0.96 0.67 0.32 0.05 0.02 0.59 0.52
36.00 332.89 214.32 455.62 59.57 -0.61 0.44 0.12 0.99 0.78 0.97 0.11
31.00 226.01 631.42 368.56 245.39 -0.67 0.82 0.19 0.42 0.99 0.69 0.91
9.00 11.51 64.76 512.36 -141.56 0.09 0.37 -0.53 0.42 0.86 0.45 0.94
8.00 7.26 -72.62 71.89 -32.27 -0.20 0.90 0.53 0.42 0.47 0.59 0.14
7.00 0.46 -682.34 -221.65 -102.54 -0.95 0.25 0.24 0.04 0.04 0.03 0.84
5.00 7.17 149.33 530.63 150.92 -0.33 0.85 0.80 0.34 0.80 0.94 0.55
16.00 69.46 504.60 -238.06 -387.10 -0.35 -0.76 -0.50 0.22 0.36 0.33 0.66
5.00 5.36 -315.79 276.64 -337.73 -0.29 -0.28 0.24 0.78 0.74 0.20 0.84
8.00 10.05 154.01 317.55 517.49 0.96 0.49 0.52 0.30 0.03 0.08 0.35
14.00 38.62 -156.31 652.91 -205.07 -0.64 -0.38 0.53 0.54 0.65 0.81 0.26
9.00 5.80 251.12 -604.95 -394.19 0.84 -0.97 -0.03 0.71 0.63 0.08 0.27
10.00 28.13 -257.89 -447.98 356.81 -0.19 -0.61 0.38 0.56 0.87 0.44 0.23
7.00 4.25 292.95 256.96 414.59 -0.10 0.08 -0.62 0.65 0.61 0.58 0.46
8.00 13.41 135.56 -633.03 346.37 0.01 -0.14 0.08 0.00 0.88 0.66 0.54
22.00 55.71 22.82 569.12 88.72 -0.36 0.67 -0.10 0.30 0.93 0.30 0.23
8.00 19.47 -454.20 25.43 -47.41 -0.79 -0.32 0.32 0.78 0.96 0.25 0.38
26.00 114.25 245.36 -282.25 647.13 0.78 0.22 -0.66 0.04 0.21 0.81 0.25
14.00 20.13 105.52 386.90 488.21 0.82 -0.37 0.33 0.11 0.98 0.28 0.09
10.00 3.48 144.60 -686.81 173.33 0.67 -0.07 0.23 0.23 0.12 0.05 0.23
7.00 5.42 263.80 -170.67 -275.04 -0.95 0.36 -0.99 0.40 0.28 0.57 0.06
9.00 22.36 -11.21 -166.70 507.70 0.28 0.90 0.91 0.03 0.14 0.18 0.14
9.00 11.67 572.63 308.88 -114.68 0.52 0.87 -0.64 0.32 0.51 0.65 0.51
13.00 37.89 -40.25 -235.02 401.74 0.78 0.19 -0.57 0.78 0.50 0.24 0.40
8.00 13.26 327.12 -402.83 -519.12 0.74 -0.52 0.63 0.92 0.27 0.21 0.85
16.00 65.56 464.61 -178.53 -590.08 0.75 -0.16 -0.66 0.06 0.64 0.79 0.84
29.00 65.85 135.43 491.16 -600.52 -0.47 -0.21 -0.04 0.18 0.94 0.10 0.25
39.00 266.49 -361.90 -453.88 42.14 -0.24 -0.26 0.27 0.67 0.58 0.89 0.24
12.00 36.57 -519.69 221.62 127.26 0.69 -0.55 0.08 0.22 0.48 0.16 0.31
6.00 5.31 353.33 152.41 352.08 0.88 0.29 -0.92 0.87 0.13 0.46 0.06
19.00 70.19 -391.81 -623.83 167.51 -0.02 0.51 0.13 0.53 0.06 0.60 0.76
16.00 57.49 -32.32 538.30 -120.34 -0.91 -0.15 0.37 0.32 0.49 0.62 0.41
31.00 50.05 359.78 -489.61 89.53 -0.30 0.42 0.47 0.73 0.75 0.37 0.82
7.00 8.59 319.01 -299.02 -187.54 0.65 0.76 0.37 0.52 0.10 0.40 0.83
7.00 15.10 507.67 -108.53 19.42 0.83 0.53 -0.97 0.08 0.83 0.52 0.23
7.00 13.42 356.08 586.41 200.72 0.71 -0.54 0.20 0.42 0.43 0.79 0.19
5.00 6.05 -401.16 171.22 -92.52 -0.25 -0.83 -0.56 0.74 0.27 0.75 0.02
36.00 334.22 -339.65 -395.94 -400.36 -0.41 -0.64 -0.56 0.94 0.32 0.46 0.82
6.00 6.35 594.94 399.38 49.78 -0.28 0.99 0.02 0.03 0.31 0.05 0.41
6.00 10.28 -394.63 267.04 437.63 -0.69 -0.80 0.10 0.18 0.63 0.83 0.20
5.00 6.81 41.42 577.32 13.87 -0.56 0.56 0.25 0.36 0.09 0.63 0.49
19.00 70.44 461.80 139.58 -575.41 0.79 0.71 -0.10 0.25 0.79 0.58 0.20
18.00 51.83 -163.72 -271.46 52.96 -0.04 -0.24 0.45 0.67 0.22 0.42 0.15
7.00 1.66 -431.04 228.11 376.35 -0.39 -0.82 -0.47 0.63 0.93 0.78 0.45
7.00 11.75 -136.09 212.24 -634.30 -0.37 0.21 0.73 0.50 0.07 0.59 0.13
8.00 0.66 -104.89 -225.76 -286.10 0.21 0.53 0.06 0.71 0.55 0.08 0.74
7.00 10.94 421.24 432.40 448.00 0.97 -0.06 0.87 0.88 0.34 0.63 0.35
6.00 0.73 656.57 -268.95 230.84 0.82 -0.62 0.73 0.12 0.66 0.20 0.66
26.00 24.53 161.43 -215.06 -418.70 -0.82 0.25 0.76 0.03 0.51 0.67 0.34
12.00 3.49 -172.45 -376.29 -595.55 0.76 0.82 -0.26 0.26 0.38 0.35 0.96
7.00 12.75 -531.33 95.11 422.27 -0.21 -0.15 0.84 0.36 0.07 0.33 0.82
15.00 41.49 -586.49 -18.54 -27.50 -0.54 0.27 -0.60 0.62 0.71 0.74 0.63
17.00 22.25 -124.42 182.39 -84.72 0.75 0.50 -0.20 0.47 0.99 0.69 0.56
7.00 8.51 108.44 -313.02 -721.40 -0.63 0.87 0.30 0.69 0.04 0.43 0.88
5.00 5.82 97.29 296.42 549.52 -0.05 0.88 -0.52 0.71 0.28 0.09 0.54
5.00 0.12 -74.88 682.32 -401.76 -0.83 -0.97 0.44 0.81 0.33 0.02 0.48
13.00 15.49 -141.99 284.81 219.84 0.72 0.52 0.54 0.12 0.88 0.98 0.80
7.00 14.42 -155.81 -533.96 27.36 0.15 0.16 0.25 0.65 0.11 0.00 0.29
10.00 7.53 156.16 -455.74 428.11 0.68 0.79 0.97 0.94 0.60 0.89 0.45
8.00 4.87 443.09 -317.12 542.72 0.60 0.03 0.01 1.00 0.49 0.58 0.55
29.00 130.03 -216.59 -48.45 49.82 -0.85 0.01 0.44 0.26 0.14 0.85 0.20
9.00 24.05 -495.36 197.17 581.91 -0.27 -0.55 -0.65 0.94 0.68 0.59 0.26
7.00 1.20 534.00 -546.60 -44.73 0.88 -0.72 -0.47 0.49 0.76 0.04 0.98
6.00 8.00 285.43 596.23 395.99 0.93 -0.08 -0.72 0.00 0.55 0.28 0.96
16.00 49.79 -43.56 -456.92 460.13 0.78 -0.62 -0.70 0.51 0.90 0.67 0.91
8.00 1.43 252.14 86.11 -202.50 -0.90 0.18 -0.61 0.68 0.88 0.96 0.32
35.00 185.83 -384.92 -484.67 -87.18 -0.79 0.43 0.75 0.35 0.70 0.55 0.84
5.00 6.55 -287.80 384.89 120.32 0.15 -0.50 0.58 0.39 0.26 0.58 0.11
9.00 24.91 -114.09 -342.92 128.71 1.00 -0.62 1.00 0.06 0.34 0.11 0.14
9.00 16.80 -152.64 -785.10 11.68 -0.38 -0.29 -0.53 0.48 0.66 0.11 0.64
8.00 3.74 261.74 -744.94 -121.18 -0.35 0.93 -0.95 0.51 0.47 0.67 0.80
14.00 22.08 556.87 -143.88 -415.00 -0.64 0.89 -0.91 0.04 0.26 0.33 0.77
27.00 81.98 190.74 -76.90 740.53 -0.78 0.90 0.25 0.11 0.96 0.15 0.99
7.00 6.17 13.94 203.07 202.92 -0.64 -0.30 -0.65 0.33 0.50 0.12 0.34
12.00 4.02 -198.50 -514.17 -22.03 0.45 0.10 -0.06 0.89 0.68 0.54 0.25
11.00 36.53 -513.95 -276.63 -14.16 -0.96 -0.56 0.22 0.66 0.32 0.72 0.50
7.00 3.08 470.62 462.48 -417.94 -0.65 0.16 -0.14 0.04 0.35 0.35 0.01
5.00 2.18 12.81 -606.15 -58.60 -0.58 -0.19 0.93 0.05 0.39 0.32 0.17
6.00 9.20 -540.27 -394.29 287.84 -0.36 0.59 -0.80 0.96 0.45 0.90 0.73
12.00 7.04 -94.52 -148.47 773.75 -0.17 -0.21 -0.74 0.83 0.71 0.98 0.77
8.00 4.46 -13.53 -333.28 -318.41 0.77 -0.06 -0.37 0.69 0.16 0.92 0.48
7.00 13.83 241.21 -670.42 -340.54 -0.88 -0.43 0.24 0.78 0.79 0.15 0.31
6.00 7.81 123.44 223.26 44.12 -0.35 0.34 0.39 0.46 0.42 0.40 0.79
8.00 15.19 -125.54 -122.59 -95.74 -0.06 -0.19 0.75 0.20 0.10 0.58 0.72
17.00 72.25 -481.75 -246.17 -357.88 -0.53 0.26 -0.65 0.10 0.18 0.37 0.75
11.00 7.55 463.83 -428.61 118.04 0.24 0.01 0.36 0.61 0.18 0.08 0.60
18.00 6.11 -365.67 581.28 -160.24 -0.29 0.85 -0.58 0.01 0.31 0.18 0.86
9.00 4.37 -192.91 80.88 -558.37 0.55 -0.24 -0.05 0.88 0.66 0.37 0.37
7.00 2.44 125.33 165.14 265.36 0.22 0.12 0.69 0.31 0.48 0.12 0.58
5.00 2.43 108.26 -717.71 15.77 -0.80 0.09 -0.86 0.54 0.69 0.74 0.73
9.00 22.57 -534.41 470.33 177.53 0.37 -0.67 0.72 0.42 0.48 0.60 0.88
5.00 4.02 -171.97 737.23 -160.73 0.58 0.24 -0.13 0.90 0.34 0.09 0.60
7.00 5.86 96.36 444.96 -554.19 -0.16 0.64 -0.64 0.33 0.44 0.75 0.95
19.00 65.23 603.96 506.77 -19.46 0.80 -0.31 0.21 0.74 0.95 0.15 0.23
11.00 32.21 -150.85 -199.36 344.62 0.55 0.38 0.16 0.22 0.56 0.40 0.38
14.00 47.97 236.48 653.24 292.36 -0.10 -0.13 -0.40 0.41 0.62 0.75 0.33
6.00 5.12 447.82 55.53 553.72 -0.44 -0.41 -0.75 0.82 0.76 0.35 0.25
11.00 7.33 -374.43 -518.62 156.01 0.41 0.17 -1.00 0.78 0.34 0.03 0.20
9.00 14.87 5.93 -14.83 68.17 0.03 -0.89 -0.17 0.09 0.84 0.59 0.47
14.00 44.72 -382.17 -307.28 95.08 0.05 -0.06 -0.60 0.10 0.10 0.52 0.88
16.00 41.17 164.20 -561.22 352.23 0.71 -0.29 -0.04 0.53 0.89 0.84 0.42
5.00 0.96 -195.81 -49.91 527.45 -0.27 -0.52 0.45 0.01 0.16 0.20 0.53
5.00 1.85 -241.66 -121.82 -719.97 0.95 -0.16 0.62 0.30 0.39 0.20 0.44
13.00 4.14 -371.81 -463.44 -155.46 0.75 -0.27 0.43 0.96 0.56 0.64 0.11
7.00 12.09 201.02 -186.79 -369.56 0.24 -0.58 -0.48 0.27 0.71 0.86 0.12
5.00 2.23 654.57 61.72 246.16 0.72 -0.62 0.01 0.74 0.00 0.42 0.42
10.00 22.75 679.31 125.17 -191.43 -0.88 0.72 0.21 0.82 0.35 0.51 0.76
8.00 13.36 210.36 517.95 -8.15 -0.73 0.76 -0.87 0.26 0.84 0.94 0.25
10.00 20.31 -558.38 -322.45 -392.25 -0.48 0.31 -0.61 0.66 0.18 0.88 0.26
16.00 40.49 254.54 -199.88 540.48 -0.63 -0.15 -0.67 0.05 0.31 0.39 0.01
30.00 156.90 -638.15 48.79 161.78 -0.07 -0.91 -0.49 0.10 0.37 0.41 0.35
29.00 248.49 94.95 -230.70 412.02 -0.27 0.34 0.47 0.77 0.54 0.70 0.27
9.00 14.24 -332.74 51.85 -134.37 0.89 -0.12 0.39 0.17 0.24 0.54 0.46
6.00 4.74 -244.23 324.01 336.34 -0.87 -0.76 0.23 0.73 0.23 0.15 0.38
14.00 6.33 400.67 -443.86 294.58 0.37 -0.65 -0.33 0.83 0.28 0.58 0.47
6.00 2.87 -360.59 -22.30 -91.10 -0.14 0.91 -0.95 0.82 0.19 0.76 0.95
13.00 5.85 -444.86 484.58 433.50 0.50 -0.97 -0.41 0.57 0.24 0.38 0.20
7.00 10.16 130.34 -224.98 -122.88 -0.30 -0.83 0.22 0.96 0.61 0.36 0.82