0.63 800
5.00 6.04 -527.70 74.05 -80.53 0.29 0.74 0.46 0.17 0.64 0.65 0.22
11.00 10.26 -135.41 608.55 313.58 -0.61 -0.31 0.06 0.56 0.35 0.42 0.52
10.00 27.36 730.03 -24.70 54.50 0.58 0.36 0.13 0.40 0.54 0.51 0.57
6.00 6.53 -418.14 333.86 -208.21 0.21 -0.66 0.99 0.81 0.60 0.18 0.97
10.00 11.32 383.38 -680.83 34.49 -0.58 -0.99 0.94 0.65 0.17 0.78 0.74
32.00 351.72 -580.20 383.00 360.89 0.18 0.30 -0.15 0.78 0.52 0.62 0.55
25.00 5.50 -493.54 345.00 150.14 -0.01 -0.02 0.38 0.36 0.74 0.28 0.14
22.00 94.49 -418.40 -37.73 -368.20 -0.05 0.31 -0.07 0.85 0.16 0.30 0.53
5.00 7.41 252.06 -3.60 451.77 -0.49 0.76 -0.87 0.92 0.36 0.99 0.92
6.00 3.68 -247.57 327.04 269.40 -0.45 -0.96 0.74 0.69 0.64 0.10 0.98
15.00 25.94 -394.16 -102.81 -67.08 0.90 0.63 -0.59 0.33 0.94 0.23 0.02
18.00 35.42 -449.34 128.80 -430.62 -0.08 -0.18 -0.79 0.67 0.32 0.97 0.90
5.00 2.01 -44.25 -654.45 78.92 0.90 -0.47 -0.82 0.28 0.97 0.48 0.19
27.00 109.46 -299.42 146.16 -212.70 -0.15 -0.43 0.95 0.07 0.29 0.67 0.68
12.00 15.11 179.14 -337.75 600.45 0.14 -0.11 0.75 0.41 0.93 0.37 0.23
8.00 20.53 187.00 122.42 -255.99 0.06 -0.75 -0.03 0.39 0.73 0.99 0.99
18.00 98.67 -203.87 -286.94 -420.33 -0.92 -0.90 0.65 0.75 0.66 0.74 0.88
9.00 8.80 472.74 496.48 246.15 -0.28 -0.81 -0.74 0.04 0.36 0.23 0.48
16.00 66.76 -89.79 -402.74 380.82 -0.10 0.06 -0.23 0.47 0.31 0.47 0.41
10.00 27.70 -13.30 -107.95 -601.96 0.62 -0.19 0.52 0.64 0.93 0.39 0.83
11.00 13.88 -584.08 -86.77 -278.08 0.31 -0.99 0.52 0.82 0.59 0.35 0.53
21.00 128.57 -174.62 -353.50 -239.16 0.45 0.89 -0.70 0.58 0.55 0.88 0.16
8.00 19.28 120.42 -334.69 334.13 -0.98 -0.32 0.74 0.28 0.01 0.40 0.78
23.00 24.98 564.53 335.76 -454.08 -0.50 -0.89 -0.01 0.03 0.15 0.28 0.61
9.00 9.31 -608.24 -146.08 -102.52 -0.71 0.19 -0.97 0.18 0.21 0.02 0.50
7.00 4.68 24.29 -385.97 690.63 0.44 -0.66 -0.90 0.89 0.45 0.15 0.40
12.00 49.28 166.74 80.21 -621.46 0.79 0.16 0.12 0.09 0.19 0.83 0.34
20.00 39.15 -186.08 284.78 280.82 0.09 0.73 0.28 0.87 0.82 0.38 0.88
7.00 1.87 -355.07 -132.87 -407.19 -0.90 0.99 0.31 0.07 0.67 0.05 0.83
17.00 30.02 357.19 677.74 -159.19 0.73 -0.23 0.79 0.44 0.31 0.57 0.36
6.00 1.84 354.69 -330.64 5.84 0.04 -0.28 0.30 0.83 0.40 0.86 0.61
12.00 15.69 3.58 412.70 443.72 0.40 -0.63 -0.29 0.00 0.75 0.28 0.47
15.00 8.35 446.75 140.57 528.24 -0.80 0.24 0.96 0.15 0.51 0.91 0.37
7.00 14.99 540.56 -568.06 -132.48 -0.02 -0.39 0.64 0.54 0.21 0.67 0.18
5.00 4.28 -572.48 -49.62 68.67 0.13 -0.10 0.11 0.80 0.61 0.77 0.54
11.00 30.14 -98.90 212.53 -72.51 -0.88 0.66 0.52 0.94 0.20 0.56 0.70
5.00 8.83 291.37 113.85 708.29 0.59 0.46 0.49 0.50 0.90 0.55 0.48
12.00 2.82 463.07 -44.14 290.34 -0.43 0.83 0.97 0.31 0.16 0.99 0.81
8.00 8.87 36.97 -545.26 411.23 -0.96 -0.83 -0.32 0.27 0.30 0.72 1.00
14.00 1.43 223.71 -439.73 -565.78 0.86 -0.66 0.55 0.49 0.08 0.38 0.06
32.00 13.11 12.57 323.70 207.19 0.68 0.01 0.39 0.02 0.54 0.40 0.74
12.00 14.52 441.41 -419.72 446.70 0.82 -0.73 0.19 0.55 0.87 0.67 0.44
6.00 6.37 197.17 -453.58 -564.10 0.10 0.67 0.39 0.31 0.18 0.03 0.37
10.00 23.27 -369.34 -243.67 -127.95 -0.40 0.31 -0.94 0.62 0.40 0.53 0.97
10.00 15.18 -338.92 418.42 -244.92 0.60 -0.43 -0.65 0.26 0.94 0.98 0.27
8.00 18.71 -162.63 -266.74 131.81 -0.49 0.23 -0.01 0.69 0.68 0.28 0.94
11.00 22.16 379.10 -248.07 23.70 0.12 -0.43 0.01 0.44 0.73 0.11 0.57
5.00 5.74 590.12 333.33 39.37 -0.36 -0.12 -0.29 0.94 0.15 0.65 0.25
8.00 7.44 -303.23 -283.27 -271.07 0.08 0.62 0.74 0.18 0.95 0.40 0.68
8.00 2.18 -99.03 -233.85 -11.54 0.78 0.80 -0.14 0.80 0.27 0.67 0.42
8.00 9.31 -314.98 531.00 470.61 -0.96 -0.11 0.20 0.79 0.10 0.43 0.08
12.00 50.13 213.29 521.91 304.86 0.49 0.66 0.17 0.21 0.77 0.64 0.80
14.00 33.54 -387.23 -95.21 -581.66 0.66 -0.07 0.47 0.62 0.34 0.10 0.53
25.00 109.19 -65.18 -694.03 60.41 0.41 -0.65 0.67 0.13 0.66 0.00 0.73
6.00 6.12 -504.09 78.78 549.74 0.68 0.82 -0.11 0.94 0.21 0.89 0.58
6.00 5.63 -479.05 -335.42 -21.07 0.86 0.58 0.72 0.92 0.21 0.87 0.21
5.00 6.44 -150.84 -4.49 21.40 -0.56 -0.76 0.09 0.24 0.00 0.48 0.20
31.00 274.76 -344.87 -400.88 260.14 -0.12 -0.09 -0.62 0.55 0.63 0.43 0.60
27.00 211.56 41.23 630.85 485.98 0.16 0.38 0.71 0.97 0.30 0.26 0.40
28.00 243.38 -262.95 -642.18 347.77 0.58 -0.89 0.47 0.19 0.37 0.97 0.64
14.00 55.27 -207.00 148.06 641.38 -0.28 -0.45 -0.95 0.41 0.73 0.96 0.80
10.00 16.17 542.58 259.07 -159.94 0.26 -0.61 -0.64 0.34 0.10 0.77 0.86
29.00 172.68 470.76 60.08 624.51 -0.48 0.45 -0.68 0.56 0.93 0.10 0.05
10.00 23.98 94.41 -499.98 -89.68 0.89 0.29 -0.01 0.64 0.04 0.67 0.12
15.00 12.19 -567.13 -409.30 66.45 0.35 -0.76 -0.97 0.90 0.59 0.40 0.59
12.00 39.99 137.50 -784.91 24.21 0.53 -0.94 -0.76 0.21 0.93 0.56 0.51
8.00 15.94 -359.95 -208.78 -494.89 0.22 0.60 0.38 0.92 0.77 0.52 0.53
17.00 90.65 -279.54 -32.29 204.88 -0.65 0.76 -0.47 0.67 0.56 0.95 0.01
8.00 22.34 -461.20 224.42 -175.67 0.51 0.12 -0.10 0.93 0.07 0.90 0.97
7.00 6.54 179.26 643.07 -256.45 -0.25 0.41 -0.80 0.93 0.47 0.02 0.17
8.00 3.85 -439.97 164.17 -502.61 -0.76 -0.83 0.03 0.34 0.29 0.82 0.00
13.00 7.58 -284.41 -213.21 -302.27 0.54 -0.27 0.45 0.16 0.61 0.98 0.81
12.00 7.17 33.11 233.71 519.81 0.26 -0.43 -0.85 0.70 0.96 0.78 0.37
11.00 6.02 -88.17 283.57 -183.61 0.50 0.66 0.09 0.39 0.86 0.99 0.98
8.00 16.93 -205.70 667.06 -244.55 -0.45 -0.38 -0.50 0.78 0.32 0.78 0.52
34.00 342.82 -143.73 271.80 501.66 0.89 -0.63 0.54 0.03 0.64 0.60 0.53
9.00 24.07 -181.23 416.02 -221.92 0.45 0.55 0.31 0.35 0.33 0.38 0.30
5.00 5.09 -95.69 -29.54 487.73 0.40 0.48 0.06 0.97 0.99 0.80 0.36
5.00 7.56 -249.03 -646.75 -23.53 0.99 -0.94 0.81 0.60 0.19 0.39 0.29
6.00 1.37 226.50 -734.65 75.44 0.58 0.12 -0.20 0.26 0.19 0.65 0.48
18.00 82.16 187.95 51.20 -12.43 -0.54 -0.15 0.08 0.78 0.64 0.51 0.66
10.00 6.36 108.43 151.77 24.16 0.95 0.15 0.61 0.88 0.03 0.75 0.61
12.00 42.33 284.58 435.30 -532.03 0.95 0.63 -0.35 0.66 0.83 0.34 0.45
11.00 29.69 287.86 560.90 289.07 0.82 0.06 -0.31 0.01 0.88 0.01 0.42
5.00 1.61 85.41 -173.60 -455.57 0.07 -0.20 -0.82 0.45 0.54 0.00 0.48
10.00 19.41 98.53 160.25 200.85 -0.90 0.13 -0.05 0.59 0.45 0.84 0.88
5.00 2.50 -277.44 221.79 11.94 -0.09 -0.99 -0.54 0.68 0.82 0.66 0.48
6.00 4.89 444.46 -645.12 78.19 -0.03 0.62 0.24 0.61 0.15 0.71 0.24
7.00 3.81 -539.48 516.41 -17.91 0.06 -0.87 0.97 0.90 0.81 0.77 0.84
6.00 5.23 -483.19 -537.24 215.55 0.47 0.63 0.68 0.24 0.45 0.82 0.56
27.00 251.06 773.20 -75.46 -178.45 0.11 0.27 0.55 0.87 0.54 0.12 0.20
10.00 24.87 -508.42 -450.16 290.41 -0.92 0.53 -0.73 0.16 0.78 0.50 0.78
9.00 10.63 -221.86 88.01 -533.30 -0.01 -0.38 -0.74 0.09 0.62 0.03 0.50
5.00 5.82 -385.48 -53.94 354.16 0.60 -0.24 0.43 0.67 0.04 0.94 0.81
13.00 52.30 -118.39 396.38 440.23 -0.35 -0.02 0.95 0.25 0.27 0.09 0.61
10.00 17.68 108.28 -164.58 722.55 -0.62 -0.32 -0.04 0.84 0.88 0.58 0.90
11.00 32.21 460.18 430.52 277.46 -0.81 0.82 0.01 0.94 0.93 0.64 0.61
18.00 72.15 415.01 -35.92 -51.58 0.50 0.84 0.28 0.33 0.19 0.06 0.35
6.00 10.76 237.83 455.81 541.09 -0.71 0.59 0.89 0.18 0.47 0.11 0.01
11.00 16.69 311.13 179.95 -437.48 0.48 0.14 0.72 0.96 0.27 0.58 0.49
6.00 7.65 19.87 718.86 51.12 -0.50 -0.64 -0.95 0.52 0.09 0.68 0.51
6.00 10.90 242.72 -578.74 273.72 0.20 -0.98 -0.92 0.54 0.36 0.35 0.06
13.00 59.66 537.93 -309.68 432.98 -0.50 -0.29 0.66 0.81 0.92 0.61 0.07
5.00 7.06 270.54 -681.16 257.89 -0.33 -0.27 0.72 0.40 0.11 0.75 0.64
5.00 6.75 724.16 -16.73 -147.45 0.31 -0.34 0.42 0.71 0.92 0.75 0.00
21.00 126.36 505.95 87.02 -349.79 0.53 0.95 -0.59 0.58 0.44 0.32 0.89
6.00 3.58 -311.62 487.88 229.88 0.67 0.74 0.33 0.77 0.25 0.62 0.22
32.00 152.97 146.19 198.51 433.67 0.21 0.00 -0.71 0.04 0.24 0.68 0.68
6.00 9.43 -41.99 162.87 225.33 -0.44 0.29 0.67 0.25 0.65 0.16 0.07
11.00 39.87 75.46 -156.32 -650.06 0.65 0.38 0.65 0.60 0.41 0.47 0.77
7.00 1.88 -11.11 32.11 -752.35 0.05 0.27 -0.46 0.08 0.23 0.56 0.14
21.00 64.73 222.46 69.96 714.03 0.05 0.34 -0.33 0.94 0.41 0.89 0.62
27.00 45.21 -68.10 550.41 306.29 0.80 -0.94 -0.10 0.38 0.61 0.62 0.76
18.00 92.53 -370.66 -419.13 -489.97 0.49 -0.19 -0.58 0.30 0.48 0.28 0.81
9.00 0.79 414.50 -328.18 -52.21 -0.06 -0.45 0.64 0.95 0.81 0.54 0.01
6.00 5.29 300.17 153.65 357.96 -0.23 -0.20 0.46 0.85 0.14 0.59 0.72
18.00 96.16 62.76 -445.25 508.75 0.33 -0.99 0.25 0.69 0.10 0.12 0.86
12.00 26.93 117.01 696.35 -224.95 0.33 0.36 -0.22 0.10 0.84 0.48 0.05
5.00 0.47 -500.63 220.30 -575.20 0.30 -0.31 1.00 0.53 0.82 0.10 0.77
22.00 63.64 273.98 -327.46 441.41 0.89 0.04 -0.79 0.24 0.01 0.55 0.49
7.00 15.90 103.45 -340.86 298.80 0.18 -0.35 -0.87 0.87 0.74 0.59 0.11
9.00 2.42 284.30 -1.60 -254.87 -0.61 -0.20 0.87 0.54 0.64 0.70 0.71
22.00 154.20 -452.83 67.74 644.52 0.47 -0.46 -0.58 0.00 0.06 0.86 0.54
5.00 3.81 299.47 -414.87 -561.75 0.10 0.54 -0.68 0.94 0.62 0.39 0.64
13.00 42.51 446.23 242.46 -329.00 0.85 -0.68 -0.65 0.07 0.77 0.54 0.17
11.00 38.07 -25.19 303.53 108.83 -0.65 -0.44 -0.14 0.72 0.53 0.31 0.23
9.00 13.78 -464.84 -141.02 205.56 0.31 -0.06 0.42 0.16 0.53 0.42 0.32
6.00 10.09 -215.16 -23.94 531.31 -0.54 -0.44 0.16 0.36 0.18 0.27 0.30
5.00 6.50 -325.01 -250.05 82.38 -0.43 -0.65 -0.32 0.81 1.00 0.10 0.68
6.00 4.95 573.45 -94.58 114.76 -0.47 -0.30 0.05 0.43 0.33 0.82 0.43
15.00 20.60 -657.41 224.01 -125.56 -0.02 -0.31 -0.39 0.88 0.30 0.95 0.35
5.00 2.14 221.21 -32.33 -98.45 -0.13 0.59 0.48 0.07 0.62 0.67 0.77
24.00 194.71 674.54 19.10 263.69 0.78 0.37 0.06 0.31 0.25 0.28 0.81
15.00 46.38 -286.80 125.04 483.01 0.52 -0.31 -0.87 0.94 0.81 0.87 0.52
12.00 34.17 277.97 -230.43 -20.76 0.12 0.62 -0.91 0.68 0.87 0.92 0.74
12.00 4.78 102.26 -459.31 374.00 0.56 0.89 -0.49 0.91 0.48 0.67 0.70
6.00 11.63 789.35 100.51 -27.36 0.33 -0.71 -0.98 0.42 0.26 0.57 0.95
9.00 2.82 -211.46 -259.97 -448.08 0.95 -0.28 1.00 0.84 0.93 0.34 0.12
14.00 36.88 110.11 392.50 327.50 0.99 0.82 0.36 0.58 0.33 0.81 0.82
12.00 48.23 101.35 -685.08 177.38 -0.21 -0.02 -0.85 0.92 0.44 0.27 0.37
11.00 12.28 0.10 46.55 -576.43 -0.24 -0.59 -0.63 0.64 0.37 0.04 0.87
9.00 19.30 381.42 0.49 478.33 -0.37 0.31 -0.26 0.21 1.00 0.77 0.45
8.00 14.97 277.14 62.77 125.45 -0.96 -0.77 -0.18 0.30 0.44 0.49 0.46
12.00 14.13 182.49 44.12 540.60 -0.39 0.54 0.78 0.28 0.44 0.08 0.11
8.00 8.06 -378.02 131.02 -574.59 0.46 -0.46 0.77 0.64 0.79 0.88 0.49
15.00 12.37 102.56 709.98 -113.19 0.18 0.50 -0.21 0.33 0.09 0.72 0.75
15.00 66.91 288.68 515.16 -406.25 0.01 -0.98 0.34 0.73 0.34 0.97 0.85
8.00 13.14 -609.35 -100.00 -88.96 -0.08 -0.42 -0.32 0.48 0.72 0.31 0.61
9.00 19.27 452.54 293.04 342.81 -0.38 -0.20 0.22 0.93 0.36 0.36 0.46
5.00 5.10 -798.49 -0.14 -25.17 0.27 0.28 0.04 0.65 0.52 0.23 0.04
22.00 121.45 126.86 -44.90 -151.83 0.93 0.37 -0.48 0.59 0.76 0.65 0.33
9.00 16.10 207.62 84.50 749.49 0.71 -0.02 0.18 0.98 0.72 0.75 0.46
7.00 10.86 259.40 -168.90 394.14 0.80 0.22 -0.75 0.44 0.52 0.83 0.67
10.00 23.94 -325.38 376.72 -293.33 0.06 -0.79 -0.90 0.57 0.27 0.57 0.88
5.00 4.82 -424.53 28.29 376.56 -0.47 -0.25 0.98 0.46 0.64 0.19 0.18
8.00 20.49 -13.69 -462.65 608.26 -0.47 0.12 0.52 0.20 0.89 0.40 0.38
5.00 2.90 -250.51 -500.20 -518.11 0.70 0.95 0.41 0.07 1.00 0.00 0.92
14.00 56.40 359.21 -635.25 190.06 -0.36 0.88 0.37 0.40 0.97 0.76 0.38
10.00 5.69 -69.83 402.35 515.73 -0.46 0.61 0.20 0.41 0.71 0.76 0.01
9.00 26.43 176.71 48.16 -723.66 0.64 0.68 0.61 0.77 0.08 0.82 0.31
26.00 227.35 429.41 266.36 -482.78 0.32 0.10 0.95 0.46 0.41 0.35 0.53
14.00 35.73 -108.65 -216.54 -427.99 0.92 0.84 0.83 0.14 0.57 0.75 0.92
7.00 4.25 -166.35 120.71 130.97 -0.19 -0.57 -0.92 0.10 0.80 0.20 0.30
8.00 13.20 148.16 283.84 116.26 0.43 0.96 0.02 0.29 0.57 0.16 0.00
15.00 3.46 142.44 -506.11 -532.65 0.50 -0.82 -0.24 0.30 0.21 0.54 0.58
11.00 14.26 -489.11 -447.64 103.88 -0.53 0.70 0.55 0.36 0.64 0.98 0.21
9.00 2.65 238.64 471.26 -545.00 -0.12 -0.18 0.85 0.60 0.78 0.83 0.37
11.00 28.66 483.37 -353.24 -390.08 -0.45 -0.78 -0.62 0.68 0.66 0.92 0.59
11.00 16.87 -203.14 -349.29 -104.90 0.95 0.01 0.45 0.56 0.72 0.54 0.01
18.00 17.13 692.44 -79.56 -88.08 0.13 0.48 0.11 0.29 0.64 0.46 0.75
8.00 21.39 -539.90 -49.46 -243.67 0.53 -0.00 0.84 0.65 0.80 0.15 0.74
18.00 101.06 -542.56 -360.18 266.62 0.43 0.92 0.75 0.09 0.27 0.04 0.72
7.00 6.56 -571.20 -535.14 99.87 -0.03 -0.58 0.66 0.76 0.21 0.72 0.12
35.00 60.32 -214.09 -272.21 -284.18 0.37 0.05 0.69 0.69 0.93 0.09 0.06
33.00 289.96 251.61 -53.76 -372.81 0.05 -0.97 -0.74 0.67 0.86 0.22 0.78
10.00 9.40 103.32 700.63 275.68 0.72 -0.93 -0.95 0.81 0.20 0.07 0.96
11.00 18.04 135.16 376.77 155.58 -0.26 -0.48 -0.37 0.23 0.31 0.11 0.70
27.00 103.08 -443.70 -379.92 -422.01 0.56 0.01 0.97 0.40 0.29 0.09 0.85
6.00 2.51 8.37 -137.63 703.12 0.72 0.51 -0.02 0.49 0.01 0.19 0.80
20.00 120.00 388.61 376.01 -408.83 0.46 0.20 -0.89 0.89 0.24 0.25 0.98
17.00 86.55 234.56 692.98 -75.44 -0.20 0.02 -0.74 0.90 0.23 0.69 0.46
11.00 25.38 540.26 151.08 500.60 0.40 -0.65 0.43 0.09 0.27 0.35 0.62
5.00 7.39 -78.01 -401.53 -581.99 -0.91 -0.69 -0.64 0.69 0.65 0.23 0.86
12.00 33.69 419.17 -219.21 -644.61 0.49 0.30 -0.67 0.77 0.62 0.74 0.54
16.00 22.29 -361.55 366.48 346.44 -0.56 0.28 0.85 0.71 0.38 0.15 0.50
8.00 4.58 -168.69 522.27 -411.25 -0.74 -0.67 -0.11 0.99 0.27 0.33 0.55
13.00 13.09 57.62 -118.04 730.66 -0.29 -0.48 -0.92 0.68 0.15 0.81 0.99
20.00 137.57 -405.47 -407.37 -85.50 0.05 0.89 -0.71 0.02 0.33 0.96 0.32
10.00 11.40 351.78 -676.75 229.47 -0.44 0.99 0.27 0.60 0.22 0.59 0.58
25.00 38.67 115.25 -322.00 -631.63 0.25 -0.33 0.08 0.33 0.21 0.91 0.43
9.00 5.30 -212.84 221.74 -562.91 -0.21 -0.98 0.12 0.46 0.06 0.91 0.68
5.00 0.19 -423.73 141.62 -176.95 -0.95 -0.56 0.75 0.26 0.17 0.29 0.08
7.00 11.23 643.84 -89.21 -211.59 -0.26 0.06 0.63 0.42 0.16 0.69 0.39
6.00 9.53 -348.02 -111.13 -569.13 -0.33 -0.17 0.60 0.36 0.65 0.44 0.25
12.00 47.01 -161.44 60.39 -258.70 0.82 0.86 0.79 0.74 0.44 0.14 0.68
16.00 52.88 475.90 -5.50 193.75 -0.87 0.18 -0.32 0.78 0.91 0.01 1.00
5.00 8.21 415.45 361.31 541.62 0.97 -0.19 -0.02 0.03 0.47 0.64 0.24
8.00 3.21 420.08 16.11 77.00 -0.96 0.25 -0.22 0.98 0.48 0.03 0.42
39.00 375.01 -212.97 182.48 -613.40 -0.13 0.52 -0.93 0.27 0.29 0.56 0.92
10.00 21.81 -310.65 74.18 664.92 -0.37 0.22 0.99 0.55 0.76 0.37 0.73
20.00 47.60 354.14 -393.15 528.45 -0.83 0.18 0.26 0.86 0.32 0.51 0.60
9.00 23.59 -182.25 627.20 -199.82 -0.89 0.31 0.14 0.45 0.48 0.07 0.92
10.00 12.93 299.76 142.23 -710.94 -0.17 -0.89 0.45 0.94 0.62 0.04 0.12
16.00 23.43 -173.56 105.93 -444.94 -0.43 -0.37 0.97 0.14 0.27 0.25 0.81
9.00 25.54 -338.06 -620.18 -104.22 -0.29 0.42 -0.31 0.08 0.24 0.31 0.35
5.00 3.37 -614.69 -395.55 -169.25 0.51 -0.26 -0.52 0.58 0.74 0.43 0.48
14.00 9.79 118.00 125.75 592.99 -1.00 0.29 0.01 0.13 0.15 0.86 0.43
24.00 183.86 -200.04 552.62 -100.79 0.32 0.79 0.77 0.66 0.14 0.27 0.49
15.00 16.36 308.53 -27.65 -690.73 -0.32 0.41 0.95 0.89 0.93 0.14 0.74
7.00 7.90 278.35 287.96 119.78 -0.95 0.80 0.32 0.83 0.95 0.57 0.15
25.00 149.85 441.02 171.34 -369.32 0.05 0.17 0.67 0.15 0.23 0.65 0.75
13.00 55.91 -99.44 -8.10 780.40 0.56 0.50 0.67 0.83 0.22 0.11 0.55
7.00 7.87 319.37 -670.89 -271.78 0.51 0.08 -0.44 0.37 0.55 0.72 0.69
5.00 2.54 -256.72 -354.40 -93.27 0.12 0.56 1.00 0.51 0.36 0.44 0.65
6.00 12.13 263.26 605.05 -78.70 0.06 -0.71 0.47 0.43 0.23 0.93 0.27
15.00 46.55 -150.96 368.30 -308.14 0.71 -0.62 0.67 0.59 0.49 0.87 0.28
7.00 8.91 -350.85 -157.06 104.63 -0.82 0.06 -0.85 0.13 0.52 0.18 0.46
5.00 3.27 488.37 -214.66 507.08 -0.34 0.15 1.00 0.62 0.77 0.74 0.78
6.00 10.64 546.10 193.86 345.11 -0.24 -0.75 -0.31 0.17 0.45 0.80 0.56
26.00 235.18 355.96 -89.86 184.42 -0.54 0.70 0.46 0.22 0.12 0.07 0.93
6.00 0.28 -376.49 -269.25 119.23 0.38 -0.23 -0.67 0.30 0.17 0.27 0.15
5.00 1.24 -65.47 277.43 86.56 0.64 -0.77 0.79 0.92 0.34 0.92 0.61
9.00 13.51 -119.86 -410.59 668.21 0.81 -0.05 -0.95 0.62 0.79 0.96 0.51
9.00 3.84 498.22 -374.33 447.44 0.28 -0.03 -0.19 0.93 0.17 0.08 0.38
15.00 36.65 -536.75 423.59 167.82 -0.70 -0.03 0.47 0.32 0.63 0.48 0.75
20.00 77.51 631.67 -324.90 117.33 -0.76 0.71 0.35 0.69 0.34 0.11 0.30
6.00 1.10 -416.37 319.28 -336.84 -0.93 0.59 0.17 0.69 0.84 0.31 0.18
28.00 245.53 -668.96 74.04 -384.04 0.27 -0.07 0.90 0.04 0.42 0.94 0.12
10.00 34.58 -279.53 600.56 74.21 -0.05 -0.54 -0.53 0.05 0.71 0.71 0.77
21.00 70.37 -576.95 -235.95 231.98 0.79 -0.81 -0.08 0.80 0.36 0.56 0.23
12.00 44.31 -377.04 -410.18 381.92 0.84 0.14 0.90 0.41 0.57 0.47 0.87
15.00 29.73 293.39 -379.69 -164.32 0.01 -0.50 -0.24 0.96 0.40 0.71 0.83
12.00 36.20 -649.12 -75.32 -332.19 0.85 0.31 -0.04 0.74 0.07 0.45 0.70
29.00 213.09 96.40 -177.60 -513.35 -0.50 -0.92 -0.43 0.70 0.29 0.09 0.64
6.00 12.70 487.27 -64.57 174.55 0.61 0.19 -0.80 0.56 0.92 0.32 0.22
27.00 110.27 156.88 -79.44 354.42 0.45 0.57 0.01 0.83 0.54 0.45 0.34
36.00 187.96 425.81 553.40 -93.90 -0.32 0.60 0.08 0.60 0.29 0.70 0.24
6.00 3.88 -85.75 523.36 241.26 0.69 -0.56 -0.98 0.28 0.86 0.53 0.39
5.00 1.17 -256.86 -168.90 67.00 0.05 0.05 -0.74 0.81 0.46 0.58 0.02
14.00 6.94 360.89 -310.29 -14.42 0.48 0.83 0.32 0.15 0.71 0.89 0.52
5.00 6.55 394.43 -262.71 382.22 -0.23 -0.29 -0.65 0.82 0.29 0.18 0.50
15.00 21.09 621.51 155.83 452.25 -0.42 0.56 0.45 0.39 0.52 0.96 0.32
9.00 1.43 129.83 -82.17 316.91 0.80 0.09 0.85 0.27 0.82 0.48 0.80
10.00 32.67 -519.66 431.10 -309.98 -0.12 -0.10 -0.65 0.44 0.83 0.48 0.75
6.00 7.43 -214.48 -503.62 -284.40 0.99 -0.32 0.94 0.96 0.28 0.98 0.98
16.00 64.76 -448.69 -265.49 -392.31 -0.31 0.38 0.26 0.85 0.51 0.43 0.28
6.00 0.67 648.46 -119.36 -316.24 -0.41 0.92 0.13 0.55 0.62 0.75 0.60
11.00 1.00 -391.88 170.57 -74.95 -0.90 0.84 0.23 0.73 0.59 0.16 0.80
19.00 106.15 346.22 304.90 -131.44 0.78 0.18 -0.54 0.66 0.95 0.46 0.17
8.00 11.61 -478.86 32.34 245.95 -0.03 0.97 0.37 0.75 0.19 0.52 0.09
5.00 4.36 -342.47 -382.13 487.91 0.48 0.17 -0.21 0.04 0.86 0.82 0.12
11.00 15.84 -514.19 -118.09 -105.84 -0.11 -0.40 -0.92 0.77 0.79 0.50 0.18
9.00 27.05 105.17 152.25 -417.38 -0.63 0.91 0.39 0.13 0.20 0.97 0.38
8.00 3.20 349.85 131.30 481.24 0.57 -0.25 -0.74 0.53 0.20 0.92 0.37
12.00 43.26 295.89 -181.36 585.10 -0.38 0.78 0.15 0.74 0.97 0.70 0.40
25.00 23.16 -208.15 -382.81 -400.98 -0.92 -0.92 -0.28 0.16 0.44 0.57 0.66
12.00 44.48 325.18 115.14 15.29 0.39 -0.65 0.88 0.19 0.85 0.07 0.30
11.00 19.92 197.52 -760.42 -92.95 0.58 -0.03 0.83 0.32 0.24 0.20 0.66
11.00 27.34 -525.01 -172.16 -52.39 0.09 0.87 -0.94 0.79 0.87 0.35 0.30
8.00 12.89 109.47 133.69 397.31 0.61 -0.91 -0.48 0.52 0.84 0.60 0.43
17.00 32.34 15.94 608.54 266.03 -0.23 0.67 0.50 0.11 0.55 0.15 0.24
21.00 4.28 -566.30 -132.04 -108.44 -0.42 0.53 0.62 0.08 0.86 0.57 0.45
15.00 17.26 -219.60 54.62 -428.52 -0.85 0.65 0.86 0.44 1.00 0.66 0.37
7.00 12.85 -43.74 -473.70 -502.62 -0.70 -0.50 0.38 0.09 0.57 0.45 0.74
5.00 2.82 52.30 -680.18 -169.67 0.08 -0.82 -0.88 0.05 0.23 0.22 0.32
5.00 6.49 -220.91 131.78 27.05 -0.77 0.34 -0.53 0.03 0.01 0.91 0.63
11.00 27.37 -168.31 -269.61 706.19 0.34 -0.27 0.22 0.45 0.82 0.18 0.10
9.00 7.62 207.78 -83.52 -684.52 0.10 0.87 0.37 0.43 0.37 0.35 0.44
13.00 48.05 -306.83 66.49 -606.50 -0.77 0.80 -0.15 0.80 0.85 0.46 0.85
6.00 4.71 266.26 -228.57 615.35 0.53 0.82 -0.34 0.43 0.56 0.62 0.64
18.00 83.96 -466.04 -41.22 45.89 0.09 0.21 -0.63 0.02 0.19 0.61 0.67
10.00 27.32 -132.87 17.00 593.09 0.18 -0.80 0.92 0.96 0.93 0.16 0.85
11.00 30.34 254.20 -141.82 679.64 0.11 -0.26 0.40 0.29 0.80 0.19 0.90
13.00 58.73 -497.19 -73.06 391.90 0.45 -0.22 0.88 0.18 0.17 0.37 0.60
6.00 10.53 -241.41 -575.28 -266.11 0.00 -0.63 -0.09 0.11 0.77 0.92 0.50
16.00 60.51 -267.68 -27.72 -264.71 -0.83 -0.30 0.64 0.16 0.32 0.03 0.10
10.00 26.51 47.66 510.75 -118.31 0.71 0.22 -0.37 0.97 0.08 0.44 0.30
12.00 32.30 40.81 557.49 224.43 0.22 -0.36 -0.49 0.70 0.84 0.23 0.71
21.00 134.05 -693.33 104.86 -193.01 -0.72 -0.02 0.20 0.31 0.68 0.02 0.30
14.00 42.85 -256.46 416.60 412.20 1.00 0.27 -0.02 0.31 0.92 0.56 0.90
5.00 5.51 -114.34 246.15 -651.76 0.24 0.83 -0.02 0.50 0.30 0.44 0.18
11.00 20.38 466.94 454.64 -326.09 -0.20 0.31 -0.75 0.73 0.84 0.13 0.18
17.00 91.61 629.63 -213.67 -242.24 0.48 -0.23 0.21 0.23 0.82 0.87 0.68
19.00 63.47 389.78 -246.93 -417.93 -0.45 -0.47 -0.94 0.57 0.89 0.62 0.43
9.00 14.31 -26.15 4.50 -606.76 0.60 0.37 -0.71 0.63 0.91 0.22 0.43
13.00 38.41 -572.79 290.68 -459.93 0.98 -0.11 0.90 0.05 0.48 0.50 0.04
5.00 6.83 234.39 -570.11 -428.99 -0.49 -0.87 -0.21 0.74 0.98 0.84 0.97
10.00 2.44 404.88 -161.74 380.91 0.11 0.66 0.04 0.01 0.74 0.53 0.55
14.00 42.18 370.82 -349.64 158.17 0.62 0.45 0.50 0.47 0.23 0.77 0.44
8.00 7.04 464.82 -617.22 -24.04 -0.42 0.09 -0.82 0.91 0.37 0.53 0.85
5.00 2.69 -108.86 320.21 625.87 -0.72 -0.63 -0.02 0.43 0.42 0.08 0.47
6.00 8.21 -194.96 -296.48 678.28 0.97 0.80 -0.79 0.77 0.60 0.37 0.63
6.00 1.95 -149.23 -36.58 -235.43 -0.73 -0.72 -0.50 0.64 0.50 0.49 0.67
6.00 4.47 -485.53 200.89 45.21 0.78 -0.55 -0.25 0.83 0.34 0.28 0.14
22.00 119.67 -34.47 403.09 -397.81 -0.30 -0.54 0.01 0.39 0.67 0.45 0.74
7.00 11.48 -23.08 753.26 -186.99 -0.50 0.78 -0.54 0.28 0.96 0.28 0.04
5.00 5.34 192.13 -320.17 195.57 0.90 -0.28 -0.50 0.07 0.81 0.66 0.69
13.00 6.99 35.37 -22.25 426.64 -0.24 -0.73 -0.28 0.02 0.71 0.78 0.35
8.00 21.89 -219.64 316.77 -399.04 -0.05 0.99 0.23 0.64 0.55 0.51 0.36
20.00 90.33 -676.73 121.88 192.22 -0.88 -0.83 -0.01 0.39 0.50 0.66 0.38
9.00 23.28 375.64 125.87 -20.46 -0.34 -0.72 -0.70 0.74 0.27 0.65 0.13
15.00 30.19 752.52 -45.31 -139.73 -0.10 -0.05 0.28 0.05 0.31 0.72 0.66
15.00 52.68 309.88 217.57 -446.18 0.51 0.24 0.88 0.47 0.65 0.08 0.20
12.00 46.84 363.97 -174.46 402.83 0.62 0.22 -0.95 0.67 0.57 0.46 0.61
6.00 2.35 -70.96 372.30 -400.72 0.23 0.41 -0.87 0.50 0.49 0.14 0.93
5.00 7.19 390.50 166.34 163.41 0.89 -0.81 0.87 0.24 0.64 0.03 0.01
9.00 27.68 473.03 -311.10 50.14 0.66 0.35 -0.95 0.82 0.60 0.06 0.97
15.00 24.72 -489.96 -234.20 485.58 -0.65 0.53 0.23 0.86 0.06 0.09 0.34
8.00 5.54 244.61 116.13 178.79 0.32 0.43 0.43 0.76 0.55 0.22 0.98
9.00 4.94 706.04 -279.44 -79.72 0.18 0.82 0.15 0.49 0.94 0.27 0.30
14.00 49.10 -503.11 -176.23 124.62 0.15 -0.91 0.49 0.77 0.67 0.24 0.30
5.00 5.27 10.16 -2.45 401.15 0.50 1.00 -0.02 0.73 0.84 0.03 0.89
6.00 5.10 -496.41 -33.97 394.74 0.48 0.51 0.29 0.23 0.19 0.30 0.88
15.00 49.72 -196.86 369.91 247.15 0.40 -0.95 0.28 0.21 0.74 0.35 0.67
6.00 7.39 25.53 78.38 45.32 -0.70 0.41 -0.52 0.97 0.37 0.71 0.44
15.00 77.63 -454.94 -276.50 230.82 -0.28 0.51 0.14 0.20 0.62 0.06 0.20
13.00 36.14 58.30 311.99 185.80 0.90 -0.94 -0.40 0.72 0.33 0.88 0.40
8.00 22.05 107.21 511.85 245.43 -0.74 0.17 -0.40 0.06 0.81 0.80 0.20
30.00 124.45 65.52 176.16 490.92 0.00 0.86 -0.90 0.05 0.52 0.53 0.58
7.00 16.26 257.51 167.93 -722.08 0.62 -0.84 0.28 0.65 0.55 0.71 0.67
5.00 5.96 334.07 74.05 550.29 0.96 0.74 -0.77 0.17 0.57 0.17 0.24
6.00 3.36 -162.05 483.00 272.69 0.86 0.15 -0.76 0.57 0.62 0.04 0.25
15.00 14.03 435.18 181.73 -162.36 -0.31 0.96 -0.83 0.64 0.84 0.81 0.54
10.00 20.68 -516.13 -8.85 430.69 -0.22 0.60 0.67 0.39 0.45 0.85 0.11
5.00 1.02 91.12 -340.60 -575.93 0.05 -0.59 0.54 0.47 0.60 0.51 0.73
10.00 30.59 682.05 -25.95 128.23 -0.48 0.74 -0.52 0.29 0.67 0.79 0.02
5.00 6.39 600.58 -119.99 321.68 0.42 0.46 -0.71 0.53 0.02 0.39 0.00
9.00 27.24 -488.02 33.17 520.22 -0.89 -0.56 -0.97 0.63 0.60 0.80 0.71
6.00 5.32 -179.15 -477.34 116.15 -0.84 -0.96 0.14 0.44 0.43 0.75 0.16
11.00 5.43 -255.95 -129.54 -420.18 0.19 -0.52 -0.16 0.03 0.26 0.06 0.03
9.00 1.46 37.73 428.49 -209.66 0.80 -0.44 -0.26 0.42 0.86 0.20 0.01
16.00 61.43 48.03 526.96 -75.28 -0.10 0.27 -0.05 0.73 0.22 0.22 0.37
5.00 8.04 719.25 -7.22 -220.09 -0.13 0.61 -0.70 0.51 0.92 0.14 0.11
16.00 53.21 80.97 -517.94 197.76 0.31 -0.14 0.63 0.57 0.10 0.10 0.45
14.00 63.96 -740.82 -66.75 -235.45 -0.15 -0.58 0.13 0.83 0.77 0.02 0.66
9.00 22.03 222.04 24.15 -81.82 0.04 0.08 0.83 0.88 0.18 0.47 0.42
18.00 103.29 102.15 297.56 -365.48 0.49 0.61 0.09 0.07 0.58 0.70 0.52
18.00 23.34 288.51 497.65 488.09 0.70 0.91 -0.18 0.83 0.68 0.16 0.14
5.00 7.87 507.96 226.38 -208.61 -0.83 0.94 -0.18 0.88 0.44 0.68 0.67
5.00 2.59 7.44 295.68 71.50 0.54 0.32 -0.23 0.75 0.09 0.00 0.19
25.00 132.79 357.11 -29.35 473.41 0.62 -0.77 0.81 0.20 0.25 0.47 0.23
22.00 23.46 -275.93 312.80 221.66 -0.01 -0.46 -0.35 0.51 0.13 0.30 0.03
9.00 27.75 538.53 -525.83 -12.35 0.32 0.05 0.83 0.21 0.89 0.35 0.89
7.00 15.20 105.09 -324.75 -189.13 -0.70 0.25 0.97 0.66 0.11 0.60 0.79
17.00 23.25 605.93 320.61 -107.84 -0.86 -0.15 0.11 0.21 0.55 0.23 0.62
10.00 29.32 49.74 -134.65 -512.31 0.54 -0.44 0.98 0.15 0.37 0.59 0.69
12.00 45.71 -454.32 -528.69 -243.76 -0.29 0.04 0.51 0.20 0.59 0.88 0.62
7.00 16.36 -472.66 -313.67 429.71 -0.08 0.03 -0.82 0.49 0.79 0.92 0.89
20.00 59.08 234.78 721.30 -246.02 -0.90 0.57 0.12 0.14 0.84 0.33 0.95
13.00 42.40 -179.03 204.47 -32.39 -0.46 0.38 0.76 0.95 0.34 0.99 0.89
5.00 1.55 -306.37 539.56 121.78 0.48 -0.78 -0.03 0.03 0.91 0.22 0.81
11.00 6.63 164.99 744.26 -167.19 -0.85 0.53 -0.76 0.81 0.12 0.60 0.15
27.00 83.35 389.26 639.03 -122.54 0.26 0.73 -0.98 0.55 0.31 0.30 0.81
9.00 20.93 151.08 -41.11 25.13 -0.77 -0.28 0.83 0.57 0.24 0.33 0.08
8.00 1.15 -691.99 117.76 332.07 -0.82 0.90 -0.01 0.48 0.12 0.77 0.48
14.00 49.38 -686.93 -151.24 328.23 0.90 0.75 -0.14 0.80 0.54 0.31 0.23
16.00 33.08 -205.72 -81.94 588.90 -0.05 0.11 0.17 0.44 0.18 0.29 0.57
11.00 23.96 352.23 119.69 -533.99 0.68 -0.51 0.68 0.29 0.51 0.90 0.29
6.00 4.79 172.31 612.90 172.58 0.76 -0.98 -0.61 0.22 0.34 0.70 0.81
7.00 8.83 642.04 -261.36 240.56 0.52 0.08 -0.80 0.32 0.05 0.99 0.13
10.00 9.54 -432.36 -569.62 317.10 0.29 -0.53 -0.23 0.13 0.33 0.78 0.06
24.00 78.97 276.76 573.95 231.13 -0.48 -0.76 0.93 0.85 0.10 0.59 0.05
13.00 41.55 -202.36 -355.37 21.90 -0.72 -0.34 0.52 0.83 0.14 0.24 0.27
8.00 21.98 204.25 484.58 -17.38 0.32 -0.54 -0.02 0.23 0.39 0.68 0.48
6.00 11.71 148.00 -362.07 -121.73 -0.14 0.14 -0.36 0.17 0.67 0.34 0.43
6.00 4.80 -463.43 -638.32 48.87 -0.17 0.21 0.95 0.07 0.83 0.32 0.21
7.00 2.10 351.35 -128.91 366.65 0.27 -0.91 0.57 0.13 0.85 0.31 0.91
18.00 103.15 -708.18 -94.55 353.87 -0.65 0.58 0.55 0.83 0.81 0.36 0.14
26.00 16.41 515.32 21.08 119.08 -0.24 0.71 -0.80 0.62 0.10 0.61 0.69
7.00 12.74 311.53 -588.71 -161.09 0.35 -0.58 0.92 0.18 0.79 0.17 0.71
11.00 39.47 -293.64 -344.83 -357.03 -0.68 0.55 -0.31 0.95 0.81 0.33 0.83
5.00 8.36 65.85 72.58 -52.07 0.39 -0.14 -0.78 0.25 0.79 0.66 0.94
11.00 12.60 382.85 632.53 -292.15 -0.54 -0.45 -0.09 0.02 0.43 0.20 0.41
10.00 10.26 429.10 341.53 -217.48 -0.66 0.63 0.96 0.51 0.91 0.23 0.15
21.00 145.53 -108.13 137.21 627.78 -0.06 0.23 -0.87 0.12 0.13 0.17 0.05
7.00 14.14 616.30 327.10 141.29 -0.61 -0.87 0.38 0.61 0.87 0.10 0.35
10.00 33.96 705.95 -187.92 -315.42 -0.32 -0.82 0.70 0.98 0.89 0.08 0.73
11.00 14.86 -28.47 -69.29 -177.27 0.99 0.69 -0.10 0.41 0.33 0.17 0.89
8.00 22.23 -214.64 -92.60 248.29 -0.77 0.67 -0.32 0.12 0.81 0.36 0.31
12.00 3.14 398.88 -52.05 383.48 0.85 0.42 -0.93 0.44 0.04 0.62 0.47
13.00 19.28 -324.52 231.76 96.10 -0.48 0.13 0.48 0.60 0.50 0.81 0.43
9.00 15.21 147.58 -350.77 278.44 -0.73 -0.80 0.60 0.21 0.42 0.58 0.75
15.00 4.65 224.03 484.92 558.55 0.38 0.37 0.15 0.65 0.33 0.63 0.61
27.00 150.06 -427.28 -594.26 -248.32 -0.65 -0.55 0.11 0.87 0.68 0.00 0.03
12.00 26.43 -186.66 180.92 -677.34 0.16 -0.69 0.85 0.43 0.56 1.00 0.26
6.00 0.97 402.36 -220.66 31.61 -0.81 -0.64 0.90 0.81 0.57 0.42 0.55
5.00 3.62 -470.26 308.81 395.14 -0.23 0.41 0.81 0.27 0.59 0.78 0.41
9.00 12.10 353.59 -171.66 -27.09 0.81 0.41 -0.12 0.93 0.80 0.13 0.26
31.00 328.30 768.35 -64.33 93.96 0.65 -0.09 0.64 0.53 0.86 0.40 0.63
10.00 34.55 -355.25 -387.09 -522.08 -0.67 0.87 -0.50 0.77 0.63 0.20 0.59
12.00 46.28 -146.24 378.45 -187.55 -0.33 0.65 -0.85 0.54 0.08 0.31 0.29
6.00 0.95 442.00 219.38 -82.95 -0.46 -0.11 0.86 0.21 0.58 0.65 0.64
6.00 7.81 -0.27 535.88 -95.56 0.62 0.41 0.85 0.69 0.30 0.50 0.62
5.00 2.10 633.39 96.34 277.12 0.45 -0.79 -0.95 0.38 0.66 0.94 0.59
16.00 59.07 -204.29 136.39 503.75 -0.30 0.41 0.73 0.68 0.34 0.73 0.65
25.00 37.07 -275.36 706.72 -165.71 -0.93 0.53 0.19 0.77 0.62 0.58 0.51
16.00 72.23 -182.99 568.68 -319.37 -0.62 0.40 -0.57 0.27 0.19 0.73 0.38
8.00 11.91 -321.00 474.76 -403.81 0.07 -0.91 0.07 0.37 0.09 0.42 0.99
12.00 24.88 110.65 -1.29 -545.66 0.94 -0.48 0.80 0.67 0.15 0.14 0.47
33.00 131.77 -125.35 -287.37 -435.45 -0.15 0.04 -0.06 0.50 0.92 0.08 0.19
18.00 110.04 338.46 490.88 137.62 -0.21 -0.50 -0.64 0.63 0.70 0.22 0.16
12.00 2.96 27.60 -596.95 140.78 -0.75 -0.49 0.59 0.27 0.49 0.74 0.06
17.00 72.41 124.13 86.71 -385.61 -0.52 -0.15 0.85 0.02 0.97 0.85 0.35
24.00 80.41 -581.46 19.78 -394.53 0.60 0.93 -0.19 0.10 0.46 0.38 0.48
18.00 110.06 -89.61 55.98 -290.42 0.13 0.97 0.15 0.00 0.42 0.40 0.22
11.00 15.59 161.45 -155.78 -450.11 -0.50 -0.31 0.64 0.51 0.24 0.33 0.84
18.00 76.28 -511.77 131.70 419.97 -0.56 -0.63 -0.75 0.49 0.65 0.19 0.49
38.00 426.23 -667.32 -268.02 -288.05 -0.12 -0.58 -0.06 0.02 0.66 0.53 0.20
12.00 27.06 -355.08 125.68 -281.10 0.97 -0.19 -0.89 0.60 0.08 0.07 0.82
6.00 0.11 -438.23 381.24 231.01 -0.93 -0.34 -0.73 0.16 0.22 0.79 0.25
10.00 27.72 0.47 447.52 -27.82 -0.01 0.48 0.62 0.58 0.21 0.09 0.81
12.00 34.51 474.75 309.01 304.93 0.13 0.52 0.56 0.64 0.70 0.59 0.36
5.00 6.93 203.93 210.71 505.18 -0.16 -0.06 -0.81 0.34 0.71 0.10 0.65
20.00 52.72 209.39 576.61 -454.75 0.25 0.63 0.37 0.75 0.13 0.30 0.30
12.00 31.03 -398.54 -459.81 458.10 -0.84 -0.93 -0.35 0.90 0.56 0.71 0.50
13.00 51.25 717.48 -287.95 136.46 -0.94 0.30 -0.90 0.55 0.70 0.71 0.79
15.00 48.61 -199.77 593.54 -58.10 0.65 -0.81 -0.08 0.13 0.48 0.89 0.44
7.00 6.20 -93.96 184.85 -690.87 -0.88 0.39 0.51 0.90 0.74 0.33 0.79
39.00 128.37 -361.90 -453.88 42.14 0.01 -0.96 0.77 0.56 0.27 0.98 0.53
9.00 11.45 -304.97 -566.65 -253.41 -0.85 -0.51 -0.97 0.71 0.33 0.62 0.19
14.00 48.83 459.79 176.94 -271.92 -0.65 -0.15 -0.17 0.76 0.44 0.53 0.89
9.00 20.08 -403.28 3.17 612.18 -0.29 0.41 -0.35 0.73 0.11 0.84 0.53
25.00 22.51 30.95 -631.95 239.57 0.67 -0.63 -0.06 0.65 0.51 0.56 0.04
25.00 3.33 -154.28 157.78 628.82 -0.26 -0.06 0.84 0.89 0.34 0.36 0.22
16.00 56.76 -504.27 210.87 -255.65 0.62 0.03 0.90 0.42 0.20 0.78 0.14
7.00 4.15 -251.47 -679.98 169.27 -0.31 0.59 -0.42 0.50 0.07 0.23 0.77
5.00 2.73 464.83 139.90 -60.47 -0.53 0.16 0.42 0.74 0.63 0.75 0.87
12.00 50.41 367.62 -199.41 -544.21 -0.09 -0.00 0.33 0.45 0.45 0.86 0.78
6.00 1.71 632.40 -59.61 -109.07 0.09 -0.27 -0.37 0.18 0.39 0.58 0.28
8.00 11.82 342.10 -232.69 224.12 0.59 0.19 0.97 0.85 0.24 0.06 0.46
6.00 8.97 -231.65 154.73 -71.36 0.80 -0.47 0.94 0.62 0.45 0.44 0.62
7.00 5.16 -146.39 115.23 -413.98 -0.14 0.79 0.51 0.84 0.33 0.83 0.03
18.00 104.65 -11.44 -519.74 251.78 -0.39 -0.90 -0.32 0.52 0.50 0.76 0.24
39.00 130.23 -30.58 210.83 743.88 0.52 0.76 -0.03 0.35 0.59 0.83 0.10
5.00 7.18 305.29 -155.53 390.18 -0.61 0.84 0.99 0.82 0.52 0.07 0.06
17.00 84.05 446.53 432.67 377.49 0.46 -0.14 0.47 0.47 0.43 0.04 0.87
23.00 102.39 -257.25 -118.92 -672.79 0.35 0.95 0.12 0.74 0.32 0.76 0.90
11.00 24.27 500.37 -321.13 74.24 -0.91 0.34 0.21 0.76 0.84 0.38 0.61
19.00 62.40 450.98 592.96 -133.78 -0.42 0.70 -0.60 0.37 0.43 0.75 0.99
6.00 2.59 37.65 232.50 -617.53 0.23 0.47 0.90 0.14 0.42 0.89 0.82
28.00 263.31 -358.03 337.57 -310.40 0.62 0.80 0.34 0.73 0.77 0.19 0.87
15.00 74.76 -22.35 79.61 -92.81 0.59 -0.68 -0.64 0.02 0.55 0.17 0.11
6.00 12.69 191.45 471.46 227.05 -0.80 -0.40 -0.69 0.09 0.41 0.65 0.54
7.00 12.15 -294.17 -71.89 448.43 -0.19 0.79 -0.16 0.65 0.50 0.80 0.49
39.00 142.04 -26.54 -175.17 392.11 0.95 0.60 -0.60 0.60 0.03 0.71 0.79
9.00 28.56 227.60 -382.78 256.29 -0.56 -0.95 -0.01 0.18 0.57 0.04 0.91
6.00 11.04 336.60 190.72 -698.30 0.74 -0.46 0.47 0.34 0.15 0.63 0.48
23.00 162.79 202.20 -430.54 372.54 0.74 0.26 -0.43 0.55 1.00 0.45 0.28
7.00 5.66 -84.36 758.53 0.82 -0.61 -0.67 0.91 0.87 0.54 0.85 0.10
8.00 8.42 242.44 124.10 -397.94 -0.61 0.26 0.39 0.21 0.75 0.99 0.65
5.00 1.75 -337.27 167.25 -209.28 0.10 0.75 0.45 0.92 0.81 0.10 0.01
5.00 7.20 395.75 368.07 256.21 -0.78 0.80 0.18 0.87 0.05 0.07 0.18
9.00 8.07 487.88 222.23 -340.30 0.04 0.76 0.11 0.35 0.47 0.96 0.68
10.00 25.52 391.00 127.15 -157.73 0.81 0.46 -0.02 0.45 0.07 0.46 0.31
8.00 18.37 48.34 -515.97 414.23 -0.14 0.19 -0.07 0.84 0.98 0.72 0.18
5.00 1.56 -140.21 -660.25 -158.04 0.60 -0.12 -0.98 0.83 0.47 0.17 0.13
11.00 34.93 -126.69 -88.28 594.90 -0.29 -0.83 0.20 0.26 0.66 0.92 0.29
7.00 11.16 -742.33 -200.05 -198.44 0.51 -0.60 -0.64 0.69 0.80 0.77 0.58
9.00 26.28 342.11 -330.26 164.47 -0.20 0.02 0.59 0.64 0.47 0.65 0.71
14.00 27.01 80.72 -730.42 -295.39 -0.59 0.56 0.36 0.49 0.88 0.50 0.11
5.00 7.22 -217.74 -111.62 484.30 -0.35 0.85 0.93 0.04 0.19 0.10 0.65
7.00 15.09 21.75 -107.90 -330.86 0.41 -0.69 0.28 0.09 0.85 0.15 0.14
10.00 32.46 750.70 18.06 60.91 -0.25 -0.05 -0.83 0.84 0.31 0.67 0.43
9.00 21.56 -67.29 -333.32 718.50 -0.66 0.15 -0.56 0.32 0.20 0.82 0.26
12.00 0.45 -569.30 56.61 -158.14 -0.11 1.00 -0.90 0.72 0.82 0.59 0.46
10.00 8.34 -83.95 383.18 654.22 0.82 0.42 0.26 0.71 0.46 0.74 0.61
16.00 84.88 -6.07 616.89 83.79 0.98 -0.47 0.56 0.50 0.36 0.65 0.57
19.00 64.93 -479.07 375.04 112.20 0.88 0.40 0.84 0.62 0.16 0.60 0.41
7.00 2.10 586.45 14.92 -203.10 -0.80 -0.56 -0.90 0.92 0.99 0.63 0.70
13.00 27.49 64.44 482.64 -31.55 0.01 0.27 0.89 0.46 0.17 0.41 0.02
6.00 9.81 406.77 -271.27 -280.05 -0.94 -0.14 -0.66 0.75 0.29 0.08 0.85
29.00 62.23 -560.45 -199.63 78.99 0.47 0.39 0.09 0.32 0.17 0.29 0.20
6.00 0.70 354.75 -442.63 542.28 0.18 0.37 0.88 0.00 0.59 0.36 0.88
15.00 58.43 -186.02 -240.86 -366.91 -0.47 -0.77 -0.54 0.33 0.95 0.44 0.37
6.00 7.32 139.70 134.42 382.41 0.03 0.51 0.30 0.46 0.19 0.22 0.57
18.00 99.37 -218.82 -41.02 -102.03 -0.33 -0.22 0.31 0.50 0.19 0.75 0.23
10.00 27.02 40.28 733.31 -311.40 -0.53 0.03 0.29 0.16 0.97 0.79 0.36
5.00 4.93 -83.68 -6.46 470.12 0.10 0.02 -0.00 0.03 0.65 0.82 0.16
6.00 0.67 -578.25 408.45 -127.29 -0.78 -0.87 -0.95 0.17 0.80 0.33 0.99
11.00 6.75 563.16 -239.24 -232.23 -0.84 0.85 -0.21 0.83 0.70 0.36 0.57
10.00 4.92 722.27 3.51 47.54 0.53 -0.41 -0.69 0.44 0.26 0.56 0.30
9.00 21.22 -166.96 204.14 -166.25 0.11 0.04 -0.54 0.29 0.90 0.98 0.01
5.00 2.03 463.57 -359.59 -156.72 0.09 0.75 -0.73 0.77 0.17 0.29 0.08
13.00 17.09 -165.45 -627.73 -291.95 -0.15 0.18 0.52 0.20 0.22 0.01 0.70
16.00 49.65 75.14 -473.41 -530.25 0.68 0.06 0.05 0.14 0.23 0.06 0.10
12.00 24.74 -227.34 -262.64 359.10 0.37 0.83 0.17 0.09 0.64 0.24 0.99
8.00 20.00 117.88 -134.24 174.39 0.78 0.85 0.92 0.86 0.62 0.27 0.71
10.00 29.34 176.73 37.29 138.29 -0.91 -0.62 0.31 0.07 0.45 0.61 0.33
11.00 12.69 229.05 41.82 549.55 0.81 -0.26 -0.23 0.23 0.20 0.29 0.35
25.00 194.99 -118.27 610.11 79.93 -0.00 0.28 -0.39 0.61 0.57 0.07 0.79
14.00 36.52 -348.19 -498.24 -418.00 -0.48 0.35 -0.67 0.20 0.03 0.91 0.74
14.00 62.18 -228.14 203.33 -70.05 -0.72 -0.82 -0.82 0.10 0.49 0.71 1.00
18.00 13.97 -242.41 250.56 -298.81 0.25 0.22 -0.38 0.06 0.58 0.48 0.15
23.00 71.54 -210.47 -195.36 78.21 0.22 -0.61 0.95 0.76 0.26 0.52 0.51
13.00 21.96 -386.30 -534.57 316.02 0.74 0.27 0.83 0.82 0.18 0.99 0.23
12.00 23.80 -216.36 -507.33 -465.54 0.94 -0.97 -0.76 0.54 0.20 0.07 0.80
9.00 17.43 -584.13 -479.18 61.09 0.05 0.48 0.79 0.34 0.21 0.37 0.31
17.00 73.15 652.21 42.54 160.07 0.18 0.36 0.86 0.32 0.62 0.89 0.51
13.00 54.61 -383.61 -164.66 -580.07 0.20 -0.92 -0.02 0.04 0.98 0.86 0.06
7.00 15.91 -303.53 -19.38 52.25 -0.26 -0.26 0.49 0.60 0.28 0.52 0.84
22.00 122.35 -209.20 474.84 601.20 -0.58 1.00 -0.32 0.15 0.51 0.29 0.33
13.00 25.96 186.52 -53.60 -108.80 0.14 0.34 0.49 0.25 0.57 0.87 0.61
11.00 3.41 -544.61 120.92 69.91 0.88 -0.22 0.70 0.28 0.55 0.18 0.49
11.00 35.81 476.99 -357.80 435.30 0.08 0.06 -0.29 0.15 0.85 0.40 0.56
10.00 21.02 398.15 544.17 -311.05 0.24 0.88 0.25 0.04 0.26 0.01 0.99
6.00 0.50 -52.25 -163.34 -39.17 0.27 0.18 -0.32 0.40 0.86 0.64 0.37
5.00 4.80 275.41 27.45 -127.52 0.21 0.68 0.36 0.49 0.06 0.93 0.66
9.00 4.11 382.85 227.96 -121.18 0.35 -0.62 0.58 0.13 0.95 0.79 0.53
18.00 63.58 -107.74 555.70 107.53 -0.35 0.97 -0.09 0.89 0.97 0.45 0.07
7.00 1.98 656.12 -288.73 87.87 -0.10 -0.55 0.28 0.31 1.00 0.69 0.20
17.00 27.99 -46.10 -439.02 -596.94 -0.40 0.19 -0.37 0.72 0.91 0.45 0.97
19.00 86.58 -288.99 189.87 -48.74 0.93 0.33 0.02 0.94 0.93 0.17 0.22
31.00 240.64 -135.75 -220.39 -741.25 0.72 -0.27 0.91 0.18 0.96 0.86 0.56
15.00 17.67 116.51 13.64 -446.76 0.26 -0.45 0.13 0.51 0.75 0.87 0.19
13.00 5.39 -322.22 523.31 509.36 -0.27 -0.98 0.79 0.02 0.39 0.33 0.14
11.00 37.78 571.27 294.15 367.02 0.79 -0.97 -0.19 0.51 0.58 0.44 0.91
8.00 10.86 12.85 -511.85 -559.23 -0.19 -0.29 -0.78 0.05 0.68 0.03 0.11
11.00 4.66 209.99 137.63 230.57 0.83 -0.59 0.01 0.82 0.67 0.19 0.47
10.00 0.60 59.36 776.30 154.92 0.79 0.57 -0.09 0.24 0.76 0.92 0.77
19.00 6.08 -109.46 -187.16 -124.85 0.16 0.45 -0.32 0.04 0.51 0.50 0.78
6.00 2.68 98.74 448.43 -334.27 0.83 -0.74 -0.82 0.99 0.78 0.95 0.16
7.00 17.16 -137.15 512.02 558.19 0.79 -0.33 -0.59 0.42 0.95 0.57 0.16
21.00 27.18 -476.13 356.80 -288.68 -0.88 0.47 -0.45 0.87 0.89 0.37 0.04
26.00 52.45 -684.25 -119.24 -395.04 0.20 0.01 0.72 0.46 0.70 0.64 0.35
12.00 33.82 -341.51 -255.73 137.54 0.02 -0.21 0.90 0.20 0.58 0.66 0.29
17.00 27.53 399.92 422.21 -112.90 -0.60 0.58 0.08 0.44 0.96 0.14 0.90
7.00 6.67 -582.80 171.25 -186.07 -0.01 -0.84 0.41 0.48 0.17 0.19 0.02
6.00 4.04 264.28 -640.47 123.53 0.08 -0.91 -0.79 0.75 0.93 0.41 0.15
34.00 262.17 602.84 313.78 413.00 0.55 -0.04 -0.47 0.16 0.24 0.77 0.71
36.00 376.93 121.99 -224.11 -320.49 0.79 -0.53 0.53 0.30 0.87 0.48 0.65
5.00 4.95 118.86 627.30 91.58 0.11 -0.63 -0.30 0.72 0.62 0.85 0.00
5.00 5.32 427.93 424.54 -255.37 0.85 0.03 -0.08 0.64 0.59 0.64 0.43
5.00 5.24 -407.29 188.58 112.09 -0.81 0.59 0.14 0.36 0.79 0.83 0.82
16.00 63.40 523.08 312.52 -67.01 -0.54 0.31 -0.16 0.49 0.91 0.75 0.16
5.00 8.76 -44.62 -531.17 251.57 0.75 -0.98 -0.32 0.81 0.46 0.50 0.45
6.00 10.18 267.82 -40.85 -726.84 -0.68 -0.79 0.02 0.76 0.39 0.90 0.80
7.00 10.20 -125.56 165.49 676.54 0.42 -0.87 0.52 0.55 0.53 0.60 0.46
17.00 96.71 -287.98 -701.69 -248.71 -0.43 0.51 -0.45 0.68 0.13 0.95 0.27
16.00 47.03 -24.03 -5.85 -657.73 0.39 -0.92 -0.39 0.91 0.51 0.79 0.14
7.00 13.97 -82.12 -201.95 -661.45 0.83 0.54 0.08 0.76 0.67 0.13 0.01
7.00 0.21 -564.14 237.26 13.85 0.02 -0.02 0.46 0.76 0.18 0.44 0.29
21.00 12.48 46.08 -314.13 -308.42 0.62 0.49 0.90 0.99 0.20 0.90 1.00
9.00 12.88 537.58 62.84 -242.23 0.81 0.45 -0.22 0.04 0.60 0.02 0.69
12.00 20.58 -215.11 523.61 133.43 -0.03 0.54 -0.75 0.23 0.63 0.06 0.64
6.00 6.96 -287.69 -572.83 -89.00 -0.69 0.50 0.61 0.11 0.41 0.76 0.09
10.00 12.99 -429.34 644.33 2.16 -0.56 0.25 0.56 0.13 0.67 0.98 0.45
12.00 41.29 -154.75 24.95 -680.35 -0.01 -0.37 -0.68 0.78 0.92 0.57 0.81
7.00 8.51 488.74 -322.39 266.07 -0.12 0.36 -0.70 0.98 0.53 0.21 0.67
6.00 0.11 426.33 -363.61 547.45 0.87 0.07 0.60 0.45 0.71 0.34 0.86
38.00 251.96 -172.66 -173.88 -85.98 0.93 -0.63 0.65 0.38 0.22 0.26 0.30
12.00 23.20 187.86 -319.75 168.64 -0.15 -0.41 -0.79 0.51 0.95 0.19 0.87
11.00 9.93 -366.19 -311.39 -167.44 0.16 -0.12 -0.77 0.60 0.35 0.12 0.05
14.00 68.60 -356.17 299.12 549.35 -0.59 -0.98 -0.74 0.46 0.06 0.25 0.66
9.00 9.29 -114.62 -269.64 -656.33 0.31 -0.89 -0.43 0.73 0.24 0.50 0.96
22.00 6.01 167.07 225.84 -603.87 0.03 -0.89 0.06 0.53 0.37 0.41 0.11
36.00 369.46 -245.85 103.94 609.99 0.14 -0.70 0.58 0.31 0.01 0.85 0.56
10.00 30.72 -469.26 94.42 616.43 -0.44 0.75 -0.23 0.72 0.76 0.76 0.90
10.00 15.38 -287.24 113.81 674.05 0.45 -0.20 0.98 0.25 0.13 0.62 0.22
5.00 0.71 -106.73 249.95 -63.45 0.77 -0.70 -0.97 0.77 0.87 0.75 0.16
25.00 217.07 -96.88 -477.71 561.77 0.01 -0.47 0.55 0.53 0.96 0.15 0.58
7.00 13.67 354.41 497.29 -290.75 0.44 -0.98 -0.67 0.80 0.65 0.05 0.38
14.00 18.43 527.70 318.10 359.03 -0.69 0.94 0.49 0.88 0.24 0.68 0.11
6.00 3.63 -200.08 -194.85 -165.35 -0.40 -0.16 -0.23 0.31 0.88 0.23 0.89
30.00 234.69 43.64 77.16 379.35 0.41 -0.18 -0.85 0.50 0.66 0.17 0.35
32.00 237.56 322.61 -341.53 533.97 0.19 -0.84 0.78 0.75 0.89 0.56 0.01
30.00 44.18 -284.19 124.95 -731.65 0.47 0.53 0.25 0.81 0.17 0.36 0.93
5.00 6.40 172.44 -227.84 -348.91 0.06 -0.32 0.75 0.22 0.70 0.96 0.86
6.00 6.39 281.17 -311.37 -261.61 -0.59 -0.43 -0.14 0.19 0.67 0.97 0.77
13.00 16.36 -24.26 412.87 372.48 0.63 -0.77 0.23 0.84 0.14 0.80 0.33
14.00 22.18 -58.03 -92.08 90.68 -0.85 0.26 -0.45 0.41 0.15 0.08 0.04
13.00 1.40 -116.25 465.95 -86.99 -0.37 0.75 -0.25 0.83 0.70 0.46 0.28
6.00 0.61 111.50 -101.58 706.34 -0.14 -0.40 -0.33 0.03 0.89 0.35 0.93
7.00 5.11 147.27 -450.49 625.23 -0.81 -0.76 -0.77 0.41 0.21 0.37 0.66
12.00 1.22 -21.37 657.69 305.75 -0.37 -0.14 0.96 0.47 0.25 0.53 0.50
7.00 9.66 219.86 137.93 140.35 0.29 0.78 0.82 0.50 0.96 0.74 0.07
11.00 9.39 -557.18 350.89 -126.29 -0.26 -0.73 0.22 0.79 0.70 0.03 0.97
13.00 54.12 -32.45 -131.77 59.89 0.65 0.05 0.16 0.60 0.97 0.16 0.26
16.00 82.33 -17.18 -40.66 688.57 0.40 -0.74 -0.59 0.39 0.16 0.32 0.01
6.00 4.72 57.19 417.89 340.15 0.55 -0.12 0.34 0.37 0.64 0.24 0.13
20.00 40.98 -609.98 -197.44 359.55 0.78 0.09 -0.70 0.98 0.92 0.00 0.80
19.00 108.67 -420.61 562.12 -157.83 0.38 -0.94 0.27 0.44 0.23 0.37 0.06
10.00 3.05 -633.43 -77.79 42.72 0.18 0.42 0.53 0.76 0.98 0.71 0.70
8.00 1.95 -668.02 99.23 -292.17 0.03 -0.62 -0.97 0.32 0.24 0.68 0.21
12.00 45.16 74.33 295.07 -542.39 -0.18 -0.47 0.48 0.01 0.05 0.67 0.02
23.00 27.32 231.40 585.22 -76.71 -0.18 -0.83 -0.79 0.02 0.75 0.95 0.74
27.00 98.04 -279.63 -29.29 543.07 -0.86 -1.00 -0.16 0.89 0.03 0.73 0.75
9.00 25.80 295.65 4.54 193.26 0.52 -0.29 0.70 0.44 0.40 0.46 0.20
5.00 6.66 -699.08 -18.79 -384.78 0.48 -0.61 -0.69 0.73 0.09 0.53 0.87
8.00 7.22 -170.47 -646.12 -21.64 -0.36 -0.86 -0.37 0.93 0.49 0.77 0.56
28.00 258.00 94.73 585.85 434.32 0.80 -0.79 -0.92 0.37 0.51 0.90 0.31
27.00 236.41 596.90 118.75 269.42 -0.79 0.40 -0.25 0.60 0.68 0.60 0.32
5.00 8.81 -221.02 -535.58 -273.40 0.13 0.60 0.54 0.22 0.49 0.03 0.95
28.00 213.82 -759.29 -210.15 -124.18 0.89 -0.21 -0.29 0.15 0.32 0.79 0.50
5.00 7.59 467.09 -521.28 200.39 -0.03 -0.44 -0.58 0.77 0.73 0.55 0.89
8.00 6.68 342.39 92.75 333.08 -0.91 0.34 0.59 0.44 0.99 0.59 0.36
9.00 1.12 -58.70 58.99 -468.90 -0.62 0.14 0.26 0.39 0.70 0.91 0.53
16.00 38.13 8.72 264.81 -155.32 -0.26 0.63 -0.63 0.77 0.28 0.55 1.00
13.00 12.69 -308.03 503.06 259.60 -0.37 -0.28 0.08 0.67 0.42 0.80 0.10
10.00 11.13 98.37 -174.16 -118.26 -0.87 0.36 -0.13 0.72 0.24 0.28 0.73
8.00 11.56 -193.28 272.60 -111.81 -0.79 -0.33 -0.19 0.84 0.14 0.06 0.59
10.00 1.62 -611.50 -135.56 215.53 0.59 -0.34 0.30 0.66 0.01 0.51 0.66
7.00 16.96 341.87 -544.64 292.74 -0.73 0.17 0.57 0.05 0.66 0.24 0.06
7.00 9.19 344.21 -641.83 -151.57 -0.44 -0.92 0.06 0.39 0.49 0.22 0.34
9.00 24.10 271.90 295.37 -618.72 0.03 -0.39 0.30 0.49 0.87 0.81 0.17
10.00 1.89 -668.65 -26.57 275.07 0.84 -0.99 0.18 0.69 0.76 0.36 0.09
5.00 3.90 211.72 61.42 -339.03 -0.45 -0.15 0.41 0.04 0.93 0.49 0.45
23.00 77.54 329.57 33.80 118.25 -0.61 0.74 -0.86 0.94 0.90 0.64 0.66
5.00 8.72 405.99 -221.78 -261.44 0.42 -0.04 -0.24 0.16 0.93 0.11 0.40
19.00 43.87 -572.66 65.88 -389.53 0.53 0.58 0.25 0.68 0.37 0.48 0.59
10.00 3.14 44.94 -386.03 509.66 0.97 -0.51 0.79 0.64 0.69 0.54 0.38
11.00 5.98 -14.91 644.54 444.09 -0.74 0.58 -0.50 0.50 0.16 0.91 0.74
13.00 36.07 272.53 -278.03 -567.70 -0.05 -0.83 -0.19 0.15 0.25 0.20 0.41
9.00 10.79 284.31 -363.90 500.72 -0.97 -0.57 0.58 0.22 0.21 0.57 0.36
8.00 4.28 -502.01 -477.85 305.41 -0.64 0.87 0.36 0.49 0.41 0.47 0.40
13.00 5.65 -475.65 478.54 -314.27 -0.48 0.92 0.01 0.05 0.09 0.66 0.32
26.00 233.20 308.96 506.44 430.93 0.63 -0.13 -0.18 0.97 0.63 0.14 0.72
5.00 3.51 -225.13 600.77 -216.36 -0.68 -0.45 0.03 0.64 0.44 0.29 0.65
6.00 0.89 393.00 35.86 -533.82 -0.63 0.35 0.48 0.11 0.19 0.96 0.96
10.00 3.36 77.98 -547.28 51.77 0.94 0.52 0.47 0.80 0.40 0.41 0.50
19.00 85.65 620.11 221.10 -334.00 -0.33 0.26 -0.73 0.72 0.58 0.86 0.77
15.00 27.20 221.25 371.99 -606.25 -0.76 -0.51 -0.74 0.06 0.13 0.61 0.72
5.00 0.81 335.29 273.08 432.36 -0.76 -0.02 -0.35 0.09 0.06 0.34 0.88
19.00 77.07 -4.84 442.45 134.19 0.87 -0.74 -0.28 0.06 0.61 0.63 0.26
8.00 0.53 48.70 356.79 -85.31 0.35 -0.07 0.89 0.97 0.71 0.35 0.11
18.00 60.23 579.15 360.68 -94.22 0.96 -0.43 0.47 0.92 0.44 0.37 0.24
17.00 61.42 -204.81 -40.33 390.11 0.26 0.10 -0.77 0.25 0.96 0.10 0.90
5.00 6.93 571.06 460.78 58.64 0.34 -0.44 0.79 0.98 0.08 0.27 0.44
10.00 23.21 -179.16 208.11 -534.18 0.83 -0.21 0.75 0.59 0.05 0.59 0.87
8.00 22.43 238.20 -378.58 -492.21 -0.18 0.11 0.30 0.97 0.26 0.12 0.42
11.00 5.00 -593.49 -217.66 471.97 0.35 -0.25 0.79 0.44 0.43 0.98 0.86
10.00 16.16 -462.41 245.35 -35.46 0.59 0.55 0.43 0.45 0.22 0.37 0.73
6.00 4.24 78.72 200.89 680.69 -0.23 0.48 -0.51 0.94 0.11 0.38 0.82
12.00 22.66 -197.94 28.93 608.14 -0.57 -0.77 -0.91 0.35 0.36 0.24 0.47
5.00 1.14 -513.27 334.19 -483.03 -0.68 0.13 -0.87 0.93 0.66 0.14 0.94
7.00 3.17 -166.10 579.06 -524.44 0.97 -0.23 -0.14 0.99 0.14 0.90 0.01
9.00 17.96 195.03 -521.16 -265.25 0.76 -0.11 -0.13 0.11 0.15 0.89 0.87
5.00 8.42 -73.86 334.25 -116.40 -0.21 -0.30 0.39 0.76 0.09 0.11 0.41
10.00 31.42 602.23 218.88 -300.33 -0.92 -0.17 0.94 0.24 0.42 0.33 0.63
15.00 62.46 165.95 -17.98 354.45 -0.71 -0.69 -0.62 0.19 0.12 0.63 0.58
18.00 114.40 -725.63 -82.80 -160.45 0.70 -0.59 -0.07 0.03 0.77 0.98 0.68
22.00 111.50 -173.55 44.77 575.37 0.85 0.66 -0.52 0.50 0.70 0.38 0.20
9.00 15.97 516.69 -255.99 326.63 0.08 -0.53 -0.26 0.57 0.07 0.57 0.52
34.00 121.15 218.29 -176.71 -740.41 -0.57 -0.77 -0.42 0.82 0.08 0.78 0.71
10.00 3.16 195.85 313.08 -5.22 0.96 0.85 0.94 0.44 0.01 0.46 0.96
21.00 46.95 -275.26 614.25 154.54 -0.98 -0.23 0.39 0.77 0.74 0.11 0.53
13.00 40.99 240.50 279.54 443.33 0.60 -0.58 0.47 0.70 0.18 0.48 0.77
11.00 25.23 -347.30 -66.83 554.69 0.92 -0.27 0.26 0.55 0.32 0.82 0.56
15.00 52.54 310.77 118.15 -288.45 0.72 0.46 0.77 0.48 0.41 0.62 0.84
5.00 3.02 -12.38 190.90 409.82 -0.12 -0.24 -0.41 0.50 0.10 0.26 0.18
11.00 26.29 501.29 241.83 -213.59 -0.69 0.57 -0.17 0.26 0.07 0.33 0.82
11.00 40.20 -78.81 -675.29 204.03 -0.52 -0.87 -0.06 0.47 0.22 0.42 0.05
27.00 13.44 -110.31 -542.50 -206.45 0.55 0.38 0.86 0.17 0.06 0.08 0.18
37.00 274.44 339.55 -238.81 573.18 0.19 0.90 -0.80 0.75 0.25 0.09 0.65
14.00 53.95 -12.72 92.09 386.86 -0.06 -0.10 -0.14 0.36 0.47 0.47 0.09
8.00 5.50 204.49 465.92 124.97 0.94 -0.13 0.19 0.37 0.67 0.60 0.24
38.00 496.81 407.80 269.23 -103.62 -0.25 0.28 0.45 0.83 0.08 0.68 0.99
30.00 224.07 -752.17 115.42 -168.66 -0.05 -0.04 0.16 0.62 0.48 0.30 0.36
34.00 344.36 -44.69 -482.40 -173.00 0.09 0.96 0.91 0.87 0.11 0.60 0.85
12.00 26.22 -63.44 17.07 -605.24 0.08 -0.74 -0.79 0.04 0.61 0.68 0.29
6.00 1.51 32.60 27.00 375.53 0.52 -0.71 0.39 0.18 0.41 0.07 0.98
6.00 3.07 -631.21 -343.73 -320.15 -0.29 -0.60 -0.97 0.24 0.35 0.88 0.25
11.00 3.27 290.75 -256.37 -682.00 -0.31 -0.88 0.57 0.50 0.56 0.05 0.12
9.00 3.44 592.89 208.01 311.78 0.69 -0.07 -0.77 0.12 0.34 0.75 0.19
36.00 355.10 228.70 -575.52 -81.28 -0.67 0.27 -0.60 0.46 0.27 0.01 0.57
7.00 10.78 378.64 -37.76 20.06 -0.13 -0.92 -0.98 0.59 0.32 0.77 0.27
17.00 13.20 -720.06 -319.59 -80.73 0.06 0.09 -0.82 0.97 0.23 0.20 0.16
5.00 2.43 -378.18 -127.26 167.84 -0.79 -0.11 -0.99 0.13 0.89 0.62 0.28
8.00 8.91 -241.75 638.70 276.96 0.45 0.95 -0.81 0.43 0.79 0.55 0.33
5.00 0.25 462.59 354.93 478.25 -0.98 -0.61 -0.11 0.55 0.78 0.77 0.14
18.00 72.36 -6.79 32.21 -129.64 0.43 0.57 0.80 0.73 0.76 0.74 0.30
27.00 188.01 -495.67 -168.72 266.89 0.61 0.12 -0.74 0.56 0.19 0.25 0.68
14.00 8.33 -62.26 -330.72 530.04 0.14 -0.13 0.67 0.31 0.52 1.00 0.28
9.00 14.88 -182.59 -345.60 -424.99 0.31 0.91 -0.57 0.48 0.65 0.21 0.66
6.00 3.78 -289.50 474.00 413.70 -0.43 0.72 0.17 0.12 0.43 0.37 0.90
27.00 18.49 411.40 -434.07 480.16 0.22 0.85 0.43 0.21 0.37 0.77 0.80
25.00 139.01 422.72 42.55 -381.07 0.81 -0.32 -0.49 0.47 0.04 0.94 0.51
35.00 310.61 -2.83 528.17 439.14 0.62 -0.71 -0.61 0.66 0.70 0.68 0.42
10.00 10.40 -410.98 -257.41 -133.06 0.60 0.27 -0.89 0.29 0.54 0.82 0.70
16.00 37.04 -406.62 680.43 -18.32 0.70 0.55 0.49 0.84 0.80 0.68 0.23
15.00 14.12 -486.52 65.51 -393.43 0.28 0.48 -0.22 0.26 0.42 0.37 0.26
27.00 51.57 -325.23 -133.39 699.27 -0.47 0.19 0.99 0.34 0.08 0.42 0.46
21.00 6.01 -540.13 574.78 31.01 -0.88 0.74 -0.39 0.05 0.07 0.42 0.00
8.00 8.66 344.49 52.27 408.61 0.62 0.78 -0.66 0.99 0.08 0.50 0.74
17.00 43.29 145.77 498.13 -150.98 -0.66 -0.25 -0.19 0.91 0.74 0.47 0.70
13.00 1.59 83.76 242.01 -730.91 0.64 0.55 0.41 0.27 0.95 0.79 0.69
15.00 4.20 63.81 131.94 711.32 0.49 0.08 0.02 0.76 0.05 0.86 0.46
8.00 17.54 -689.48 -47.87 -105.17 0.85 -0.84 0.69 0.46 0.46 0.31 0.17
7.00 1.86 54.33 -92.65 145.25 0.26 -0.49 0.40 0.15 0.75 0.35 0.41
17.00 40.40 -8.15 355.37 -29.27 0.45 -0.45 -0.74 0.60 0.13 0.87 0.32
5.00 1.60 578.22 214.19 -44.79 -0.93 -0.38 -0.52 0.91 0.02 0.26 0.11
7.00 9.63 187.65 253.28 -612.04 -0.02 -0.88 -0.07 0.82 0.59 0.71 0.20
10.00 34.73 -102.87 -415.80 650.72 -0.83 -0.64 -0.29 0.70 0.57 0.19 0.63
13.00 1.05 356.93 368.14 408.09 0.54 0.47 0.01 0.93 0.05 0.47 0.69
9.00 23.32 -521.93 -50.42 501.46 0.66 -0.58 0.25 0.35 0.52 0.49 0.34
29.00 44.47 -411.01 -184.50 -292.21 0.54 0.88 -0.67 0.68 0.75 0.69 0.02
5.00 6.32 524.08 -409.79 302.17 -0.30 0.94 0.47 0.39 0.30 0.58 0.34
14.00 49.53 108.81 614.83 -356.93 0.55 0.10 0.71 0.79 0.18 0.40 0.46
8.00 4.54 233.67 -576.59 -213.27 -0.93 0.01 -0.43 0.51 0.41 0.25 0.27
11.00 27.91 24.52 165.77 -618.87 -0.81 0.63 0.67 0.71 0.54 0.84 0.22
5.00 7.95 35.48 -498.74 -503.39 -0.51 0.61 -0.92 0.39 0.77 0.72 0.67
7.00 10.56 529.38 -79.22 126.14 0.29 -0.97 -0.97 0.07 0.77 0.63 0.81
14.00 41.18 485.08 -426.31 267.63 0.50 0.59 -0.49 0.59 0.66 0.37 0.66
6.00 3.41 631.44 -299.19 -22.68 -0.94 0.76 -0.76 0.88 0.85 0.30 1.00
11.00 23.90 -360.24 -324.59 -398.86 0.08 -0.65 -0.24 0.39 0.84 0.22 0.48
14.00 45.97 579.95 -239.05 -84.36 -0.83 -0.33 -0.95 0.82 0.04 0.62 0.44
11.00 39.53 -278.29 -664.67 118.14 0.93 0.98 0.47 0.91 0.81 0.41 0.87
33.00 62.60 -680.80 -150.38 -211.08 -0.78 0.02 -0.22 0.65 0.87 0.85 0.60
6.00 10.34 -178.91 444.46 -533.84 -0.74 0.67 -0.78 0.15 0.58 0.98 0.28
6.00 11.57 377.58 268.90 313.06 0.92 0.66 0.37 0.12 0.88 0.29 0.20
15.00 71.89 439.10 -330.56 88.69 -0.85 0.54 -0.35 0.18 0.18 0.00 0.93
11.00 29.16 253.68 -693.03 265.62 -0.36 -0.43 -0.76 0.32 0.78 0.62 0.34
9.00 6.39 230.21 -456.98 -202.91 0.24 -0.60 -0.95 0.33 0.49 0.25 0.73
5.00 1.74 190.38 242.34 199.40 -0.86 -0.30 -0.99 0.22 0.29 0.52 0.14
7.00 7.17 -145.35 -301.73 -54.35 -0.11 0.53 0.55 0.57 0.58 0.14 0.83
9.00 27.15 -352.47 -61.56 -625.68 -0.88 0.96 -0.72 0.97 0.21 0.23 0.31
9.00 10.83 -150.51 -238.19 -457.48 0.98 0.98 -0.32 0.29 0.56 0.02 0.91
10.00 18.53 68.66 199.78 760.93 -0.33 -0.60 -0.97 0.41 0.37 0.50 0.10
7.00 0.59 583.09 -308.21 447.87 0.68 0.88 -0.01 0.27 0.84 0.25 0.45
11.00 34.60 -574.91 -272.29 396.65 -0.55 -0.10 -0.26 0.33 0.81 0.10 0.19
39.00 448.35 462.43 636.90 92.51 0.74 0.12 -0.69 0.89 0.92 0.28 0.43
21.00 87.60 459.21 623.53 197.88 -0.38 0.45 -0.38 0.57 0.30 0.39 0.09
15.00 32.14 487.36 451.14 -247.07 -0.95 0.18 0.25 0.75 0.12 0.17 0.77
10.00 21.87 -292.65 436.49 272.80 0.01 -0.73 -0.98 0.10 0.01 0.50 0.67
5.00 1.43 -327.41 375.04 358.64 -0.11 0.41 -0.33 0.87 0.92 0.21 0.05
11.00 16.86 680.76 -226.16 -141.18 0.47 0.03 0.04 0.10 0.70 0.38 0.58
15.00 15.18 -676.88 179.21 -227.84 -0.15 -0.67 0.45 0.68 0.20 0.20 0.98
13.00 42.62 -89.64 160.44 -485.10 0.02 0.38 0.18 0.39 0.72 0.97 0.39
16.00 73.60 93.72 101.89 115.31 0.29 -0.64 0.96 0.15 0.90 0.29 0.93
10.00 8.09 -586.89 -107.47 -505.06 -0.06 -0.17 -0.56 0.60 0.11 0.41 0.41
10.00 30.66 506.66 69.09 -211.72 0.91 -0.00 -0.57 0.52 0.63 0.19 0.71
9.00 18.32 326.77 -388.54 -220.62 -0.61 -0.03 0.85 0.65 0.42 0.37 0.07
5.00 4.22 -237.31 507.18 -412.07 0.88 0.95 0.89 0.27 0.21 0.33 0.39
5.00 6.41 -326.95 206.45 112.12 -0.12 0.73 0.28 0.52 0.83 0.42 0.27
9.00 12.61 -173.87 541.54 -245.52 -0.57 -0.66 -0.14 0.80 0.03 0.13 0.07
9.00 10.95 720.07 -43.73 -328.76 0.19 0.54 0.07 0.95 0.15 0.48 0.06
9.00 11.58 -319.54 342.17 -45.47 0.82 0.61 0.15 0.78 0.21 0.09 0.39
5.00 4.97 294.56 -188.07 -252.59 -0.30 0.72 0.50 0.51 0.90 0.65 0.99
10.00 6.98 35.30 -606.73 344.59 -0.90 -0.95 -0.15 0.19 0.42 0.75 0.83
5.00 5.79 244.66 -443.22 99.81 0.85 -0.58 0.20 0.06 0.57 0.27 0.78
5.00 7.03 156.16 505.19 130.07 0.11 0.09 0.32 0.99 0.04 0.60 0.54
6.00 12.48 -137.75 64.36 -19.58 -0.31 -0.72 -0.35 0.14 0.72 0.71 0.58
21.00 135.20 580.19 -364.08 -226.77 -0.77 -0.68 -0.96 0.67 0.30 0.99 0.96
9.00 5.05 329.16 -298.51 -160.23 -0.43 -0.94 0.86 0.52 0.69 0.72 0.28
9.00 22.40 -501.61 184.54 36.80 0.17 -0.75 -0.62 0.54 0.64 0.54 0.32
16.00 43.33 -100.70 47.01 156.71 0.30 0.87 -0.59 0.94 0.87 0.67 0.62
14.00 44.96 24.09 -699.86 90.92 0.84 0.44 0.25 0.51 0.08 0.95 0.55
7.00 1.98 124.40 -153.39 94.84 -0.73 0.57 -0.47 0.52 0.46 0.12 0.65
9.00 6.44 -154.91 -165.59 -652.40 -0.10 -0.84 0.41 0.77 0.36 1.00 0.62
7.00 12.33 -222.78 112.43 -142.71 0.52 -0.62 -0.10 0.75 0.31 0.25 0.16
24.00 174.15 164.20 171.22 283.45 0.28 -0.80 -0.94 0.79 0.83 0.26 0.64
5.00 2.15 62.84 638.57 148.37 -0.88 -0.32 -0.24 0.83 0.51 0.54 0.99
28.00 49.74 -193.48 -81.73 193.80 -0.03 -0.88 -0.88 0.84 0.73 0.23 0.88
5.00 5.10 448.15 -353.12 408.04 0.15 0.48 -0.13 0.29 0.21 0.95 0.34
20.00 51.43 137.32 -69.94 272.87 0.75 0.73 -0.12 0.94 0.15 0.09 0.21
5.00 1.27 638.95 -45.14 -124.20 0.81 0.93 -0.05 0.23 0.78 0.56 0.67
35.00 404.22 182.11 -17.01 -192.18 -0.81 -0.77 0.61 0.61 0.83 0.79 0.82
8.00 1.51 -704.40 127.75 -246.65 0.08 0.84 0.11 0.43 0.84 0.79 0.04
8.00 14.74 -136.00 -324.93 -466.05 -0.29 -0.48 -0.63 0.23 0.80 0.55 0.17
7.00 4.51 -90.74 243.26 -627.64 -0.95 0.46 0.03 0.70 0.53 0.95 0.31
8.00 5.49 -81.86 -620.72 -470.21 -0.17 -0.30 0.14 0.02 0.09 0.31 0.80
7.00 7.78 138.33 497.33 -235.73 -0.23 -0.29 0.34 0.82 0.41 0.07 0.89
9.00 18.57 351.07 329.14 -397.04 0.73 -0.59 -0.68 0.35 0.34 0.60 0.42
7.00 14.21 472.76 458.12 65.88 0.30 0.19 0.86 0.85 0.88 0.28 0.47
13.00 51.92 510.44 -579.79 75.68 0.79 -0.40 -0.49 0.05 0.60 0.36 0.02
29.00 201.78 -40.90 34.17 -416.81 -0.83 0.29 -0.50 0.25 0.95 0.24 0.36
11.00 35.05 -190.40 -113.61 384.05 -0.37 0.98 0.08 0.96 0.66 0.23 0.69
23.00 66.17 -271.46 -538.36 -162.70 -0.12 -0.45 0.04 0.40 0.13 0.19 0.73
14.00 56.65 -591.59 214.58 -155.73 0.75 -0.56 -0.64 0.88 0.21 0.61 0.84
7.00 1.22 -489.89 -309.16 -417.54 -0.33 -0.61 0.68 0.50 0.64 0.42 0.37
15.00 44.97 519.11 277.84 292.30 0.65 -0.73 0.83 0.21 0.86 0.31 0.43
35.00 321.93 -238.41 296.49 -690.82 0.85 -0.24 0.31 0.64 0.80 0.85 0.94
6.00 2.02 -8.52 -750.91 80.39 -0.17 0.96 0.24 0.37 0.44 0.03 0.35
6.00 5.16 118.49 -81.55 -67.14 0.49 0.94 -0.67 0.67 0.26 0.76 0.33
22.00 110.90 259.70 -474.09 281.45 -0.33 -0.44 0.95 0.15 0.99 0.01 0.65
7.00 0.60 -589.69 31.99 118.07 0.04 0.56 0.95 0.32 0.70 0.46 0.64
5.00 2.18 271.66 -119.76 -172.44 0.36 -0.54 0.99 0.90 0.63 0.14 0.16
6.00 9.52 -263.58 209.71 693.23 0.42 0.75 0.94 0.34 0.65 0.89 0.02
14.00 59.98 -22.23 159.12 -333.70 -0.96 -0.01 0.59 0.46 0.25 0.45 0.56
6.00 9.72 -65.11 -173.99 -548.34 0.26 -0.57 0.67 0.48 0.33 0.32 0.89
9.00 3.95 241.76 388.54 499.36 0.31 0.67 -0.18 0.09 0.87 0.54 0.88
10.00 20.12 -529.45 439.24 332.35 0.65 -0.97 0.71 0.76 0.71 0.22 0.80
11.00 8.24 534.55 -386.54 25.62 -0.40 0.12 0.44 0.81 0.26 0.89 0.93
5.00 5.81 -354.23 -128.14 -165.66 -0.02 0.43 -0.78 0.34 0.97 0.02 0.35
15.00 51.93 663.72 252.51 237.87 -0.65 0.46 -0.75 0.05 0.47 0.49 0.85
10.00 31.93 166.15 677.31 -57.65 -0.73 0.83 -0.66 0.10 0.24 0.43 0.51
12.00 27.40 235.62 -570.12 -188.94 0.67 -0.75 0.60 0.71 0.91 0.62 0.37
9.00 19.38 204.07 196.60 -477.59 0.95 0.51 0.13 0.99 0.39 0.62 0.45
31.00 80.85 -517.41 -428.14 -190.01 -0.68 -0.96 0.72 0.50 0.36 0.14 0.79
13.00 13.36 -549.86 92.90 239.18 -0.67 -0.77 -0.32 0.70 0.95 0.45 0.27
5.00 3.55 574.68 194.67 363.22 0.30 0.70 -0.62 0.43 0.22 0.43 0.86
12.00 21.91 -392.13 564.51 42.48 -0.69 -0.93 0.52 0.35 0.56 0.40 0.37
15.00 77.78 -373.34 -257.94 -366.59 -0.07 -0.15 -1.00 0.35 0.77 0.97 0.27
12.00 11.95 475.71 -35.19 231.95 -0.92 -0.27 0.30 0.68 0.98 0.05 0.70
5.00 3.67 364.55 -184.26 -3.63 -0.95 -0.02 0.76 0.34 0.79 0.75 0.45
7.00 8.64 -266.17 -145.96 436.94 -0.87 -0.22 0.82 0.47 0.15 0.58 0.18
26.00 193.60 -289.67 370.49 -478.48 -0.85 -0.89 -0.20 0.50 0.14 0.07 0.19
5.00 2.62 32.96 234.81 114.13 -0.39 -0.80 0.84 0.76 0.20 0.79 0.05
20.00 137.73 369.53 -306.20 -83.27 0.30 0.70 0.07 0.16 0.09 0.90 0.09
6.00 11.15 -291.07 400.96 -45.40 0.54 -0.78 -0.79 0.63 0.04 0.61 0.32
11.00 36.66 -547.92 145.29 394.58 -0.61 -0.79 -0.73 0.12 0.16 0.11 1.00