0.83 1094
18.00 34.81 368.27 -96.00 340.46 0.42 -0.47 0.82 0.42 0.44 0.13 0.61
14.00 12.92 379.42 442.22 -147.39 0.88 0.83 0.75 0.49 0.39 0.03 0.90
12.00 38.68 -333.44 -489.45 423.12 -0.64 0.15 0.35 0.84 0.37 0.31 0.75
17.00 43.70 -284.31 -628.08 -271.92 0.02 0.92 0.60 0.21 0.64 0.08 0.41
15.00 37.33 74.06 -585.29 317.83 -0.13 -0.44 -0.63 0.41 0.44 0.86 0.06
8.00 4.07 -82.16 -445.47 569.33 0.88 -0.50 0.39 0.91 0.12 0.08 0.92
23.00 78.18 -422.87 -605.49 -87.19 -0.82 -0.85 -0.47 0.70 0.36 0.52 0.46
25.00 57.41 262.66 -197.55 142.14 0.77 0.51 -0.48 0.36 0.91 0.83 0.69
8.00 3.19 114.38 -117.79 -585.54 -0.83 0.39 0.00 0.91 0.26 0.52 0.43
5.00 4.07 -195.45 220.14 295.70 0.49 -0.72 -0.95 0.43 0.68 0.83 0.42
5.00 1.57 -44.62 -531.17 251.57 0.61 -0.87 -0.26 0.93 0.24 0.58 0.79
10.00 3.20 637.04 -319.89 -8.63 -0.30 -0.18 0.41 0.78 0.52 0.75 0.21
10.00 1.85 324.45 -191.64 -478.27 0.04 -0.73 0.72 0.20 0.80 0.11 0.03
28.00 161.08 -30.88 254.51 275.20 -0.45 -0.63 0.67 0.78 0.90 0.17 0.05
18.00 54.22 -124.26 44.27 331.43 -0.94 0.52 0.12 0.30 0.67 0.06 0.51
18.00 63.66 94.14 10.38 408.96 -0.27 -0.25 0.16 0.21 0.72 0.17 0.59
5.00 7.10 638.76 0.83 400.24 -0.38 -0.83 0.03 0.67 0.19 0.83 0.03
10.00 29.76 -276.21 -204.01 351.15 -0.47 0.81 -0.43 0.07 0.24 0.08 0.94
5.00 7.06 378.32 -443.09 -251.98 0.91 0.16 0.04 0.67 0.93 0.28 0.52
9.00 2.61 -635.07 -39.92 276.09 0.34 -0.77 0.42 0.67 0.87 0.60 0.76
8.00 10.27 377.11 -184.87 -10.39 0.97 -0.26 0.77 0.09 0.92 0.21 0.14
16.00 16.96 -361.55 366.48 346.44 -0.33 0.77 -0.81 0.53 0.99 0.17 0.70
6.00 6.97 74.21 -279.13 423.32 0.08 -0.86 0.73 0.43 0.85 0.89 0.19
14.00 2.08 706.81 -77.27 325.35 0.84 -0.81 0.54 0.53 0.06 0.29 0.55
21.00 28.05 -253.98 131.27 -128.47 -0.92 -0.60 -0.98 0.04 0.79 0.06 0.51
5.00 1.20 185.89 737.73 238.72 -0.13 -0.81 -0.61 0.33 0.92 0.55 0.62
7.00 6.46 -520.78 -257.70 288.40 -0.15 0.03 -0.36 0.43 0.38 0.10 0.43
21.00 59.63 -116.96 259.76 -248.74 1.00 0.36 0.12 0.84 0.20 0.13 0.74
8.00 6.64 -131.02 -254.94 -271.40 0.84 -0.21 -0.40 0.31 0.00 0.21 0.67
12.00 30.22 -600.83 282.43 33.72 0.31 0.19 0.01 0.18 0.27 0.36 0.81
13.00 44.18 -31.93 114.28 497.70 0.21 -0.87 -0.47 0.83 0.53 0.78 0.04
24.00 4.54 -176.32 -705.21 -127.19 -0.62 -0.75 0.46 0.08 0.89 0.95 0.01
10.00 20.12 -207.00 -206.68 172.27 -0.93 0.54 -0.66 0.09 0.58 0.11 0.38
6.00 7.22 21.67 -133.68 -162.39 0.41 -0.13 0.21 0.15 0.80 0.19 0.48
12.00 41.28 -459.83 200.64 309.14 -1.00 -0.59 -0.20 1.00 0.41 0.87 0.18
8.00 8.25 180.86 -228.71 150.64 0.54 0.92 0.21 0.83 0.87 0.58 0.95
5.00 5.59 578.58 -16.06 198.57 0.19 -0.52 0.07 0.21 0.61 0.82 0.35
13.00 2.23 50.98 -748.48 -87.59 -0.17 0.38 0.72 0.26 0.17 0.67 0.06
9.00 9.40 536.15 105.68 -366.19 -0.81 0.18 0.32 0.59 0.30 0.16 0.04
15.00 20.56 656.56 -359.24 62.61 -0.84 -0.93 0.22 0.39 0.92 0.21 0.88
12.00 23.52 -88.65 -570.46 405.20 -0.59 0.26 1.00 0.99 0.74 0.22 0.34
17.00 22.68 -236.05 16.98 -145.73 -1.00 -0.71 0.00 0.59 0.89 0.77 0.04
26.00 171.46 -250.13 -434.15 13.86 -0.28 0.42 -0.52 0.77 0.70 0.16 0.69
24.00 7.55 -365.57 448.54 349.06 0.01 0.11 -0.49 0.16 0.84 0.47 0.59
14.00 5.49 299.38 434.29 -190.43 -0.41 0.89 0.30 0.49 0.63 0.70 0.70
12.00 31.18 -227.57 365.41 89.15 -0.73 0.56 -1.00 0.80 0.20 0.73 0.53
5.00 4.30 656.71 232.81 380.30 0.06 0.99 0.67 0.97 0.60 0.01 0.35
19.00 98.33 -238.93 206.94 331.06 0.61 -0.03 0.71 0.54 0.63 0.56 0.87
7.00 14.12 31.24 -531.29 -541.48 -0.23 0.77 -0.34 0.15 0.72 0.30 0.09
12.00 12.04 298.48 220.20 -620.96 -0.77 -0.11 -0.26 0.02 0.44 0.91 0.22
12.00 23.76 -328.51 -222.13 -646.78 0.68 -0.11 -0.05 0.98 0.54 0.66 0.09
6.00 0.70 421.87 197.60 369.59 0.96 0.51 -0.10 0.05 0.66 0.41 0.28
5.00 6.04 376.88 -191.94 147.17 -0.48 0.10 0.49 0.12 0.38 0.04 0.50
33.00 104.96 450.27 -294.70 220.51 0.93 -0.73 -0.95 0.73 0.85 0.46 0.57
8.00 5.01 576.28 44.03 -16.29 -0.02 -0.64 -0.45 0.36 0.24 0.70 0.23
5.00 6.87 292.76 339.86 -474.66 -0.66 0.49 0.26 0.84 0.73 0.07 0.17
7.00 3.96 -125.61 69.44 678.95 0.59 0.16 -0.94 0.82 0.13 0.16 0.06
7.00 10.92 198.64 352.07 431.29 0.09 0.34 0.29 0.70 0.40 0.04 0.20
24.00 119.85 -397.51 385.67 174.31 0.20 0.51 -0.25 0.38 0.39 0.14 0.82
8.00 6.54 164.84 79.03 750.07 0.33 -0.99 -0.09 1.00 0.37 0.46 0.89
11.00 4.64 -439.08 -229.53 44.63 0.22 -0.39 0.62 0.74 0.88 0.21 0.51
6.00 3.84 342.71 -95.78 -154.00 0.56 0.76 -0.74 0.67 0.32 0.57 0.72
23.00 150.81 -435.51 -314.68 535.25 0.77 -0.87 0.01 0.03 0.87 0.70 0.44
10.00 23.97 757.54 -189.87 -83.59 -1.00 0.82 0.20 0.80 0.54 0.43 0.88
5.00 6.62 221.14 665.28 -220.87 -0.80 -0.09 0.89 0.13 0.27 0.83 0.87
12.00 15.19 682.29 -234.59 85.15 -0.94 -0.41 -0.34 0.08 0.15 0.79 0.10
11.00 15.99 235.10 113.32 -367.79 0.18 -0.60 -0.98 0.74 0.69 0.55 0.26
8.00 2.14 -534.94 137.02 -170.25 -0.06 0.38 -0.84 0.75 0.35 0.91 0.60
16.00 66.91 137.96 -509.96 398.59 -0.97 -0.46 0.95 0.56 0.04 0.85 0.49
6.00 1.49 491.79 453.69 -354.77 0.23 -0.84 0.43 0.75 0.82 0.99 0.45
9.00 13.16 -18.64 -69.37 -566.38 -0.02 0.93 -0.54 0.38 0.44 0.56 0.16
11.00 30.95 -76.95 260.34 113.13 -0.72 0.08 -0.77 0.84 0.41 0.20 0.82
8.00 11.61 -413.30 -211.40 -18.24 0.65 -0.50 -0.74 0.56 0.42 0.41 0.36
12.00 29.11 310.98 -245.45 -313.90 0.73 0.68 -0.49 0.38 0.75 0.28 0.34
7.00 13.16 402.82 -452.88 84.22 -0.69 -0.46 0.19 0.07 0.14 0.26 0.42
36.00 169.48 -322.35 265.41 -643.16 0.75 0.51 0.89 0.15 0.96 0.39 0.68
8.00 19.03 -376.45 231.94 215.18 0.42 -0.74 0.38 0.44 0.24 0.08 0.08
5.00 7.44 121.90 -155.62 -210.31 -0.74 -0.04 0.42 0.30 0.52 0.18 0.69
11.00 0.89 -4.52 -383.36 241.25 -0.78 0.04 -0.19 0.63 0.29 0.12 0.76
12.00 3.57 -50.69 -82.38 -258.82 -1.00 0.45 -0.16 0.80 0.92 0.93 0.75
22.00 21.16 -425.80 230.59 -448.55 0.47 0.99 -0.14 0.07 0.87 0.44 0.04
7.00 4.47 180.48 564.66 -468.45 0.67 0.87 0.82 0.16 0.56 0.42 0.08
6.00 1.91 718.51 205.63 -139.94 0.07 0.39 0.38 0.16 0.73 0.08 0.01
11.00 31.92 206.70 -24.35 396.50 -0.61 -0.63 -0.14 0.95 0.07 0.87 0.21
10.00 28.40 586.15 -460.89 23.60 -0.55 0.16 -0.33 0.63 0.66 0.90 0.42
16.00 37.18 -274.38 131.78 425.13 -0.22 -0.47 -0.32 0.79 0.68 0.44 0.55
31.00 156.88 441.52 282.27 442.35 -0.28 0.65 -0.83 0.31 0.96 0.02 0.84
10.00 7.34 -122.38 -565.92 253.85 -0.77 -0.99 0.51 0.68 0.16 0.48 0.93
26.00 135.26 185.17 -567.77 -397.99 0.74 0.00 -0.91 0.27 0.66 0.53 0.91
6.00 7.32 411.50 -235.35 580.38 -0.52 -0.22 -0.78 0.22 0.67 0.02 0.00
13.00 7.17 596.30 252.79 266.11 -0.50 -0.11 0.27 0.64 0.46 0.58 0.48
12.00 31.51 657.87 201.88 46.00 0.96 -0.57 0.36 0.91 0.71 0.14 0.42
12.00 38.73 -14.55 507.74 205.02 0.45 -0.47 -0.45 0.70 0.58 0.68 0.03
8.00 6.12 -474.65 -229.09 583.60 0.96 -0.05 0.48 0.06 0.53 1.00 0.05
26.00 81.95 245.36 -282.25 647.13 0.10 -0.61 -0.17 0.76 0.90 0.51 0.57
5.00 6.31 300.28 68.04 -83.16 -0.01 0.72 -0.63 0.79 0.52 0.63 0.91
15.00 48.57 -184.18 410.95 -331.64 -0.18 0.20 0.18 0.47 0.75 0.49 0.62
17.00 7.04 453.61 375.80 5.85 0.56 -0.27 -0.42 0.95 0.56 0.93 0.35
7.00 2.83 63.50 -143.56 -240.43 -0.29 -0.03 -0.48 0.80 0.03 0.66 0.10
5.00 7.04 -286.51 509.43 -197.98 -0.27 -0.96 -0.97 0.61 0.92 0.16 0.57
6.00 2.30 654.66 -282.09 -172.53 0.24 0.62 -0.58 0.05 0.43 0.43 0.26
15.00 39.76 500.90 248.08 54.60 0.81 0.27 -0.33 0.91 0.75 0.01 0.91
8.00 17.36 -188.18 -505.14 -569.25 -0.55 -0.14 -0.66 0.54 0.88 0.30 0.08
14.00 47.16 -469.80 -522.85 375.25 -0.16 -0.15 0.43 0.05 0.06 0.73 0.63
12.00 25.14 -540.64 357.88 190.87 0.76 -0.72 -0.65 0.54 0.44 0.15 0.66
7.00 7.77 2.60 -460.15 632.51 0.29 -0.95 0.89 0.47 0.74 0.20 0.28
7.00 7.29 537.08 -91.18 -276.30 -0.97 -0.66 0.93 0.43 0.71 0.11 0.38
14.00 5.51 -568.78 -47.01 378.33 -0.78 0.13 -0.64 0.51 0.89 0.71 0.14
12.00 37.85 -152.10 145.88 -289.21 -0.33 0.52 0.54 0.67 0.93 0.48 0.34
17.00 7.38 -237.68 614.23 407.31 0.28 0.08 0.68 0.70 0.14 0.16 0.16
13.00 13.05 -108.87 16.59 -529.98 -0.23 -0.78 0.76 0.34 0.51 0.07 0.14
5.00 4.90 0.62 -278.62 25.18 -0.75 -0.81 0.92 0.14 0.36 0.97 0.64
10.00 3.93 237.57 -276.94 -403.78 -0.03 -0.82 -0.10 0.04 0.53 0.10 0.31
5.00 1.25 275.88 193.33 218.94 -0.94 -0.63 -0.71 0.39 0.96 0.53 0.56
24.00 109.48 242.18 -703.54 -43.28 -0.40 0.53 -0.76 0.33 0.79 0.41 0.34
6.00 10.21 -15.53 558.12 342.05 0.63 0.99 -0.67 0.60 0.13 0.54 0.65
9.00 11.28 547.70 444.86 -104.93 0.21 -0.72 0.98 0.43 0.26 0.44 0.68
17.00 24.29 -523.54 -42.72 323.49 0.28 0.71 -0.03 0.39 0.68 0.68 0.82
13.00 3.00 -39.58 -100.56 -320.27 -0.58 -0.44 -0.65 0.46 0.33 0.70 0.80
14.00 27.64 266.12 -539.44 129.06 -0.91 0.87 0.10 0.61 0.72 0.83 0.58
22.00 24.70 -63.64 378.52 -682.09 0.33 0.37 0.33 0.33 0.22 0.64 0.13
11.00 1.14 557.14 223.31 -491.74 0.07 0.30 -0.42 0.27 0.95 0.94 0.58
12.00 24.92 -242.97 7.26 104.77 0.90 -0.02 -0.19 0.25 0.76 0.71 0.14
18.00 80.79 0.50 648.42 332.21 0.68 0.38 -0.11 0.24 0.51 0.97 0.25
9.00 8.01 624.71 172.78 94.58 0.80 0.55 -0.37 0.04 0.89 0.94 0.14
8.00 14.90 -114.56 505.58 -265.10 -1.00 -0.55 -0.02 0.12 0.02 0.43 0.79
11.00 19.18 -280.15 -581.88 -448.20 0.61 -0.72 0.09 0.30 0.23 0.14 0.21
9.00 7.82 584.04 424.54 328.21 -0.78 0.22 0.83 0.45 0.96 0.97 0.44
6.00 4.36 -274.19 17.11 235.77 0.88 -0.68 -0.03 0.30 0.36 0.70 0.77
13.00 3.07 -534.57 -329.40 144.96 0.32 0.11 0.51 0.53 0.60 0.67 0.15
12.00 20.11 -268.10 339.82 -556.91 0.26 -0.99 0.27 0.60 0.01 0.24 0.05
23.00 95.57 -645.69 93.84 -97.72 -0.33 0.88 0.79 0.64 0.46 0.89 0.70
13.00 4.33 328.94 -86.15 451.48 -0.79 0.81 0.29 0.37 0.46 0.74 0.73
6.00 1.54 57.76 559.87 -53.40 0.31 -0.53 0.68 0.07 0.45 0.01 0.29
35.00 232.58 377.18 104.60 -288.60 -0.98 -0.86 -0.10 0.66 0.31 0.28 0.65
9.00 23.54 769.20 -48.77 -4.75 0.70 -0.79 0.33 0.52 0.80 0.43 0.05
15.00 24.16 179.86 -280.91 -120.95 -0.17 0.67 -0.08 0.75 0.01 0.26 0.73
12.00 13.13 -287.87 41.99 690.47 -0.74 -0.96 -0.59 0.08 0.05 0.65 0.16
7.00 4.58 -396.31 70.18 509.81 0.43 -0.87 -0.33 0.96 0.91 0.25 0.28
9.00 8.94 -127.61 25.69 -783.05 0.34 0.71 0.01 0.97 0.55 0.33 0.46
12.00 11.44 -462.77 449.58 -126.94 0.95 0.66 0.05 0.33 0.77 0.88 0.49
5.00 4.47 243.73 -37.53 -48.65 -0.58 -0.65 0.44 0.83 0.86 0.38 0.11
19.00 55.40 204.69 -537.39 85.66 0.90 0.62 0.00 0.24 0.69 0.19 0.50
11.00 34.16 49.65 -89.57 -696.89 0.20 0.29 0.41 0.08 0.66 0.20 0.64
8.00 7.87 465.25 214.94 -68.47 0.13 -0.95 -0.83 0.88 0.42 0.37 0.31
12.00 31.18 -722.71 -116.05 -257.12 0.69 0.74 0.26 0.20 0.81 0.63 0.26
17.00 86.05 -713.03 -6.98 281.62 -0.22 -0.89 0.33 0.55 0.27 0.76 0.81
11.00 5.32 -411.08 180.26 -483.62 -0.10 0.09 0.72 0.80 0.28 0.79 0.64
10.00 7.56 -501.02 -94.42 230.80 0.07 0.67 0.16 0.73 0.29 0.90 0.51
17.00 54.04 47.86 0.36 27.15 0.60 -0.15 0.96 0.58 0.86 0.29 0.22
5.00 1.87 329.95 -60.52 -468.20 0.69 -0.75 -0.10 0.74 0.30 0.89 0.17
6.00 0.79 -749.22 52.04 29.38 -0.59 0.62 -0.62 0.20 0.18 0.04 0.81
34.00 220.73 142.06 -563.48 497.92 0.87 0.74 0.71 0.06 0.11 0.88 0.58
12.00 16.09 -431.90 -196.52 -181.64 0.59 0.06 0.41 0.96 0.56 0.06 0.40
9.00 8.27 -398.73 -222.39 542.55 0.49 -0.48 -0.18 0.45 0.75 0.18 0.42
11.00 8.21 58.97 -261.94 -456.90 -0.36 0.63 -0.97 0.67 0.61 0.23 0.23
10.00 7.27 -186.15 -303.05 -177.23 0.42 0.29 -0.37 0.32 0.09 0.14 0.42
35.00 38.93 -223.16 294.18 599.45 0.60 -0.07 -0.48 0.13 0.71 0.16 0.40
8.00 16.73 69.92 113.70 557.21 -0.45 -0.90 -0.60 0.45 0.53 0.67 0.09
6.00 6.02 -471.94 -96.40 -585.84 -0.06 0.68 0.30 0.62 0.87 0.80 0.51
5.00 2.83 131.49 -165.73 708.73 0.76 0.44 -0.82 0.20 0.12 0.11 0.49
27.00 43.09 25.01 -309.26 -245.94 0.04 -0.11 -0.75 0.86 0.74 0.64 0.07
14.00 44.99 -481.33 -413.50 -397.02 0.96 0.47 0.82 0.30 0.76 0.05 0.64
7.00 1.87 -449.16 112.54 133.10 -0.33 0.44 0.87 0.24 0.94 0.71 0.51
16.00 40.35 316.05 -559.55 27.46 0.16 -0.93 0.28 0.79 0.61 0.28 0.27
5.00 4.28 503.29 418.15 -352.21 0.25 0.19 0.83 0.92 0.10 0.99 0.60
5.00 3.11 106.25 102.81 377.23 0.99 -0.68 -0.01 0.17 0.53 0.01 0.14
30.00 190.61 461.92 510.56 -367.60 -0.01 0.87 0.20 0.24 0.78 0.10 0.16
5.00 1.52 325.86 301.50 -265.54 -0.79 -0.88 -0.64 0.32 0.50 0.07 0.58
15.00 4.46 83.99 355.47 -36.57 0.55 0.93 0.05 0.06 0.99 0.52 0.87
12.00 38.37 427.13 395.58 219.55 -0.66 0.80 -0.98 0.33 0.89 0.22 0.04
13.00 47.53 193.32 542.11 334.14 0.63 -0.43 0.13 0.84 0.65 0.77 0.06
6.00 8.66 -634.98 -23.01 -315.34 0.51 -0.78 0.77 0.37 0.03 0.98 0.96
14.00 45.90 292.30 228.46 -136.32 -0.33 -0.99 0.20 0.51 0.28 0.40 0.26
23.00 119.83 535.07 -397.89 -389.41 -0.83 0.13 0.22 0.61 0.33 0.60 0.58
9.00 19.64 358.93 525.76 -214.87 0.12 0.27 0.96 0.36 0.80 0.49 0.30
10.00 8.92 323.42 -275.19 -169.85 0.17 -0.33 -0.24 0.82 0.53 0.57 0.90
7.00 12.75 -440.42 296.67 143.63 -0.01 -0.59 -0.76 0.61 0.78 0.52 0.53
19.00 65.35 398.26 -383.96 172.08 0.11 0.93 0.20 0.09 0.52 0.70 0.58
25.00 69.11 -475.40 382.36 -62.30 -0.64 -0.92 0.80 0.98 0.81 0.06 0.61
6.00 3.95 -80.93 308.83 -633.15 -0.48 -0.94 0.10 0.13 0.68 0.67 0.18
11.00 25.15 122.14 36.94 323.69 0.86 -0.94 -0.90 0.46 0.97 0.01 0.46
7.00 12.58 -374.94 571.03 222.41 0.51 0.73 0.59 0.92 0.53 0.13 0.14
11.00 17.19 -493.78 478.63 -337.29 -0.72 0.06 -0.02 0.55 0.40 0.22 0.80
12.00 35.61 157.55 183.24 353.29 0.39 -0.48 -0.43 0.68 0.19 0.49 0.71
9.00 8.06 -92.09 600.66 110.30 0.51 0.88 -0.06 0.84 0.67 0.84 0.40
17.00 71.73 225.25 -517.20 -278.79 -0.60 0.12 0.74 0.91 0.74 0.87 0.41
13.00 15.11 152.89 -545.90 -351.58 -0.89 0.12 0.29 0.88 0.64 0.72 0.17
6.00 0.65 452.03 -375.43 186.12 -0.33 0.62 0.50 0.36 0.65 0.02 0.60
31.00 289.30 -605.59 -139.27 467.99 -0.46 -0.40 0.32 0.51 0.39 0.22 0.12
30.00 117.15 503.27 -286.10 541.83 0.82 0.99 0.19 0.77 0.07 0.71 0.64
6.00 10.55 632.40 -59.61 -109.07 -0.91 0.82 0.03 0.46 0.51 0.46 0.74
5.00 4.07 200.05 251.03 223.92 -0.40 0.70 -0.84 0.54 0.20 0.85 0.96
10.00 21.23 -256.84 -206.45 -82.93 0.30 -0.57 0.10 0.34 0.08 0.49 0.84
7.00 4.94 188.53 643.30 313.16 -0.68 -0.23 0.60 0.31 0.14 0.07 0.31
11.00 13.20 273.57 236.37 633.89 -0.31 -0.33 -0.29 0.70 0.08 0.73 0.62
5.00 3.04 -676.61 -220.84 134.13 -0.63 -0.58 -0.62 0.26 0.50 0.08 0.38
5.00 3.57 -618.99 -90.83 59.86 -0.09 0.55 0.39 0.05 0.20 0.09 0.57
6.00 6.01 -294.73 546.05 -417.65 0.23 0.92 -0.77 0.01 0.60 0.24 0.43
26.00 166.52 731.58 130.54 -276.02 -0.55 0.10 0.33 0.04 0.67 0.28 0.94
9.00 10.36 587.66 224.29 -340.94 0.15 -0.06 -0.44 0.08 0.72 1.00 0.71
5.00 1.11 334.07 74.05 550.29 0.31 0.79 0.95 0.35 0.55 0.27 0.75
7.00 5.39 579.78 148.36 -447.62 -0.65 -0.22 0.72 0.30 0.08 0.86 0.01
26.00 60.12 191.17 -540.53 191.03 -0.49 -0.68 -0.14 0.80 0.88 0.19 0.09
15.00 44.11 -273.91 371.10 -71.63 0.86 -0.98 -0.69 0.48 0.80 0.50 0.12
7.00 12.56 38.51 -588.65 118.60 0.25 0.24 -0.85 0.81 0.58 0.81 0.26
5.00 4.47 -479.53 103.78 269.63 0.51 -0.85 0.25 0.11 0.46 0.53 0.32
5.00 0.40 -223.15 -559.00 -118.47 -0.57 -0.12 0.30 0.57 0.67 0.36 0.63
27.00 167.63 -192.69 135.42 -146.29 -0.38 0.86 0.98 0.91 0.05 0.98 0.46
18.00 31.06 -282.19 -24.30 443.02 -0.96 -0.42 -0.62 0.70 0.37 0.04 0.79
12.00 39.20 157.70 -201.52 271.96 -0.65 0.83 0.63 0.97 0.51 0.88 0.31
24.00 127.27 130.61 587.03 130.35 0.11 -0.71 -0.45 0.77 0.65 0.63 0.55
9.00 2.07 125.52 -64.38 -39.86 -0.45 -0.79 0.83 0.90 0.81 0.77 0.88
14.00 6.49 484.73 83.93 -528.12 0.87 -0.43 -0.98 0.35 0.62 0.17 0.93
14.00 2.69 304.31 -98.21 143.71 0.49 -0.59 -0.78 0.29 0.29 0.40 0.90
11.00 27.94 35.05 690.51 -291.54 0.42 -0.95 -0.52 0.62 0.31 0.97 0.83
14.00 26.68 110.88 514.70 -87.69 0.15 0.91 0.22 0.65 0.92 0.46 0.74
5.00 7.23 446.04 -395.42 340.13 -0.29 0.80 0.40 0.33 0.54 0.25 0.70
12.00 0.02 248.03 -731.47 -88.17 0.88 -0.84 -0.33 0.79 0.04 0.68 0.47
25.00 23.75 405.05 5.38 593.89 0.36 -0.85 -0.56 0.84 0.69 0.57 0.92
5.00 3.06 626.90 -31.05 153.34 0.07 0.39 0.82 0.37 0.37 0.04 0.46
21.00 46.49 387.20 -623.59 305.59 -0.64 -0.94 -0.29 0.48 0.51 0.37 0.31
5.00 4.63 676.04 -405.77 7.37 -0.03 -0.75 -0.65 0.32 0.84 0.09 0.43
8.00 1.87 517.20 8.17 307.39 0.50 -0.04 -0.77 0.12 0.99 0.26 0.01
21.00 119.05 -537.00 -457.75 -370.39 -0.46 0.26 -0.79 0.61 0.07 0.69 0.64
15.00 63.30 387.41 21.49 299.39 -0.76 0.33 0.35 0.53 0.36 0.92 0.84
10.00 5.63 299.53 -40.93 736.69 0.44 0.45 -0.75 0.65 0.17 0.45 0.29
6.00 1.35 -144.28 -112.99 -405.45 0.40 0.99 -0.10 0.07 0.08 0.26 0.63
10.00 19.70 559.10 -552.95 -56.65 -0.28 0.66 -0.07 0.38 0.50 0.57 0.02
8.00 18.28 -361.78 -491.50 -328.97 0.27 -0.60 0.82 0.85 0.21 0.50 0.22
23.00 154.88 -256.72 488.80 563.37 -0.46 -0.02 0.17 0.49 0.06 0.04 0.86
9.00 5.62 -713.25 -84.93 -246.62 -0.07 -0.41 0.12 0.52 0.53 0.20 0.43
8.00 7.02 -161.27 297.50 -638.16 0.84 -0.29 -0.67 0.30 0.73 0.54 0.63
12.00 35.37 -138.09 -740.01 -267.82 0.36 0.34 0.64 0.06 0.64 0.02 0.08
8.00 1.36 -103.69 178.75 -167.66 -0.06 0.35 0.90 0.07 0.75 0.34 0.52
12.00 28.16 -649.12 -75.32 -332.19 0.87 0.29 0.68 0.20 0.60 0.07 0.51
15.00 34.69 -135.69 -94.69 -737.15 -0.08 -0.29 -0.90 0.38 0.88 0.56 0.37
8.00 15.68 298.92 197.95 208.54 -0.87 0.30 -0.01 0.52 0.15 0.57 0.86
5.00 7.11 -36.11 -343.37 -582.17 0.58 0.34 0.52 0.90 0.92 0.99 0.90
16.00 33.88 -16.04 -398.55 -286.48 0.63 0.55 0.94 0.05 0.13 0.99 0.05
20.00 38.16 127.43 -661.25 -219.50 -0.33 -0.56 0.27 0.09 0.92 0.93 0.60
35.00 57.35 -151.13 403.53 313.93 0.29 0.36 -0.04 0.18 0.74 0.76 0.95
5.00 3.76 303.35 96.02 135.03 -0.79 -0.99 0.12 0.63 0.63 0.19 0.35
5.00 6.50 -19.44 3.13 -338.02 -0.42 -0.01 0.15 0.96 0.33 0.77 0.50
10.00 12.71 -481.48 -153.36 -384.27 0.04 0.39 0.71 0.95 0.02 0.48 0.93
8.00 16.32 -556.63 523.19 -13.61 0.81 0.73 -0.33 0.20 0.39 0.71 0.82
5.00 2.97 640.06 164.75 119.44 -0.40 -0.01 0.75 0.08 0.72 0.77 0.85
11.00 32.96 -238.76 -127.25 -459.99 0.03 -0.14 0.92 0.03 0.27 0.63 0.67
6.00 2.08 -439.24 -80.23 -120.52 -0.65 -0.93 0.49 0.50 0.25 0.73 0.81
9.00 20.20 143.98 -39.37 5.63 0.95 0.70 -0.43 0.54 0.06 0.29 0.61
10.00 28.97 769.99 -61.79 -116.03 0.11 -0.55 -0.96 0.50 0.44 0.93 0.97
24.00 161.29 -318.80 -293.43 108.44 -0.18 -0.45 -0.99 0.62 0.22 0.48 0.95
31.00 187.38 -297.71 489.39 -133.84 -0.60 0.80 0.44 0.88 0.33 0.52 0.80
6.00 10.16 47.52 -554.01 199.80 -0.36 -0.55 0.06 0.21 0.43 0.63 0.41
20.00 49.92 308.53 -719.91 106.79 0.97 -0.95 -0.09 0.98 0.81 0.00 0.70
38.00 63.33 -792.63 -81.52 21.70 0.13 -0.67 -0.25 0.39 0.30 0.99 0.95
10.00 29.64 306.20 452.18 125.14 0.94 0.41 -0.97 0.74 0.21 0.05 0.67
7.00 3.31 -205.07 -657.83 217.01 0.76 0.37 -0.51 0.25 0.86 0.50 0.63
12.00 19.32 -268.89 -185.36 -343.39 0.47 -0.96 -0.09 0.09 0.14 0.63 0.88
18.00 21.24 138.35 472.01 -351.37 -0.75 -0.82 0.00 0.78 0.38 0.52 0.65
5.00 7.22 527.30 493.75 -283.86 0.02 0.79 -0.95 0.70 0.20 0.63 0.41
14.00 41.18 -62.26 -330.72 530.04 0.49 -0.41 -0.16 0.86 0.69 0.38 0.25
8.00 3.50 518.16 103.67 360.41 0.54 -0.12 -0.24 0.80 0.02 0.34 0.28
22.00 113.91 -437.88 147.88 -140.60 0.19 -0.45 -0.16 0.78 0.95 0.18 0.16
7.00 1.81 -275.02 89.72 498.84 0.49 -0.80 -0.49 0.83 0.75 0.17 0.36
5.00 4.13 62.84 638.57 148.37 0.62 0.06 -0.47 0.12 0.37 0.19 0.10
18.00 2.64 192.37 57.24 767.42 0.89 -0.76 -0.16 0.30 0.09 0.71 0.00
9.00 24.48 91.75 256.21 -201.44 0.67 -0.02 0.77 0.15 0.29 0.16 0.73
10.00 15.77 -598.05 47.50 -225.35 0.89 0.60 -0.07 0.62 0.79 0.71 0.19
6.00 4.46 146.47 -260.11 -709.93 -0.90 -0.83 0.86 0.01 0.16 0.51 0.60
7.00 14.38 -362.95 288.27 118.34 0.48 0.51 0.35 0.92 0.70 0.56 0.58
11.00 35.55 -443.09 -96.28 -301.33 0.20 0.37 0.90 0.92 0.25 0.79 0.30
21.00 91.69 -632.35 -176.50 -128.53 0.69 0.02 0.24 0.85 0.32 0.86 0.99
32.00 215.62 -208.75 22.93 -569.88 0.84 -0.14 0.82 0.36 0.30 0.83 0.83
13.00 45.04 -388.80 55.00 116.56 0.51 0.26 0.19 0.05 0.19 0.85 0.52
20.00 120.37 -200.61 -765.41 11.74 -0.57 0.62 -0.66 0.41 0.90 0.91 0.13
7.00 13.54 -236.81 271.55 477.94 -0.23 0.97 -0.58 0.11 0.90 0.85 0.03
28.00 124.29 -629.91 384.14 208.88 0.28 -0.81 0.75 0.55 0.09 0.80 0.78
5.00 2.65 483.54 395.62 -273.26 0.16 -0.94 -0.90 0.67 0.50 0.21 0.47
9.00 21.35 -137.36 18.02 423.76 0.78 0.98 0.10 0.15 0.82 0.69 0.50
15.00 56.08 -16.40 260.06 -525.23 0.50 0.31 -0.46 0.47 0.22 0.18 0.50
13.00 37.04 -337.79 120.23 224.13 0.68 0.97 -0.94 0.80 0.76 0.74 0.66
7.00 2.27 509.57 118.55 -198.35 0.72 -0.95 0.54 0.57 0.34 0.06 0.33
10.00 11.65 -626.54 204.72 249.45 -0.60 -0.24 -1.00 0.58 0.24 0.45 0.22
7.00 4.99 -201.64 -440.09 332.97 -0.54 0.90 0.72 0.78 0.85 0.55 0.27
26.00 196.34 -336.01 350.15 89.03 -0.44 -0.05 -0.06 0.62 0.03 0.70 0.78
18.00 12.54 346.34 486.85 -113.73 -0.92 0.06 -0.47 0.32 0.94 0.66 0.93
6.00 0.85 132.17 -603.42 -400.74 -0.90 0.92 0.34 0.24 0.24 0.05 0.66
17.00 44.96 675.47 343.84 -133.72 0.66 -0.95 0.87 0.94 0.98 0.52 0.87
15.00 5.15 -461.59 -450.16 78.18 -0.19 -0.73 -0.84 0.08 0.18 0.62 0.83
15.00 35.98 -726.01 -193.43 -215.87 0.70 -0.10 -0.24 0.09 0.13 0.56 0.48
5.00 0.42 -277.70 -498.07 195.63 0.08 -0.17 0.35 0.47 0.46 0.21 0.55
14.00 30.81 -28.40 517.45 -336.90 -0.92 -0.59 0.86 0.73 0.83 0.85 0.42
10.00 24.46 157.24 538.60 -255.03 -0.44 -0.17 -0.14 0.80 0.87 0.91 0.75
5.00 1.43 401.41 -192.92 -351.41 0.76 -0.82 0.96 0.56 0.43 0.22 0.42
28.00 181.41 -262.95 -642.18 347.77 0.30 -0.49 0.74 0.47 0.77 0.52 0.97
5.00 4.48 -347.63 -414.19 -453.10 -0.82 -0.99 0.32 0.41 0.85 0.38 0.10
13.00 21.08 39.37 -413.31 390.74 -0.04 -0.22 0.63 0.33 0.79 0.61 0.23
6.00 5.84 -463.76 526.53 -254.17 -0.04 0.13 0.42 0.71 0.68 0.92 0.91
7.00 6.62 -18.29 337.93 -380.08 0.59 0.28 0.28 0.43 0.46 0.23 0.13
9.00 21.21 -648.06 273.75 -72.67 0.56 0.15 0.87 0.96 0.05 0.40 0.90
5.00 6.01 604.66 437.02 215.40 -0.31 -0.62 -0.72 0.63 0.15 0.03 0.53
11.00 3.87 6.94 96.71 362.60 0.11 0.58 -0.98 0.51 0.20 0.43 0.09
10.00 16.89 -142.75 -559.57 95.47 -0.51 -0.74 -0.41 0.08 0.10 0.59 0.15
11.00 33.28 -366.75 -117.38 463.62 -0.18 0.16 -0.54 0.40 0.36 0.75 0.33
10.00 26.58 -730.72 163.30 241.98 0.21 -0.62 0.51 0.67 0.67 0.20 0.84
18.00 30.36 -183.03 233.31 -448.13 0.18 0.63 -0.27 0.70 0.82 0.41 0.29
6.00 0.58 260.88 -375.18 357.18 -0.15 -0.04 0.96 0.68 0.44 0.34 0.64
5.00 0.53 -566.35 -56.59 -152.35 -0.39 0.20 0.51 0.24 0.09 0.76 0.77
5.00 2.92 -431.50 652.10 155.84 0.27 -0.90 0.83 0.78 0.91 0.33 0.72
6.00 5.72 353.23 -35.48 -30.67 -0.23 0.58 0.75 0.75 0.60 0.87 0.23
7.00 1.49 414.26 -229.71 353.96 0.56 0.74 -0.51 0.66 0.11 0.50 0.22
13.00 42.85 11.63 370.63 703.11 0.63 -0.79 0.05 0.95 0.61 0.97 0.89
20.00 51.81 275.41 215.59 141.71 0.28 0.60 0.77 0.42 0.70 0.26 0.07
8.00 3.31 670.70 26.68 72.58 -0.89 0.88 -0.10 0.02 0.96 0.34 0.90
6.00 8.71 -451.02 142.46 99.28 -0.16 -0.46 -0.15 0.30 0.56 0.70 0.66
10.00 6.20 -208.06 332.30 300.35 0.92 -0.83 -0.92 0.22 0.70 0.65 0.18
8.00 5.83 667.52 98.60 174.43 -0.36 -0.83 0.72 0.84 0.47 0.21 0.34
11.00 5.59 173.12 365.09 30.13 0.34 0.40 0.23 0.13 0.52 0.94 0.18
11.00 12.96 572.79 168.25 485.15 -0.86 0.61 -0.69 0.96 0.15 0.49 0.42
6.00 7.61 -14.72 78.90 794.30 0.62 -0.23 -0.42 0.08 0.53 0.69 0.88
6.00 7.74 359.67 605.41 -141.43 -0.83 0.26 0.94 0.52 0.47 0.05 0.38
8.00 1.45 2.51 579.65 160.49 0.47 -0.03 -0.12 0.72 0.28 0.62 0.19
7.00 3.33 46.12 298.96 157.91 0.69 -0.23 0.81 0.43 0.67 0.39 0.64
14.00 17.72 -192.44 -195.50 -261.56 0.08 -0.64 -0.20 0.81 0.09 0.40 0.43
24.00 103.60 -134.68 -491.99 -183.83 -0.93 -0.66 0.25 0.43 0.33 0.84 0.79
5.00 4.44 -203.08 58.97 -551.00 -0.68 0.92 -0.89 0.44 0.53 0.76 0.29
7.00 12.14 -401.07 -189.99 -521.86 -0.32 -0.37 0.36 0.77 0.50 0.49 0.19
11.00 31.23 304.63 -198.33 -14.57 -0.29 -0.64 -0.52 0.65 0.59 0.91 0.88
12.00 5.86 278.70 690.78 -257.83 -0.64 0.48 0.71 0.13 0.64 0.21 0.84
6.00 0.43 476.41 -137.67 -375.62 0.60 -0.76 0.99 0.17 0.16 0.15 0.84
10.00 26.30 -569.49 -308.49 -450.35 0.56 0.70 0.44 0.68 0.84 0.55 0.44
30.00 67.82 -274.09 -23.53 339.23 -0.07 -0.10 0.76 0.40 0.21 0.19 0.50
8.00 12.07 -13.51 -79.80 383.75 0.61 0.05 -0.36 0.84 0.96 0.96 0.24
13.00 16.01 93.15 -420.95 625.81 -0.14 -0.03 -0.96 0.35 0.55 0.42 0.27
11.00 8.51 -92.73 -660.77 230.22 0.23 -0.69 -0.10 0.56 0.80 0.72 0.90
7.00 7.51 294.05 359.21 -161.89 0.22 0.91 -0.94 0.00 0.31 0.79 0.02
10.00 15.26 -90.72 -185.81 -470.82 0.96 0.27 0.21 0.31 0.78 0.79 0.20
11.00 31.90 -358.41 269.41 587.01 -0.04 0.59 -0.59 0.01 0.83 0.59 0.71
18.00 97.31 -172.39 277.32 -159.66 0.85 -0.73 -0.62 0.16 0.60 0.16 0.75
6.00 5.68 -659.58 10.24 18.51 -0.99 -0.50 0.76 0.92 0.89 0.89 0.34
5.00 1.26 116.26 575.76 227.00 0.45 0.47 0.56 0.21 0.23 0.27 0.66
9.00 9.22 162.23 47.78 670.92 -0.08 0.35 0.62 0.81 0.50 0.01 0.84
20.00 90.73 420.18 -236.96 551.34 0.56 0.35 0.92 0.09 0.39 0.12 0.47
10.00 19.71 -336.54 -549.38 -1.42 0.25 0.69 -0.64 0.78 0.36 0.08 0.59
20.00 80.26 39.72 -210.29 315.73 -0.57 0.49 -0.85 0.32 0.97 0.96 0.25
11.00 24.16 122.56 365.31 629.16 0.47 -0.26 -0.72 0.30 0.00 0.41 0.63
6.00 8.93 -622.40 -235.02 122.80 -0.39 0.96 -0.61 0.82 0.40 0.55 0.54
10.00 24.45 -195.99 96.42 652.71 -0.68 0.71 -0.41 0.86 0.57 0.37 0.42
6.00 5.83 377.58 268.90 313.06 0.72 -0.90 -0.85 0.09 0.20 0.22 0.20
11.00 26.09 443.68 -527.84 -255.87 -0.24 -0.65 -0.80 0.80 0.41 0.45 0.72
20.00 25.06 505.00 -38.95 189.25 0.75 -0.81 0.85 0.62 0.08 0.45 0.18
13.00 29.58 552.99 224.67 -527.40 0.54 0.26 -0.34 0.73 0.84 0.26 0.16
16.00 6.41 273.49 151.39 418.91 0.73 -0.24 -0.28 0.97 0.81 0.34 0.04
11.00 4.10 -636.87 -380.82 235.94 -0.74 0.65 0.54 0.53 0.48 0.76 0.74
10.00 7.30 323.14 -26.82 413.70 0.57 0.76 -0.58 0.95 0.24 0.86 0.95
15.00 41.00 -311.85 -78.56 605.50 0.38 0.35 -0.48 0.96 0.73 0.08 0.86
22.00 42.98 102.20 -27.75 -627.47 0.43 0.40 -0.24 0.06 0.29 0.24 0.68
13.00 2.91 -87.71 -66.91 -279.58 0.94 -0.71 -0.24 0.00 0.76 0.23 0.57
5.00 3.06 52.06 435.98 597.57 -0.60 0.53 -0.87 1.00 0.98 0.58 0.90
21.00 69.31 -249.46 205.47 -731.17 0.66 -0.71 0.93 0.61 0.59 0.56 0.67
5.00 0.75 420.34 527.82 47.07 -0.41 0.10 0.86 0.35 0.84 0.73 0.97
11.00 21.83 237.57 226.70 602.45 0.90 -0.84 -0.35 0.06 0.78 0.56 0.07
30.00 143.31 233.58 -149.58 -164.92 0.30 0.49 0.07 0.55 0.53 0.27 0.43
8.00 18.11 -60.72 -311.29 -280.54 1.00 0.51 -0.39 0.61 0.84 0.31 0.64
17.00 22.91 350.58 -262.66 -157.32 -0.91 -0.22 -0.58 1.00 0.45 0.21 0.19
5.00 3.43 346.24 -420.00 -178.94 -0.59 -0.49 -0.22 0.81 0.54 0.14 0.06
14.00 13.45 -323.02 -412.87 127.28 -0.34 0.21 -0.39 0.18 0.40 0.60 0.87
7.00 13.89 437.78 55.12 -293.74 -0.58 -0.78 -0.06 0.65 0.38 0.27 0.62
13.00 46.81 194.79 -34.99 358.79 0.78 -0.18 -0.07 0.67 0.71 0.07 0.64
30.00 203.48 -67.24 -224.35 227.44 -0.56 0.16 0.47 0.40 0.52 0.43 0.26
23.00 92.15 -343.03 -40.78 -49.89 0.94 -0.57 -0.66 0.67 0.73 0.03 0.32
14.00 39.58 -136.83 24.98 -175.47 -0.70 -0.04 -0.90 0.15 0.86 0.32 0.43
11.00 27.44 -497.30 453.04 140.27 0.98 0.64 -0.60 0.39 0.93 0.29 0.81
14.00 25.44 -149.20 409.53 567.71 0.64 0.56 0.95 0.94 0.15 0.40 0.13
15.00 66.21 476.62 121.09 609.55 -0.27 0.39 0.55 0.35 0.17 1.00 0.03
13.00 37.95 -144.07 -244.83 -316.61 0.97 -0.33 -0.54 0.31 0.04 0.46 0.23
18.00 51.30 242.85 -719.21 7.91 0.61 0.40 -0.27 0.53 0.43 0.95 0.48
11.00 14.30 -80.21 33.14 -444.92 0.63 -0.87 -0.83 0.91 0.81 0.56 0.55
5.00 1.69 -10.15 -448.07 -185.43 -0.62 0.90 -0.28 0.22 0.68 0.29 0.04
30.00 40.95 -263.28 590.08 210.29 0.08 0.23 -0.21 0.25 0.52 0.92 0.30
5.00 4.82 -14.21 -70.58 -103.07 0.43 -0.43 -0.63 0.79 0.74 0.03 0.43
21.00 109.53 122.90 429.26 -425.67 -0.66 0.09 0.29 0.33 0.55 0.17 0.34
18.00 69.69 -577.38 351.43 -175.80 -0.98 0.09 0.93 0.44 0.28 0.02 0.05
6.00 3.87 -192.56 -325.04 -150.13 -0.57 -0.40 -0.20 0.41 0.19 0.26 0.91
13.00 28.55 227.73 -644.70 -264.12 0.03 -0.96 -0.97 0.89 0.86 0.71 0.88
10.00 7.04 -137.21 451.23 455.36 -0.62 -0.09 -0.99 0.65 0.64 0.53 0.26
7.00 7.02 2.86 -240.02 -590.27 0.84 0.13 -0.45 0.89 0.77 0.37 0.53
11.00 11.86 453.06 263.28 -75.92 0.54 -0.98 0.10 0.95 0.32 0.02 0.56
5.00 6.63 45.15 564.23 -545.53 0.16 -0.43 -0.78 0.45 0.85 0.43 0.97
22.00 131.59 110.61 427.98 522.98 0.84 0.67 -0.17 0.19 0.49 0.01 0.75
7.00 11.24 133.33 -230.26 -397.02 0.98 -0.03 -0.02 0.90 0.98 0.56 0.16
10.00 26.59 -620.20 101.44 331.87 -0.57 0.01 0.23 0.08 0.54 0.76 0.48
15.00 10.66 228.53 682.76 -303.78 -0.83 -0.76 -0.27 0.76 0.11 0.90 0.53
9.00 9.33 218.52 553.60 523.34 0.53 -0.42 0.78 0.47 0.74 0.91 0.32
9.00 4.41 -198.62 -482.72 64.33 -0.13 -0.32 -0.83 0.33 0.55 0.86 0.66
8.00 4.08 -546.26 -42.44 417.77 -0.82 -0.84 0.68 0.09 0.57 0.85 0.41
8.00 8.81 -93.72 389.33 508.84 -0.85 0.38 -0.24 0.79 0.43 0.15 0.28
5.00 5.82 -192.13 330.33 442.29 -0.89 0.50 -0.76 0.31 0.50 0.69 0.10
5.00 3.12 489.09 136.53 237.46 -0.14 -0.73 -0.73 0.22 0.06 0.69 0.77
8.00 17.73 706.01 248.63 -93.42 -0.45 -0.92 -0.80 0.36 0.90 0.01 0.36
15.00 17.48 682.42 -28.60 -69.61 -0.18 0.19 -0.83 0.10 0.63 0.71 0.44
8.00 16.94 -377.07 -141.21 71.67 -0.58 0.08 0.91 0.92 0.91 0.45 0.12
14.00 13.46 -22.23 159.12 -333.70 -0.73 -0.08 -0.45 0.79 0.95 0.55 0.49
6.00 0.72 -10.76 265.37 169.83 0.98 -1.00 -0.02 0.72 0.37 0.43 0.18
15.00 31.83 -586.49 -18.54 -27.50 -0.53 -0.97 0.79 0.09 0.98 0.76 0.43
15.00 9.99 -66.59 -350.19 499.51 0.57 -0.50 -0.70 0.22 0.24 0.68 0.58
8.00 11.37 181.96 693.35 -289.39 0.08 -0.35 0.04 0.83 0.16 0.62 0.47
19.00 13.49 516.28 171.87 106.14 0.56 0.83 -0.22 0.66 0.90 0.83 0.36
9.00 7.77 316.81 -84.90 379.30 -0.79 0.48 -0.22 0.14 0.43 0.29 0.14
18.00 66.44 -278.97 -283.56 502.58 -0.67 -0.97 -0.32 0.98 0.13 0.38 0.43
36.00 347.30 -655.09 -220.85 -168.68 0.38 -0.93 -0.07 0.86 0.94 0.78 0.55
28.00 74.36 507.10 -46.20 381.73 0.09 -0.96 0.91 0.40 0.19 0.11 0.97
5.00 2.68 723.10 -164.29 -31.28 -0.76 -0.48 -0.44 0.88 0.81 0.21 0.95
14.00 20.94 -167.61 -268.18 583.40 -0.26 -0.78 -0.66 0.39 0.18 0.58 0.47
8.00 15.60 -440.49 -276.52 -74.54 -0.23 0.87 -0.05 0.14 0.42 0.21 0.88
13.00 18.33 -523.39 -325.27 -159.58 -0.49 -0.55 0.26 0.91 0.00 0.33 0.99
12.00 39.96 559.89 311.29 343.88 -1.00 -0.03 0.80 0.76 0.94 0.96 0.15
10.00 17.75 39.86 133.49 138.79 -0.32 0.33 -0.01 0.32 0.93 0.34 0.88
12.00 34.86 452.31 -132.04 482.82 0.27 0.58 -0.83 0.12 0.42 0.45 0.00
6.00 8.23 -26.36 29.61 40.71 0.18 0.47 -0.61 0.53 0.45 0.11 0.04
20.00 83.47 -478.71 618.18 -10.82 -0.72 -0.82 0.56 0.98 0.94 0.36 0.40
6.00 8.32 -148.80 170.27 -539.80 0.46 -0.42 -0.68 0.75 0.06 0.60 0.43
13.00 33.18 -310.01 22.84 466.80 -0.83 -0.11 0.45 0.10 0.59 0.42 0.29
9.00 2.08 -501.61 184.54 36.80 -0.70 0.07 -0.30 0.56 0.24 0.02 0.49
18.00 0.63 -184.54 511.09 -326.45 -0.79 0.71 -0.68 0.46 0.86 0.71 0.77
15.00 16.99 304.36 97.86 77.97 -0.18 -0.85 -0.18 0.88 0.32 0.67 0.17
15.00 50.66 643.95 -469.35 -44.47 -0.78 -0.81 0.51 0.34 0.06 0.90 0.93
14.00 30.71 -180.98 -34.00 -620.25 0.57 0.17 -0.47 0.82 0.24 0.82 0.61
13.00 32.46 45.79 -372.33 450.76 0.45 -0.19 0.63 0.96 0.99 0.70 0.89
14.00 45.79 -82.16 242.62 -184.00 0.04 0.90 -0.28 0.98 0.16 0.45 0.56
5.00 7.37 275.62 262.57 302.17 0.92 -0.54 -0.63 0.02 0.54 0.41 0.13
8.00 7.17 218.91 -388.64 212.54 -0.61 0.34 0.71 0.40 0.84 0.29 0.36
36.00 91.53 239.13 -680.48 321.57 0.41 -0.18 0.03 0.93 0.28 0.59 0.82
25.00 156.82 -159.07 -624.82 -412.26 0.18 0.63 -0.44 0.15 0.32 0.27 0.22
7.00 13.21 -148.56 -318.43 -374.75 -0.32 0.89 0.17 0.17 0.28 0.31 0.05
11.00 3.65 -177.79 121.99 394.00 -0.94 -0.60 -0.97 0.31 0.03 0.87 0.65
9.00 11.83 -252.44 -50.90 476.70 -0.27 0.88 0.45 0.58 0.19 0.66 0.54
6.00 5.35 -547.12 500.35 -212.47 0.51 0.36 0.59 0.93 0.71 0.41 0.92
21.00 127.21 376.48 651.75 193.52 -0.98 0.54 -0.96 0.76 0.45 0.95 0.79
14.00 9.22 59.93 518.49 389.39 0.15 0.68 0.19 0.99 0.30 0.07 0.63
17.00 72.34 124.61 381.89 112.92 -0.13 0.30 0.80 0.07 0.75 0.54 0.21
10.00 19.19 372.82 -393.93 269.15 0.91 -0.95 -0.79 0.45 0.31 0.32 0.28
6.00 1.86 -601.63 107.96 -457.66 -0.27 -0.67 0.43 0.17 0.67 0.76 0.34
8.00 17.87 -247.82 18.39 363.52 0.79 -0.29 -0.62 0.46 0.73 0.01 0.56
10.00 2.57 -120.78 47.58 -780.31 0.16 -0.57 -0.73 0.40 0.50 0.31 0.40
11.00 34.83 -540.48 27.75 -242.91 -0.21 -0.98 0.82 0.03 0.75 0.69 0.82
9.00 4.02 381.99 -254.90 245.25 -0.14 -0.47 -0.52 0.18 0.48 0.21 0.44
28.00 220.32 359.28 696.96 74.21 -0.77 0.20 -0.12 0.81 0.50 0.23 0.39
9.00 6.77 24.46 573.29 -506.41 -0.83 -0.65 0.94 0.11 0.19 0.08 0.66
5.00 4.52 312.81 -580.65 8.42 -0.33 -0.28 -0.26 0.49 0.97 0.06 0.48
15.00 15.12 512.79 221.77 364.35 -0.60 0.97 -0.27 0.74 0.09 0.22 0.77
26.00 36.87 450.47 -499.52 -99.97 -0.55 -0.77 0.09 0.33 0.90 0.90 0.95
8.00 13.01 -108.23 285.90 109.98 0.48 -0.49 -0.04 0.81 0.19 0.95 0.51
6.00 7.02 -588.30 89.80 -260.77 -0.47 -0.87 0.92 0.67 0.73 0.87 0.45
8.00 6.90 208.12 -229.07 -290.98 -0.49 0.23 -0.20 0.94 0.38 0.15 0.64
11.00 23.95 59.11 -227.08 -32.71 0.05 0.19 -0.13 0.04 0.22 0.38 0.48
12.00 3.71 -52.44 692.07 -312.02 0.54 0.49 -0.87 0.02 0.43 0.08 0.45
5.00 1.73 67.54 -444.06 -404.43 -0.81 0.46 -0.19 0.16 0.86 0.20 0.93
8.00 11.50 200.40 565.07 249.28 -0.44 0.08 -0.24 0.78 0.05 0.24 0.78
21.00 43.71 -193.43 -51.19 489.89 0.84 0.56 0.70 0.47 0.86 0.20 0.53
9.00 13.19 -183.41 19.01 554.22 0.72 0.84 0.22 0.08 0.91 0.31 0.55
13.00 27.58 176.30 -506.89 -481.57 -0.17 0.95 0.15 0.73 0.66 0.08 0.83
17.00 80.01 179.38 -442.84 16.75 -0.05 0.24 -0.78 0.99 0.38 0.62 0.30
23.00 92.47 -110.99 -753.08 52.43 -0.31 0.96 -0.86 0.45 0.60 0.87 0.83
5.00 2.47 -5.46 -450.46 -408.37 -0.00 -0.83 -0.46 0.36 0.14 0.32 0.78
6.00 9.31 47.02 -472.97 234.07 -0.91 0.30 -0.85 0.48 0.69 0.46 0.81
12.00 22.53 -556.80 129.08 -458.58 0.87 -0.35 0.93 0.29 0.06 0.27 0.23
5.00 3.22 615.09 -96.28 356.77 0.87 -0.28 -0.24 0.55 0.37 0.68 0.84
10.00 11.91 337.34 570.97 -23.14 -0.68 0.79 -0.56 0.42 0.87 0.59 0.07
9.00 4.29 322.99 212.53 416.04 -0.21 -0.17 -0.92 0.21 0.63 0.27 0.54
11.00 33.98 342.68 226.15 128.36 -0.55 0.11 -0.83 0.97 0.06 0.08 0.17
11.00 36.43 -38.21 -227.72 437.44 0.61 0.05 0.55 0.20 0.85 0.06 0.16
6.00 1.99 -232.59 32.78 -530.75 0.16 0.27 -0.54 0.66 0.32 0.85 0.15
9.00 5.99 399.35 -88.70 -205.30 0.79 0.82 0.47 0.93 0.92 0.99 0.11
11.00 8.25 323.13 -324.41 -284.94 0.32 -0.31 -0.87 0.56 0.65 0.37 0.80
13.00 40.43 221.41 387.37 12.37 -0.98 0.19 -0.97 0.78 0.94 0.43 0.47
9.00 8.20 24.51 325.38 258.72 -0.98 -0.39 0.41 0.16 0.18 0.44 0.42
6.00 3.39 194.13 399.72 16.02 -0.11 0.33 0.70 0.20 0.35 0.23 0.67
5.00 0.01 -203.48 -389.16 -190.42 0.40 0.36 -0.03 0.09 1.00 0.67 0.86
12.00 26.36 145.04 428.46 -130.14 -0.42 0.62 -0.23 0.33 0.08 0.55 0.06
11.00 5.78 -689.69 125.57 -226.86 -0.55 -0.11 -0.64 0.55 0.74 0.13 0.30
9.00 10.04 196.01 -14.51 -333.83 0.44 -0.31 0.01 0.04 0.57 0.19 0.06
7.00 11.70 -389.33 -135.49 -602.81 -0.74 0.40 0.37 0.36 0.88 0.25 0.23
5.00 1.66 366.42 -682.58 -126.96 -0.68 0.97 -0.81 0.87 0.97 0.33 0.03
8.00 7.14 -154.95 -446.22 -139.18 0.04 -0.31 -0.24 0.45 0.85 0.08 0.23
11.00 14.73 544.85 -148.30 294.69 -0.30 -0.61 0.70 0.62 0.23 0.72 0.29
7.00 14.13 -93.96 184.85 -690.87 0.99 -0.58 0.50 0.81 0.09 0.86 0.10
16.00 2.84 -46.78 -756.06 -214.93 0.70 0.25 -0.09 0.82 0.23 0.91 0.33
16.00 69.43 661.36 142.11 139.27 -0.90 -0.42 -0.80 0.71 0.57 0.72 0.84
6.00 2.12 25.64 628.55 292.44 0.83 0.23 -0.51 0.66 0.35 0.27 0.22
20.00 45.84 328.47 -444.61 149.40 -0.79 0.10 0.80 0.17 0.25 0.58 0.25
8.00 4.57 299.28 -433.81 385.35 -0.91 -0.95 0.21 0.88 0.79 0.31 0.21
5.00 7.43 605.81 362.87 28.38 0.19 0.76 0.79 0.20 0.86 0.03 0.53
7.00 8.88 4.20 -669.12 -100.52 -0.42 -0.65 -0.48 0.15 0.11 0.36 0.75
5.00 4.96 218.66 -416.19 -83.34 -0.30 0.52 0.41 0.99 0.53 0.04 0.62
8.00 10.54 290.99 -74.57 191.30 0.63 0.47 -0.93 0.10 0.38 0.06 0.29
6.00 6.95 399.03 -456.57 230.12 0.55 0.93 -0.43 0.62 0.35 0.01 0.78
10.00 6.42 -154.96 44.52 -589.41 0.18 -0.80 -0.38 0.81 0.84 0.99 0.86
12.00 31.91 -21.10 -137.86 542.43 -0.73 0.37 -0.30 0.59 0.54 0.92 0.49
9.00 20.10 242.12 504.96 564.12 -0.67 1.00 -0.81 0.53 0.70 0.09 0.85
14.00 19.92 322.94 186.35 -38.21 0.21 -0.24 0.43 0.52 0.47 0.94 0.79
10.00 14.21 38.91 356.55 352.51 0.46 0.41 -0.79 0.82 0.75 0.49 0.84
10.00 2.95 -118.01 -715.85 152.72 -0.95 -0.54 -0.47 0.39 0.87 0.20 0.98
29.00 245.06 435.68 239.41 -42.54 0.95 0.36 -0.18 0.46 0.85 0.50 0.19
12.00 8.38 -661.04 -356.95 131.20 0.58 -0.21 -0.81 0.97 0.93 0.98 0.90
5.00 4.29 -245.57 62.48 45.27 -0.70 -0.27 -0.82 0.22 0.08 0.23 0.19
8.00 18.26 150.57 399.29 -489.19 0.68 0.20 0.42 0.49 0.11 0.35 0.99
15.00 31.28 -179.24 -79.06 127.73 0.66 -0.62 -0.23 0.01 0.03 0.79 0.03
6.00 10.74 -113.10 -125.20 313.93 0.99 -0.94 0.50 0.04 0.28 0.94 0.27
13.00 22.57 -47.81 137.90 726.04 0.56 0.49 -0.20 0.37 0.64 0.80 0.64
5.00 5.56 -233.49 233.84 147.87 0.38 -0.37 0.61 0.69 0.49 0.85 0.65
10.00 8.64 -145.09 636.64 446.36 -0.28 0.29 0.32 0.79 0.89 0.18 0.57
5.00 4.95 361.14 588.90 -259.66 0.64 0.85 -0.26 0.02 0.06 0.30 0.76
8.00 9.82 110.48 -83.68 382.98 0.06 -0.84 -0.22 0.97 0.06 0.18 0.10
7.00 14.39 343.92 -525.47 204.55 -0.16 0.14 -0.92 0.39 0.27 0.39 0.84
8.00 0.17 280.29 -121.76 225.85 -0.88 0.10 -0.36 0.22 0.60 0.96 0.17
13.00 11.81 -461.64 89.88 -307.55 0.90 0.79 -0.96 0.96 0.53 0.38 0.60
9.00 4.64 -493.52 43.33 256.80 -0.58 0.63 -0.80 0.69 0.90 0.91 0.29
8.00 14.96 -287.47 -254.28 -258.82 -0.52 -0.45 -0.35 0.57 0.33 0.26 0.68
9.00 3.82 -90.02 -263.01 -714.64 0.62 -0.64 -0.70 0.49 0.72 0.54 0.71
5.00 2.87 386.66 159.62 45.84 -0.84 -0.08 -0.98 0.75 0.52 0.09 0.29
14.00 37.93 -542.33 85.46 109.70 -0.15 0.20 0.54 0.47 0.02 0.61 0.90
15.00 48.20 511.20 -363.79 -404.21 0.13 0.39 -0.51 0.65 0.54 0.68 0.57
7.00 12.08 -44.48 -25.53 626.86 0.79 -0.51 -0.03 0.62 0.69 0.87 0.53
22.00 113.06 -496.41 48.25 -538.74 -0.09 -0.61 -0.43 0.46 0.85 0.37 0.88
9.00 11.08 -144.71 -396.78 542.90 0.27 -0.17 -0.78 0.26 0.69 0.63 0.64
22.00 133.13 -321.90 49.52 420.68 0.21 0.30 0.52 0.64 0.73 0.04 0.65
7.00 6.12 -107.50 -401.04 -208.94 0.44 -1.00 0.55 0.49 0.11 0.33 0.71
16.00 66.03 515.21 102.31 587.70 0.35 0.37 0.44 0.72 0.79 0.28 0.47
16.00 35.78 673.43 -400.28 87.51 -0.20 0.99 -0.95 0.75 0.55 0.50 0.90
5.00 2.05 87.71 -417.62 434.92 0.50 0.95 0.58 0.15 0.04 0.49 0.23
12.00 2.86 -231.84 -293.03 -527.67 -0.86 -0.75 0.14 0.77 0.11 0.30 0.05
6.00 6.36 58.85 -502.92 -317.44 0.52 -0.74 0.61 0.79 0.36 0.27 0.03
8.00 5.99 187.00 122.42 -255.99 -0.72 0.86 0.35 0.39 0.17 0.39 0.89
16.00 35.38 87.72 255.85 247.91 -0.52 -0.38 0.88 0.87 0.66 0.88 0.94
11.00 2.09 -601.87 290.64 -116.57 -0.66 -0.65 -0.19 0.23 0.15 0.71 0.66
16.00 38.96 -17.09 -485.46 -96.81 -0.70 -0.43 0.92 0.66 0.44 0.61 0.30
5.00 5.40 -135.22 671.09 262.96 0.95 0.85 -0.55 0.18 0.83 0.37 0.81
17.00 30.26 395.61 -390.22 -244.00 -0.83 0.35 0.64 0.86 0.98 0.55 0.76
8.00 4.59 -439.86 153.70 528.59 -0.91 -0.92 0.61 0.17 0.86 0.94 0.10
6.00 9.97 -601.83 131.31 -139.96 -0.10 -0.12 0.37 0.96 0.47 0.68 0.86
22.00 32.37 327.15 644.33 -204.91 0.46 0.33 0.97 0.92 0.60 0.82 0.70
8.00 11.38 -479.66 -210.78 234.49 -0.99 -0.93 0.07 0.87 0.60 0.06 0.54
17.00 74.97 -278.28 -76.21 -579.31 0.09 0.11 0.65 0.80 0.34 1.00 0.13
8.00 15.90 -314.53 -362.70 330.06 0.46 0.15 -0.17 0.61 0.16 0.67 0.02
14.00 9.25 -338.52 -328.81 250.91 -0.85 -0.42 0.37 0.92 0.00 0.38 0.61
11.00 15.48 692.86 -103.31 -46.51 0.82 0.41 -0.46 0.50 0.80 0.04 0.82
9.00 11.67 22.94 -48.17 -271.02 0.14 0.28 0.54 0.10 0.54 0.02 0.36
33.00 185.83 -574.86 475.10 -115.22 -0.00 -0.56 0.71 0.30 0.72 0.13 0.54
9.00 4.26 -31.66 682.09 -266.57 0.12 0.80 -0.46 0.05 0.08 0.60 0.65
9.00 13.96 560.54 421.47 -251.95 -0.76 -0.24 -0.00 0.27 0.77 0.29 0.93
19.00 90.73 -507.61 336.68 -345.18 0.53 -0.82 0.54 0.22 0.41 0.84 0.61
10.00 0.25 574.04 484.60 139.50 0.61 -0.47 0.26 0.46 0.69 0.87 0.62
8.00 5.62 -221.51 -606.91 -168.32 0.20 0.32 0.61 0.25 0.60 0.74 0.05
7.00 1.09 18.35 387.68 536.48 -0.30 0.17 0.70 0.93 0.69 0.43 0.57
35.00 118.65 -320.51 -318.45 -232.65 0.24 0.29 -0.45 0.16 0.78 0.78 0.60
10.00 26.53 23.38 -257.72 141.93 0.27 0.67 1.00 0.40 0.74 0.77 0.24
8.00 8.66 -168.77 -626.40 413.42 0.39 0.91 0.53 0.38 0.84 0.33 0.85
8.00 18.64 -610.31 -272.22 -174.81 -0.05 0.24 0.95 0.15 0.33 0.25 0.74
12.00 16.52 114.30 -255.87 466.40 -0.26 -0.94 0.35 0.70 0.14 0.21 0.86
15.00 8.75 612.64 -165.19 439.19 -0.19 -0.38 -0.52 0.62 0.82 0.33 0.44
11.00 33.63 103.36 -74.53 -776.28 -0.34 0.59 0.91 0.65 0.63 0.50 0.78
8.00 3.32 -509.47 195.85 -16.46 -0.38 -0.41 -0.03 0.68 0.85 0.62 0.44
9.00 17.39 -221.69 386.26 495.80 -0.29 0.70 -0.49 0.28 0.43 0.23 0.92
6.00 7.68 -364.02 540.83 149.10 0.87 -0.55 0.32 0.06 0.18 0.97 0.86
5.00 2.40 -319.75 -569.89 -244.06 -0.91 0.20 -0.40 0.33 0.07 0.07 0.61
11.00 17.00 563.35 -367.83 -263.52 -0.73 0.75 0.63 0.30 0.10 0.67 0.91
9.00 17.28 -37.81 360.62 238.47 0.17 0.78 -0.94 0.76 0.06 0.87 0.42
7.00 10.47 -163.57 10.01 175.38 -0.49 0.66 0.50 0.29 0.38 0.04 0.62
6.00 6.45 -306.42 427.88 134.08 0.91 0.11 -0.17 0.16 0.55 0.19 0.32
29.00 223.87 -17.26 10.46 -716.94 0.57 -0.11 0.65 0.95 0.27 1.00 0.19
13.00 37.95 546.61 -321.13 -482.93 0.71 -0.53 -0.90 0.09 0.02 0.71 0.15
21.00 18.12 537.99 86.15 -394.45 0.18 -0.08 0.78 0.49 0.93 0.39 0.08
22.00 46.75 -612.82 228.62 70.79 0.45 -0.40 -0.61 0.71 0.46 0.50 0.01
8.00 0.32 343.53 436.89 -487.99 -0.33 -0.51 -0.46 0.84 0.04 0.96 0.64
23.00 58.45 289.20 -575.25 -281.48 -0.79 0.27 -0.13 0.34 0.51 0.09 0.17
8.00 4.68 -39.96 -671.69 -398.41 -0.89 -0.72 -0.78 0.09 0.99 0.70 0.52
29.00 90.03 -145.30 595.95 253.93 -0.42 0.06 0.10 0.70 0.32 0.30 0.19
15.00 25.05 -208.01 340.39 -34.04 -0.59 0.10 0.47 0.25 0.06 0.97 0.76
17.00 0.66 -336.95 192.06 -539.28 0.19 -0.81 0.79 0.70 0.23 0.28 0.19
10.00 25.16 447.29 407.29 393.96 -0.88 0.45 0.04 0.35 0.77 0.20 0.47
5.00 0.61 -457.32 -527.52 23.77 0.29 0.10 0.39 0.71 0.50 0.18 0.02
12.00 7.60 -514.98 -564.94 86.99 0.96 -0.91 0.09 0.21 0.59 0.03 0.36
11.00 1.48 197.67 -299.30 14.44 0.59 0.97 0.72 0.30 0.58 0.97 0.29
10.00 2.29 630.86 201.66 371.26 -0.27 0.52 -0.81 0.09 0.17 0.98 0.28
7.00 4.15 -452.34 541.33 -178.17 0.13 -0.01 0.78 0.45 0.03 0.44 0.04
16.00 44.20 -298.10 -112.81 -169.21 -0.26 0.78 -0.63 0.75 0.28 0.72 0.06
12.00 37.47 418.60 -272.64 -136.78 0.13 -0.99 0.98 0.34 0.96 0.02 0.11
9.00 12.41 384.11 373.46 -509.77 0.22 -0.54 0.14 0.19 0.93 0.23 0.92
18.00 44.50 -12.54 -524.75 25.84 0.45 0.80 0.64 0.90 0.40 0.02 0.19
8.00 16.69 -352.05 -356.39 -321.16 -0.97 -0.89 -0.91 0.11 0.87 0.49 0.53
9.00 13.17 -574.52 -293.19 -241.65 -0.43 0.66 0.38 0.70 0.96 0.67 0.58
17.00 11.14 102.35 -27.71 -360.36 0.39 -0.21 0.13 0.88 0.96 0.06 0.27
27.00 65.97 -612.68 -228.34 290.43 -0.40 -0.75 0.90 0.67 0.71 0.02 0.31
24.00 90.65 498.91 68.81 -255.04 -0.64 0.57 -0.85 0.44 0.21 0.93 0.92
6.00 0.69 -490.84 -71.14 -55.35 0.90 -0.73 -0.77 0.03 0.56 0.85 0.58
17.00 32.95 -647.23 347.51 255.69 -0.81 0.44 0.77 0.13 0.51 0.32 0.93
16.00 16.50 24.53 -754.11 146.88 -0.36 -0.29 0.65 0.06 0.41 0.36 0.09
9.00 2.12 351.07 329.14 -397.04 0.75 0.59 -0.05 0.46 0.07 0.18 0.99
8.00 10.59 372.84 -277.29 131.20 -0.59 -0.91 -0.40 0.51 0.30 0.38 0.13
17.00 39.68 616.70 -133.17 117.72 -0.16 0.17 0.34 0.13 0.81 0.42 0.41
32.00 35.45 555.39 -181.80 -351.59 -0.50 -0.80 0.65 0.17 0.41 0.41 0.74
13.00 17.23 -497.19 -73.06 391.90 0.25 -0.48 0.85 0.21 0.56 0.69 0.42
12.00 34.04 74.44 -353.92 -624.04 0.75 0.68 0.53 0.74 0.32 0.77 0.99
6.00 3.53 368.75 92.01 283.41 0.74 0.55 -0.09 0.99 0.37 0.34 0.22
14.00 3.33 140.09 43.92 435.95 -0.29 0.94 0.30 0.08 0.37 0.31 1.00
5.00 2.69 576.31 -53.40 -255.78 0.77 0.43 -0.26 0.80 0.07 0.53 0.43
9.00 11.81 218.71 261.64 248.86 0.65 -0.06 -0.00 0.07 0.33 0.34 0.95
9.00 17.66 -13.60 -63.20 437.66 0.64 -0.72 -0.32 0.69 0.06 0.23 0.34
9.00 4.96 115.31 162.33 169.41 0.37 -0.04 0.53 0.87 0.50 0.97 0.80
12.00 15.00 122.21 715.73 -155.19 -0.92 0.68 0.73 0.55 0.10 0.36 0.37
16.00 75.00 -288.33 79.53 540.58 0.57 0.91 -0.60 0.82 0.13 0.46 0.86
6.00 5.19 -469.99 191.33 -609.41 -0.38 -0.62 0.54 0.98 0.87 0.45 0.34
20.00 92.91 -360.84 -217.82 -549.01 0.05 0.12 -0.46 0.03 0.99 0.71 0.33
10.00 20.08 -573.17 104.60 86.93 0.97 -0.99 -0.68 0.39 0.98 0.55 0.66
20.00 41.86 -91.15 600.74 519.92 0.01 0.58 0.20 0.92 0.63 0.59 0.99
5.00 3.31 287.88 -261.12 -19.67 0.90 0.08 0.70 0.60 0.75 0.89 0.57
20.00 58.35 81.42 547.86 -71.94 -0.50 0.25 0.07 0.01 0.54 0.67 0.23
18.00 36.98 -402.03 -677.61 -84.90 0.07 -0.65 0.39 0.93 0.61 0.58 0.06
16.00 57.21 -419.36 -460.14 -146.85 -0.36 0.01 -0.44 0.82 0.61 0.02 0.63
15.00 54.03 266.89 -610.57 -280.84 -0.26 -0.19 0.83 0.94 0.04 0.72 0.75
6.00 4.64 -487.86 -144.62 -445.83 0.45 -0.44 -0.70 0.43 0.49 0.16 0.74
5.00 5.26 -478.71 397.72 134.46 -0.43 -0.35 -0.31 0.55 0.11 0.26 0.51
7.00 1.10 351.91 -168.99 97.54 0.25 -0.33 0.82 0.17 0.60 0.43 0.95
14.00 44.98 439.98 -19.58 653.22 -0.01 -0.94 0.71 0.36 0.57 0.30 0.12
5.00 6.78 -87.89 174.47 43.34 0.83 -0.48 -0.70 0.64 0.49 0.41 0.72
10.00 15.27 315.16 -475.25 551.17 -0.80 -0.16 0.24 0.66 0.18 0.99 0.75
25.00 138.83 -114.46 -649.50 319.45 0.50 -0.87 -0.85 0.88 0.37 0.61 0.11
9.00 20.91 450.19 -66.67 521.76 -0.29 -0.55 -0.70 0.17 0.53 0.29 0.60
30.00 255.15 -427.68 391.47 535.15 -0.35 -0.29 -0.02 0.56 0.69 0.72 0.24
5.00 4.61 -131.48 518.58 -495.62 0.84 0.91 0.77 0.24 0.36 0.23 0.02
6.00 8.57 -68.04 685.42 153.45 -0.80 -0.68 -0.34 0.70 0.05 0.55 0.89
9.00 17.08 -562.43 -96.86 -335.28 0.48 0.45 0.60 0.10 0.12 0.90 0.21
8.00 11.85 112.20 -58.72 -703.33 0.94 -0.32 0.90 0.53 0.60 0.28 0.82
16.00 15.04 -6.07 616.89 83.79 -0.17 0.91 0.73 0.78 0.34 0.39 0.85
32.00 76.11 -226.33 39.68 222.57 -0.02 -0.02 -0.26 0.68 0.05 0.67 0.83
9.00 2.52 -377.93 -406.04 -571.91 0.50 -0.88 -0.12 0.34 0.67 0.46 0.40
26.00 202.56 -649.25 -352.20 74.26 -0.51 -0.71 -0.56 0.07 0.31 0.14 0.21
30.00 255.68 244.26 -355.72 182.33 0.03 -0.97 0.31 0.77 0.37 0.81 0.23
6.00 1.29 -93.07 470.52 -103.71 0.82 0.08 0.08 0.97 0.35 0.03 0.00
9.00 12.19 459.15 259.85 493.94 0.04 -0.12 -0.96 0.14 0.42 0.39 0.63
9.00 15.26 -51.81 70.92 -23.09 0.32 0.48 0.01 0.43 0.04 0.76 0.71
23.00 81.09 303.73 558.31 189.95 0.86 -0.23 -0.90 0.62 0.50 0.37 0.69
7.00 11.81 202.70 -280.45 -169.28 -0.79 -0.42 -0.92 0.26 0.99 0.80 0.86
11.00 32.52 -338.42 116.49 144.29 0.31 -0.36 -0.47 0.82 0.10 0.49 0.58
7.00 13.41 346.95 -202.39 288.91 -0.78 0.54 0.51 0.46 0.96 0.91 0.88
14.00 4.92 446.61 -290.42 297.10 -0.54 0.99 -0.32 0.14 0.26 0.51 0.20
8.00 7.65 637.57 -446.25 -182.77 0.45 -0.07 -0.03 0.63 0.64 0.89 0.64
9.00 9.60 -734.90 -1.46 -215.39 0.79 -0.94 -0.52 0.90 0.61 0.12 0.45
21.00 88.76 -510.86 490.62 -242.82 0.79 -0.81 -0.15 0.31 0.40 0.48 0.97
19.00 33.88 346.22 -540.10 358.45 -0.03 -0.38 -0.91 0.28 0.62 0.09 0.70
11.00 7.36 598.12 -383.17 113.15 -0.42 0.85 -0.93 0.06 0.65 0.51 0.69
15.00 39.44 315.84 -16.15 332.07 -0.53 0.32 0.95 0.18 0.13 0.92 0.82
19.00 93.95 280.79 -683.76 -304.64 -0.20 0.47 -0.36 0.93 0.66 0.98 0.27
8.00 13.32 -710.20 238.84 94.00 0.01 -0.06 0.25 0.19 0.84 0.40 0.72
26.00 66.12 -760.79 25.60 129.10 0.07 0.54 -0.34 0.56 0.16 0.67 0.77
8.00 2.93 63.87 412.77 442.88 0.80 0.43 -0.68 0.81 0.88 0.63 0.66
5.00 2.83 220.10 -158.83 163.37 0.19 0.90 0.60 0.14 0.38 0.16 0.87
39.00 316.32 -427.36 423.53 405.47 -0.37 -0.56 0.86 0.67 0.20 0.25 0.31
19.00 47.35 172.18 -366.72 547.25 0.77 0.10 0.72 0.11 0.66 0.79 0.16
18.00 58.65 -174.88 84.88 526.98 -0.26 -0.22 -0.03 0.21 0.20 0.34 0.19
13.00 6.76 -536.55 329.99 249.91 -0.11 -0.34 0.74 0.90 0.30 0.70 0.97
6.00 3.87 -199.66 -714.82 -199.61 -0.53 0.89 -0.83 0.72 0.30 0.30 0.02
13.00 21.01 -342.89 -11.18 52.49 0.16 -0.07 0.78 0.24 0.85 0.07 0.32
5.00 6.94 -248.47 527.98 -292.93 -0.56 -0.35 0.18 0.82 0.67 0.62 0.10
10.00 7.65 69.36 265.85 3.11 0.93 -0.79 -0.28 0.26 0.69 0.48 0.44
11.00 22.11 -150.85 -199.36 344.62 -0.17 0.57 -0.35 0.38 0.66 0.85 0.56
11.00 1.14 512.75 265.30 31.76 0.02 -0.06 -0.73 0.21 0.90 0.31 0.53
22.00 22.32 265.69 -474.92 -0.86 0.42 -0.59 -0.48 0.60 0.99 0.11 0.05
7.00 11.89 531.34 -141.04 574.98 -0.71 0.86 -0.28 0.75 0.12 0.63 0.51
12.00 38.46 401.64 -163.20 -477.10 0.60 -0.14 0.29 0.99 0.58 0.68 0.53
20.00 41.07 -112.95 -39.07 529.35 -0.47 0.21 -0.39 0.12 0.46 0.63 0.27
13.00 37.84 467.05 582.83 58.70 -0.78 0.91 -0.91 0.76 0.84 0.65 0.38
5.00 0.47 759.47 136.22 202.99 -0.08 0.93 0.34 0.28 0.03 0.46 0.59
11.00 24.67 348.80 180.26 436.88 0.95 0.25 0.90 0.22 0.74 0.49 0.65
9.00 2.25 473.03 -311.10 50.14 0.23 0.16 -0.82 0.45 0.83 0.57 0.17
20.00 120.51 -284.44 456.72 62.12 -0.06 -0.47 0.30 0.54 0.54 0.68 0.62
9.00 18.24 107.67 560.56 -10.84 0.15 -0.23 -0.06 0.74 0.89 0.56 0.29
22.00 131.45 58.01 -82.59 225.53 -0.49 -0.83 -0.73 0.97 0.37 0.42 0.31
10.00 0.58 678.92 -253.58 62.18 -0.10 -0.81 -0.35 0.67 0.22 0.66 0.35
21.00 57.96 451.84 -368.20 -245.15 0.96 0.00 -0.04 0.33 0.54 0.84 0.44
19.00 26.27 -445.12 453.42 -212.58 0.34 0.13 0.40 0.16 0.97 0.48 0.68
7.00 7.71 128.65 678.74 15.93 -0.06 -0.00 -0.35 0.46 0.10 0.20 0.47
9.00 15.08 -398.32 66.52 -622.70 -0.50 0.14 0.62 0.26 0.53 0.58 0.10
11.00 23.49 -112.04 653.69 -175.66 0.69 -0.50 -0.13 0.75 0.32 0.20 0.81
16.00 19.07 459.65 -341.99 -287.68 0.50 0.84 -0.52 0.59 0.95 0.61 0.25
9.00 8.69 -182.59 -345.60 -424.99 -0.52 -0.72 -0.02 0.90 0.96 0.91 0.23
15.00 23.55 -76.76 750.71 -170.35 -0.45 -0.86 -0.51 0.56 0.41 0.84 0.42
6.00 7.82 -94.59 405.14 354.78 0.38 0.09 -0.83 0.23 0.80 0.61 0.06
9.00 20.71 -74.91 -649.26 35.83 0.70 0.55 -0.09 0.98 0.61 0.12 0.57
29.00 42.35 -420.65 369.92 -103.94 -0.58 0.85 -0.40 0.03 0.42 0.41 0.78
5.00 7.28 50.06 -649.43 -345.08 -0.60 -0.98 0.55 0.80 0.31 0.82 0.17
6.00 6.91 -68.14 40.16 -199.72 0.16 0.36 0.50 0.89 0.26 0.92 0.76
8.00 8.75 -117.96 -145.36 78.71 0.51 0.76 -0.17 0.53 0.23 0.07 0.99
24.00 125.24 -485.69 -266.70 149.89 0.81 0.00 -0.35 0.34 0.79 0.42 0.91
20.00 119.74 -496.62 424.24 -236.14 -0.30 -0.53 0.23 0.26 0.88 0.58 0.61
7.00 13.56 -300.70 -313.54 -289.60 0.46 0.78 0.15 0.57 0.81 0.83 0.89
6.00 6.45 274.21 272.73 -562.36 0.15 -0.15 -0.95 0.66 0.12 0.36 0.80
11.00 33.40 629.12 458.92 125.58 0.16 -0.75 0.80 0.06 0.58 0.56 0.71
7.00 1.54 -154.50 -341.59 584.56 -0.82 -0.81 0.30 0.90 0.54 0.81 0.21
26.00 42.38 402.77 247.95 571.86 -0.19 -0.80 0.27 0.50 0.74 0.05 0.74
7.00 9.77 -60.48 -476.68 584.15 -0.59 -0.84 0.62 0.36 0.46 0.05 0.26
5.00 2.28 -359.73 683.72 41.45 0.37 0.12 0.47 0.95 0.06 0.88 0.87
7.00 1.09 -60.73 -548.21 -128.92 1.00 0.29 0.81 0.49 0.05 0.36 0.42
15.00 11.18 516.42 592.85 -26.92 0.46 0.06 -0.07 0.48 0.53 0.68 0.98
8.00 5.86 -166.69 -289.14 83.03 0.05 0.41 0.17 0.97 0.60 0.95 0.92
9.00 23.57 -705.14 -174.24 24.09 0.10 -0.02 -0.65 0.66 0.20 0.64 0.88
6.00 6.85 -503.63 497.72 370.57 0.13 0.11 0.10 0.55 0.85 0.45 0.49
26.00 67.18 -233.16 -101.58 552.81 0.69 -0.00 -0.23 0.77 0.18 0.22 0.30
19.00 66.53 454.05 322.21 -444.13 -0.07 -0.23 0.55 0.15 0.53 0.85 0.20
8.00 10.15 -368.16 67.71 116.53 -0.26 -0.13 0.68 0.89 0.74 0.62 0.69
14.00 9.09 -45.78 -105.57 -201.36 -0.10 0.02 0.96 0.24 0.11 0.43 0.58
12.00 32.18 209.99 -344.05 -383.71 -0.16 -0.90 -0.95 0.98 0.24 0.41 0.65
10.00 28.55 346.40 -205.67 229.46 -0.89 -0.08 -0.62 0.50 0.44 0.75 0.34
7.00 11.04 449.81 362.52 -482.63 0.24 0.08 -0.47 0.91 0.78 0.79 0.27
16.00 74.21 -96.28 -104.84 -57.04 0.36 -0.69 -0.60 0.50 0.26 0.85 0.29
8.00 19.05 239.64 -260.51 -612.44 -0.14 0.42 -0.18 0.90 0.26 0.17 0.03
5.00 6.10 -305.67 -282.54 334.44 -0.33 -0.76 0.87 0.76 0.16 0.22 0.52
5.00 3.72 610.56 455.63 164.96 0.90 -0.59 0.59 0.29 0.37 0.56 0.63
13.00 17.58 360.04 -652.84 -51.73 -0.98 -0.92 0.26 0.04 0.72 0.37 0.21
15.00 59.39 333.48 -383.71 225.76 -0.37 -0.01 0.01 0.84 0.69 0.31 0.15
16.00 65.72 -13.55 640.27 -31.05 0.52 0.61 -0.35 0.31 0.99 0.47 0.89
12.00 14.00 570.16 2.50 -411.09 0.26 -0.68 -0.05 0.02 0.89 0.31 0.13
15.00 59.25 -432.00 -26.89 -285.22 0.34 0.81 0.53 0.88 0.04 0.45 0.14
11.00 34.27 12.38 -431.26 429.28 0.17 0.81 0.69 0.74 0.79 0.64 0.07
20.00 57.02 422.78 -146.23 -68.20 -0.24 0.95 -0.87 0.87 0.95 0.34 0.53
18.00 63.59 591.27 -261.05 -314.14 -0.67 -0.95 -0.07 0.75 0.21 0.99 0.94
35.00 273.34 53.75 286.48 -726.60 -0.32 0.87 0.28 0.17 0.84 0.50 0.26
5.00 3.85 -314.78 236.97 119.19 -0.57 0.12 0.32 0.66 0.60 0.50 0.35
5.00 2.31 -572.48 -49.62 68.67 0.54 0.60 0.36 0.71 0.36 0.64 0.83
11.00 22.61 -696.41 -231.10 -120.03 0.19 0.65 0.17 0.64 0.83 0.84 0.83
8.00 1.78 -133.53 8.55 152.56 0.58 0.77 -0.96 0.28 0.43 0.65 0.03
32.00 80.66 357.76 -110.55 556.85 -0.19 -0.16 -0.84 0.37 0.91 0.80 0.25
5.00 6.59 -331.62 231.37 -164.66 -0.71 0.84 -0.12 0.67 0.52 0.39 0.38
7.00 2.78 -243.27 -276.25 -364.91 -0.49 0.66 0.83 0.85 0.81 0.42 0.56
6.00 10.79 438.31 -300.86 264.91 0.44 0.48 -0.70 0.53 0.74 0.70 0.59
12.00 6.35 184.49 93.91 -675.14 -0.38 -0.39 -0.73 0.79 0.32 0.59 0.92
6.00 9.44 -461.18 -374.59 -229.00 0.47 0.29 0.23 0.08 0.97 0.83 0.53
8.00 16.27 -732.63 -309.68 55.17 0.42 -0.44 0.74 0.06 0.78 0.98 0.62
5.00 3.29 538.47 313.75 -486.03 -0.82 0.52 -0.57 0.50 0.31 0.89 0.16
14.00 41.28 -382.17 -307.28 95.08 0.12 -0.50 -0.63 0.63 0.47 0.33 0.82
6.00 0.34 -509.18 -37.74 92.94 -0.36 0.75 0.85 0.61 0.54 0.66 0.17
13.00 13.55 -564.31 -436.93 344.26 0.94 0.08 -0.43 0.92 0.05 0.25 0.45
15.00 32.54 511.41 317.02 -435.12 -0.44 -0.90 -0.84 0.55 0.98 0.72 0.46
6.00 6.82 -303.36 -123.89 -49.56 -0.95 0.35 -0.57 0.71 0.16 0.01 0.24
5.00 3.82 454.36 535.53 344.59 -0.48 -0.90 -0.76 0.32 0.16 0.77 0.83
5.00 2.42 95.47 78.32 -630.18 0.06 0.71 0.01 0.46 0.90 0.41 0.44
7.00 4.32 -61.48 767.41 -127.12 0.24 0.04 0.72 0.78 0.07 0.00 0.42
7.00 5.61 337.01 288.72 -232.74 -0.59 0.46 -0.53 0.36 0.50 0.34 0.84
15.00 24.76 -133.80 -1.32 -145.87 0.96 -0.51 -0.05 0.43 0.92 0.42 0.48
5.00 6.25 -432.75 -5.73 92.96 -0.14 -0.74 -0.15 0.12 0.89 0.72 0.35
34.00 348.06 180.14 -18.50 58.89 0.70 -0.94 0.35 0.91 0.39 0.92 0.76
8.00 18.30 66.59 -88.03 -712.98 0.35 0.92 -0.02 0.92 0.40 0.74 0.83
13.00 9.27 -517.95 147.48 335.69 -0.97 0.80 -0.08 0.24 0.84 0.43 0.43
13.00 4.24 325.12 571.32 -260.46 -0.59 0.74 -0.49 0.37 0.08 0.43 0.23
14.00 45.15 300.75 -164.97 611.45 -0.98 -0.60 0.52 0.65 0.57 0.44 0.01
20.00 16.77 -476.20 -550.98 -123.49 -0.30 -0.08 0.61 0.47 0.90 0.53 0.83
15.00 66.62 -498.81 451.14 44.65 0.19 0.77 -0.36 0.12 0.66 0.31 0.24
28.00 91.20 151.85 471.30 449.91 0.27 -0.61 -0.58 0.95 0.59 0.61 0.90
12.00 21.23 334.79 228.32 -0.04 0.98 0.04 -0.13 0.88 0.26 0.52 0.77
7.00 4.88 -291.70 517.67 486.32 0.73 -0.69 0.52 0.38 0.80 0.81 0.74
5.00 6.63 411.31 286.25 310.20 -0.58 -0.25 -0.14 0.37 0.22 0.26 0.54
6.00 8.14 487.27 -64.57 174.55 0.73 -0.29 0.68 0.18 0.72 0.92 0.45
14.00 44.30 -100.16 -84.42 -684.57 0.45 0.57 0.33 0.96 0.15 0.54 0.66
5.00 3.08 740.99 -139.24 109.07 0.44 0.74 0.69 0.35 0.39 0.69 0.50
9.00 18.90 -707.60 132.66 90.42 -0.96 0.58 0.25 0.49 1.00 0.30 0.16
22.00 79.89 454.67 -495.46 -191.85 -0.40 0.94 0.46 0.40 0.81 0.56 0.11
7.00 5.81 169.85 -668.59 -382.99 0.14 0.14 -0.30 0.59 0.55 0.79 0.37
7.00 2.24 -226.79 700.02 268.36 0.25 0.98 -0.63 0.91 0.73 0.27 0.89
10.00 14.27 618.26 455.19 77.12 -0.72 -0.69 -0.26 0.25 0.22 0.90 0.22
9.00 16.65 284.49 -130.17 710.82 -0.52 -0.69 -0.97 0.18 0.34 0.49 0.25
8.00 1.82 -205.70 667.06 -244.55 0.08 -1.00 -0.60 0.50 0.28 0.04 0.99
10.00 18.78 -311.60 -238.78 -127.90 0.11 1.00 0.94 0.90 0.11 0.91 0.63
9.00 7.22 280.54 600.53 -58.54 -0.08 -0.74 -0.48 0.56 0.61 0.57 0.37
10.00 11.97 351.38 -299.27 538.41 -0.99 -0.10 0.93 0.51 0.40 0.19 0.39
5.00 5.44 564.38 -121.70 97.58 -0.48 -0.58 0.72 0.73 0.41 0.27 0.50
20.00 9.49 3.05 148.19 233.33 -0.05 0.55 0.30 0.94 0.37 0.57 0.20
9.00 9.97 482.54 -21.24 263.49 -0.84 0.74 0.43 0.49 0.60 0.37 0.38
8.00 10.13 143.03 -450.02 -624.02 0.83 -0.35 0.82 0.14 0.72 0.02 0.39
19.00 51.69 263.15 440.85 -162.69 -0.77 -0.77 0.08 0.08 0.29 0.54 0.76
9.00 20.30 -12.50 92.13 675.74 -0.10 0.82 0.77 0.80 0.80 0.29 0.45
5.00 2.38 18.16 316.92 -331.40 -0.43 -0.29 -0.07 0.79 0.76 0.26 0.21
6.00 10.61 587.53 -476.10 -253.16 -0.64 0.88 0.54 0.55 0.60 0.59 0.20
24.00 17.44 192.01 603.02 -205.97 0.57 0.45 -0.31 0.50 0.82 0.87 1.00
25.00 18.65 325.81 -611.07 -241.44 -0.17 -0.64 -0.28 0.71 0.01 0.89 0.33
9.00 17.39 146.71 580.97 -95.04 0.89 0.71 -0.35 0.16 0.96 0.20 0.14
13.00 1.57 655.29 325.15 114.10 -0.05 -0.75 0.83 0.13 0.37 0.17 0.77
6.00 3.41 -511.06 314.06 -210.21 -0.79 0.67 0.92 0.58 0.11 0.18 0.17
5.00 7.28 -391.78 -348.99 51.71 0.95 -0.56 -0.19 0.66 0.65 0.10 0.06
6.00 8.54 -324.07 -246.72 132.87 -0.53 -0.25 -0.21 0.69 0.49 0.56 0.68
16.00 47.07 600.36 -208.98 207.66 -0.40 0.36 0.51 0.94 0.44 0.38 0.01
16.00 25.39 -545.31 -426.85 -89.01 -0.68 -0.69 -0.09 0.92 0.62 0.21 0.75
13.00 47.35 68.80 -83.23 -131.33 -0.86 -0.80 -0.36 0.75 0.37 0.67 0.68
22.00 41.22 -399.40 287.98 589.95 -0.97 0.47 0.45 0.62 0.52 0.15 0.18
18.00 13.04 -89.61 55.98 -290.42 -0.18 -0.54 -0.77 0.33 0.78 0.74 0.07
9.00 19.29 277.46 -564.13 -138.53 0.84 0.01 -0.66 0.24 0.08 0.30 0.28
5.00 3.69 -176.70 -111.01 -356.67 0.62 0.49 0.98 0.17 0.67 0.18 0.81
7.00 10.28 393.04 -402.13 143.17 -0.08 -0.57 -0.25 0.34 0.50 0.30 0.78
5.00 5.06 10.74 211.22 -385.01 0.06 0.95 -0.57 0.16 0.68 0.92 0.27
5.00 7.49 41.17 241.35 -8.06 0.59 -0.38 0.82 0.35 0.99 0.44 0.16
13.00 42.68 -165.79 -561.38 365.56 0.67 0.20 -0.06 0.61 0.07 1.00 0.58
33.00 15.19 -19.77 -198.82 563.06 -0.78 0.69 0.51 0.81 0.21 0.50 0.50
11.00 10.48 -285.83 57.86 -2.41 -0.97 -0.24 0.93 0.80 0.74 0.37 0.86
18.00 27.46 -218.82 -41.02 -102.03 -0.55 -0.77 -0.24 0.26 0.66 0.96 0.14
5.00 6.88 -151.11 390.69 18.23 0.92 0.28 -0.20 0.49 0.54 0.96 0.27
11.00 14.39 -97.80 -389.35 -516.72 0.49 0.83 0.63 0.55 0.41 0.99 0.14
13.00 9.29 82.83 -576.82 -468.14 0.85 0.93 -0.70 0.05 0.25 0.07 0.35
15.00 48.38 -1.85 352.53 -127.16 0.13 0.90 0.74 0.70 0.73 0.95 0.21
18.00 57.28 255.51 172.10 453.15 -0.39 0.29 0.97 0.62 0.53 0.69 0.53
6.00 5.64 -749.94 234.32 -112.71 -0.26 0.39 -0.37 0.28 0.17 0.76 0.64
7.00 7.06 179.49 -145.31 201.30 0.48 0.09 -0.59 0.37 0.37 0.89 0.84
12.00 18.52 322.46 361.59 557.73 -0.93 0.88 -0.74 0.16 0.04 0.56 0.07
16.00 72.33 96.04 774.68 -109.39 0.68 0.78 0.57 0.41 0.96 0.35 0.33
8.00 17.57 -340.96 -432.47 506.74 -0.36 -0.42 0.12 0.15 0.11 0.63 0.83
9.00 13.73 98.39 341.37 -78.71 -0.11 -0.56 0.05 0.25 0.01 0.79 0.86
5.00 3.90 159.13 229.98 -488.25 0.45 0.15 0.64 0.28 0.90 0.90 0.05
16.00 7.80 455.09 -100.53 -304.89 -0.28 0.60 0.86 0.92 0.29 0.30 0.27
10.00 15.01 128.39 -687.12 -383.88 -0.73 -0.81 -0.74 0.99 0.74 0.59 0.62
11.00 30.04 -612.17 416.81 273.21 -0.89 -0.19 -0.15 0.72 0.33 0.66 0.34
15.00 22.22 -664.01 -342.49 265.32 0.17 0.21 0.48 0.95 0.50 0.16 0.61
5.00 6.47 153.74 -256.64 -547.83 0.54 0.91 -0.73 0.94 0.60 0.29 0.16
10.00 8.02 -485.38 -510.39 69.98 -0.55 -0.49 -0.78 0.68 0.96 0.91 0.65
10.00 7.54 -292.84 -33.27 414.03 0.97 -0.95 0.78 0.91 0.28 0.30 0.09
5.00 5.01 19.05 -160.94 684.43 1.00 0.66 0.02 0.18 0.15 0.90 0.63
17.00 22.40 0.35 -104.34 645.87 0.36 -0.21 -0.24 0.17 0.44 0.52 0.96
11.00 25.51 -547.92 145.29 394.58 0.89 -0.29 0.46 0.15 0.96 0.84 0.46
18.00 35.88 -3.85 596.56 45.88 -0.09 0.44 -0.45 0.70 0.55 0.18 0.37
22.00 61.62 -715.36 167.43 -295.53 0.18 -0.13 0.04 0.56 0.05 0.74 0.07
13.00 11.48 708.62 -42.81 -146.90 0.99 0.56 -0.91 0.44 0.40 0.33 0.14
13.00 32.46 268.09 -367.11 327.45 0.51 0.92 0.32 0.03 0.68 0.05 0.92
10.00 25.88 -631.81 284.10 253.22 0.24 0.52 -0.63 0.68 0.36 0.15 0.29
19.00 97.81 165.87 431.73 -624.23 0.15 -0.84 -0.28 0.39 0.00 0.74 0.67
8.00 6.34 -202.45 -415.07 635.44 0.56 -0.20 0.69 0.64 0.41 0.95 0.53
6.00 10.85 472.14 224.89 -118.29 -0.38 -0.84 -0.88 0.56 0.99 0.96 0.97
7.00 4.25 53.13 -756.17 -62.49 -0.41 -0.27 0.96 0.84 0.62 0.79 0.75
8.00 10.06 348.67 513.25 233.46 -0.25 -0.19 -0.96 0.01 0.32 1.00 0.61
19.00 45.05 455.67 82.51 -46.53 0.29 -0.88 -0.87 0.02 0.94 0.86 0.59
10.00 24.02 73.31 94.95 -22.85 0.48 -0.76 -0.40 0.11 1.00 0.47 0.39
21.00 82.09 -404.29 -557.57 -88.08 -0.82 -0.24 0.76 0.60 0.89 0.31 0.82
21.00 23.57 119.03 637.79 448.26 -0.05 -0.49 -0.70 0.59 0.30 0.18 0.43
8.00 8.74 288.02 -147.34 322.83 -0.03 -0.05 0.62 0.10 0.61 0.47 0.18
20.00 15.25 345.97 496.97 -178.72 -0.45 0.49 0.72 0.41 0.50 0.11 0.47
10.00 12.29 23.89 -311.21 -671.08 0.79 0.12 -0.04 0.58 0.31 0.46 0.44
9.00 20.27 -39.59 16.60 93.80 0.67 0.15 0.64 0.42 0.50 0.15 0.07
18.00 54.34 68.90 482.80 -324.01 0.64 -0.86 0.76 0.41 0.94 0.41 0.32
9.00 3.13 130.15 -560.64 -45.79 0.03 -0.36 -0.76 0.14 0.32 0.80 0.96
16.00 22.42 -182.99 568.68 -319.37 -0.41 -0.28 -0.62 0.38 0.95 0.44 0.15
16.00 16.81 -731.42 97.86 -232.08 -0.32 -0.66 0.09 0.00 0.99 0.43 0.77
28.00 72.60 416.93 -322.13 163.27 -0.21 -0.35 0.56 0.08 0.38 0.73 0.81
12.00 2.56 -191.05 -388.79 -521.21 0.17 -0.59 -0.45 0.62 0.14 0.04 0.53
12.00 25.00 -186.66 180.92 -677.34 -0.51 -0.22 -0.51 0.32 0.48 0.12 0.89
31.00 83.18 -282.17 -523.75 519.94 0.16 0.62 -0.29 0.08 0.35 0.33 0.71
20.00 24.92 -508.45 -282.73 -252.57 -0.40 0.39 0.59 0.03 0.15 0.83 0.48
9.00 9.37 353.47 -129.73 215.67 0.28 0.73 0.37 0.28 0.91 0.02 0.66
6.00 7.80 -606.73 -342.88 -28.76 0.44 -0.41 -0.52 0.21 0.83 0.05 0.98
17.00 55.26 -621.02 109.15 62.02 0.73 0.67 0.88 0.67 0.54 0.99 0.13
10.00 14.97 -458.47 -426.24 478.25 0.87 0.19 0.06 0.45 0.67 0.30 0.51
5.00 2.29 -195.36 -285.54 582.60 0.83 -0.69 0.86 0.69 0.68 0.01 0.97
10.00 17.13 -402.68 279.74 -391.42 0.20 -0.87 0.30 0.93 0.95 0.53 0.02
12.00 3.11 -614.01 172.27 -49.86 -0.31 -0.15 0.16 0.90 0.85 0.37 0.85
22.00 1.09 -331.05 -375.10 -495.00 -0.26 0.10 -0.62 0.59 0.07 0.13 0.29
5.00 0.27 -373.60 324.53 398.96 -0.39 -0.46 -0.54 0.67 0.13 0.19 0.85
36.00 56.13 74.30 -94.19 -567.15 0.99 0.07 -0.23 0.15 0.84 0.98 0.62
7.00 7.51 447.57 -626.34 108.84 0.65 0.99 0.99 0.79 0.10 0.94 0.57
25.00 58.19 21.01 -312.23 -384.31 0.46 0.94 0.55 0.69 0.37 0.28 0.91
30.00 219.52 -321.87 -554.08 465.55 -0.98 0.64 0.53 0.52 0.07 0.67 0.19
20.00 36.66 636.30 119.87 301.73 -0.07 0.78 -0.95 0.51 0.34 0.92 0.62
5.00 0.87 131.01 -709.60 -39.61 0.80 0.36 0.77 0.97 0.39 0.38 0.01
10.00 5.73 -56.93 -513.57 439.43 0.99 0.45 0.04 0.09 0.63 0.61 0.25
7.00 14.73 72.74 -515.87 304.59 0.94 0.90 0.31 0.80 0.59 0.16 0.55
12.00 3.52 -175.13 72.51 -290.73 0.62 0.65 0.29 0.99 0.42 0.08 0.94
6.00 7.57 30.20 34.18 759.11 0.89 0.13 0.20 0.50 0.86 0.19 0.25
18.00 96.72 79.45 743.00 -202.02 -0.76 0.85 -0.29 0.78 0.37 0.85 0.69
6.00 4.27 470.50 104.75 163.73 0.26 -0.27 0.62 0.38 0.12 0.26 0.61
8.00 6.89 -573.06 356.63 85.42 -0.88 -0.64 0.64 0.19 0.20 0.83 0.07
13.00 18.29 -303.09 535.42 -383.24 0.07 0.14 -0.42 0.62 0.06 0.25 0.35
11.00 15.11 24.41 -199.87 185.42 0.03 -0.98 -0.09 0.67 0.27 0.41 0.84
8.00 8.36 -534.47 397.40 -286.50 -0.55 -0.10 0.42 0.77 0.32 0.87 0.49
8.00 11.12 412.33 253.78 -323.40 -0.40 -0.26 -0.88 0.95 0.29 0.13 0.25
23.00 115.03 -303.59 108.55 -621.98 -0.11 0.45 -0.45 0.32 0.75 0.30 0.44
7.00 5.10 753.52 81.74 -10.31 0.56 0.24 0.30 0.71 0.54 0.52 0.56
5.00 3.36 128.54 622.98 348.95 -0.16 0.79 -0.56 0.84 0.88 0.84 0.06
9.00 24.08 80.87 -474.00 378.29 -0.38 0.02 -0.70 0.05 0.31 0.05 0.46
6.00 8.65 -369.32 108.20 452.81 -0.29 -0.27 0.72 0.20 0.41 0.34 0.59
32.00 264.00 493.11 -545.55 124.65 0.82 -0.94 -0.36 0.28 0.53 0.08 0.57
11.00 31.85 -61.70 58.55 379.95 -0.89 1.00 -0.90 0.01 0.35 0.41 0.39
7.00 2.06 365.83 423.26 -35.49 0.35 -0.82 -0.97 0.27 0.89 0.07 0.55
35.00 192.43 174.44 557.08 39.22 -0.97 -0.26 -0.87 0.31 0.17 0.61 0.02
10.00 11.93 626.98 -431.67 224.06 0.08 0.56 0.01 0.92 0.23 0.88 0.81
7.00 5.22 710.16 337.93 -117.63 0.35 0.05 0.24 0.25 0.93 0.66 0.99
11.00 3.48 -249.65 553.29 165.36 0.25 0.37 0.75 0.99 0.29 0.74 0.62
8.00 2.44 -304.75 117.09 49.17 0.06 0.81 0.54 0.70 0.95 0.91 0.77
9.00 17.14 282.78 88.65 450.85 -0.20 -0.64 0.20 0.14 0.86 0.34 0.19
21.00 61.82 180.33 502.93 304.66 0.79 0.40 0.63 0.12 0.21 0.91 0.70
8.00 12.71 -258.36 368.62 -11.49 0.95 -0.83 0.17 0.97 0.46 0.31 0.91
5.00 6.00 -432.18 -164.60 299.25 -0.93 -0.99 -0.42 0.14 0.90 0.00 0.57
7.00 4.22 598.03 84.18 408.93 0.28 -0.91 -0.85 0.30 0.80 0.15 0.86
21.00 114.59 -80.70 -268.17 -240.48 0.53 -0.25 0.84 0.26 0.50 0.87 0.43
15.00 44.96 -169.68 139.83 -563.19 -0.13 0.03 0.35 0.80 0.19 0.07 0.52
11.00 31.68 -97.90 361.72 -372.36 -0.09 0.84 -0.38 0.95 0.72 0.94 0.41
7.00 12.55 247.48 -607.36 -306.43 -0.43 -0.92 0.82 0.42 0.71 0.73 0.33
9.00 10.49 -250.37 -272.11 409.03 -0.04 -0.60 -0.21 0.49 0.15 0.68 0.07
13.00 29.72 -745.51 -229.14 45.60 0.60 0.27 0.00 0.61 0.57 0.11 0.23
15.00 35.68 -268.00 312.37 -94.21 0.78 0.97 -0.86 0.61 0.71 0.87 0.39
13.00 16.46 252.26 -163.82 43.73 0.77 0.71 -0.05 0.85 0.86 0.38 0.77
5.00 3.29 10.97 269.89 -301.32 -0.09 0.08 -0.93 0.88 0.91 0.81 0.65
11.00 14.79 303.08 -681.25 -70.81 -0.26 0.98 -0.67 0.97 0.30 0.80 0.17
37.00 63.77 -129.52 -260.41 251.77 -0.49 0.85 -0.85 0.56 0.50 0.70 0.42
18.00 78.58 179.47 -302.39 -642.55 -0.91 0.67 -0.57 0.15 0.88 0.86 0.15
9.00 9.17 -0.60 554.19 549.92 -0.04 -0.52 -1.00 0.77 0.24 0.50 0.29
10.00 4.14 -70.97 -161.49 463.15 0.35 -0.19 -0.31 0.07 0.23 0.66 0.54
7.00 12.87 195.67 -234.55 222.41 0.88 0.20 0.14 0.75 0.46 0.58 0.68
12.00 43.28 -343.56 -343.30 -447.04 0.41 -0.25 0.50 0.91 0.62 0.88 0.53
18.00 7.17 487.06 495.16 58.74 0.93 -0.84 -0.90 0.28 0.06 0.93 0.55
6.00 3.98 -319.53 -112.67 -462.19 0.92 -0.56 0.27 0.57 0.52 0.87 0.10
24.00 101.91 -355.19 -240.50 287.98 -0.44 -0.30 0.98 0.17 0.12 0.03 0.68
6.00 2.39 158.94 746.90 -61.56 -0.16 0.40 0.47 0.64 0.23 0.87 0.43
8.00 11.85 -378.35 -574.11 -8.42 -0.45 0.42 -0.35 0.89 0.15 0.05 0.25
34.00 342.25 -269.66 511.14 294.20 0.35 0.27 -0.91 0.18 0.55 0.98 0.03
7.00 14.16 -103.63 273.76 73.24 0.21 0.40 0.26 0.04 0.06 0.60 0.30
5.00 6.72 257.21 691.73 -249.38 0.49 0.08 0.98 0.70 0.14 0.50 0.12
9.00 8.21 -510.76 23.28 613.71 0.19 0.37 -0.56 0.48 0.59 0.18 0.32
8.00 16.65 140.24 -80.92 -473.46 -0.75 0.25 0.51 0.53 0.71 0.16 0.65
12.00 2.29 561.52 145.30 -486.81 -0.85 0.20 0.09 0.48 0.37 0.88 0.14
5.00 6.78 -518.90 385.81 -303.21 -0.12 0.51 -0.83 0.05 0.94 0.71 0.06
19.00 31.81 -35.03 -116.06 -683.89 0.87 -0.26 0.42 0.30 0.69 0.21 0.31
6.00 2.09 244.34 127.99 343.26 -0.75 -0.84 -0.39 0.54 0.64 0.43 0.39
5.00 4.57 -606.89 24.11 63.69 -0.47 -0.68 0.04 0.51 0.80 0.67 0.72
7.00 8.61 432.27 -583.69 -160.05 0.95 -0.73 -0.12 0.01 0.17 0.88 0.48
11.00 28.51 -150.79 52.44 -283.18 0.78 -0.99 -0.15 0.38 0.26 0.92 0.12
17.00 10.15 250.18 -144.61 294.28 -0.15 0.19 0.51 0.52 0.80 0.51 0.76
10.00 13.35 256.47 324.06 -129.00 -0.83 0.82 0.66 0.18 0.48 0.29 0.75
8.00 14.05 400.41 -363.60 501.35 -0.92 0.59 -0.93 0.45 0.72 0.16 0.77
8.00 15.45 23.23 777.51 103.51 -0.72 0.41 0.14 0.62 0.91 0.19 0.86
16.00 68.67 698.70 -99.72 229.84 0.47 -0.05 0.36 0.47 0.80 0.45 0.55
5.00 5.32 154.37 482.01 -373.57 -0.47 -0.66 0.12 0.27 0.63 0.84 0.68
7.00 3.71 -367.66 305.64 226.20 0.79 -0.03 0.61 0.30 0.98 0.33 0.92
12.00 29.44 -8.07 109.85 -108.51 -0.24 0.35 -0.30 0.21 0.97 0.49 0.10
7.00 9.64 652.36 26.30 139.46 -0.89 0.17 0.37 0.82 0.71 0.38 0.78
10.00 6.82 -459.75 629.96 25.37 -0.72 0.75 0.62 0.56 0.80 0.59 0.22
6.00 7.77 228.73 -44.72 672.86 0.34 0.64 -0.60 0.03 0.20 0.15 0.38
13.00 8.23 341.77 397.33 -140.15 -0.70 0.25 0.83 0.22 0.93 0.66 0.32
8.00 16.38 737.83 -90.20 -24.33 0.79 -0.04 0.28 0.61 0.13 0.17 0.84
11.00 15.50 624.35 -213.08 224.88 0.28 0.86 -0.51 0.95 0.97 0.54 0.82
6.00 4.44 -661.35 -204.82 125.72 -0.76 0.71 0.63 0.33 0.20 0.45 0.70
9.00 16.82 -449.57 481.10 -378.47 0.22 0.88 -0.84 0.01 0.26 0.06 0.15
31.00 252.27 -263.55 195.71 399.82 0.45 -0.00 0.90 0.59 0.69 0.31 0.37
9.00 11.26 -513.35 -16.12 269.64 -0.84 -0.66 -0.27 0.30 0.05 0.68 0.74
18.00 52.76 355.09 497.97 491.83 -0.15 -0.76 -0.18 0.80 0.57 0.53 0.79
17.00 21.41 -667.25 -35.64 -237.78 0.44 -0.30 0.56 0.57 0.50 0.31 0.47
12.00 28.02 -134.84 117.51 -333.16 0.53 -0.80 0.55 0.11 0.91 0.37 0.98
12.00 27.71 57.60 -401.22 107.84 0.73 -0.72 0.44 0.63 0.66 0.52 0.88
18.00 52.70 -647.02 -49.14 84.87 0.83 0.44 0.10 0.13 0.63 0.64 0.23
6.00 6.80 441.23 541.52 -27.80 0.11 -0.44 0.92 0.69 0.55 0.88 0.47
7.00 10.09 -465.58 12.27 439.74 0.47 0.74 0.89 0.72 0.63 0.80 0.68
10.00 10.28 -15.34 69.01 -430.46 -0.01 0.56 -0.79 0.87 0.70 0.62 0.64
10.00 9.90 -165.27 228.04 -530.37 -0.61 -0.88 -0.02 0.37 0.82 0.24 0.74
6.00 10.38 -604.24 -133.14 190.00 0.95 -0.06 -0.68 0.79 0.03 0.72 0.05
38.00 51.79 -170.32 324.79 111.37 0.36 -0.71 -0.61 0.73 0.39 0.07 0.51
7.00 7.21 -431.90 -379.58 -478.97 0.07 -0.27 0.06 0.07 0.35 0.45 0.82
12.00 22.57 -403.14 46.84 -475.56 -0.39 -0.69 -0.79 0.89 0.26 0.48 0.60
6.00 6.78 -114.59 -391.16 -258.40 -0.95 0.27 -0.91 0.46 0.73 0.39 0.66
11.00 2.01 -164.55 156.79 81.82 0.61 -0.82 0.45 0.99 0.60 0.42 0.86
8.00 11.05 -306.41 460.73 125.00 -0.51 -0.93 0.99 0.91 0.75 0.51 0.40
8.00 14.65 211.68 -200.65 -590.82 0.69 0.66 0.76 0.28 0.86 0.79 0.33
9.00 4.07 -258.20 -280.10 371.89 -0.89 -0.96 0.66 0.62 0.52 0.20 0.58
12.00 32.47 -457.26 -592.92 226.04 -0.34 -0.93 0.94 0.81 0.55 0.41 0.69
13.00 3.11 -608.87 -261.80 -376.41 0.73 0.52 0.39 0.52 0.42 0.72 0.88
8.00 4.90 -370.64 461.17 -106.48 -0.15 -0.99 -0.09 0.77 0.14 0.12 0.17
19.00 45.74 -518.04 -44.23 158.68 0.14 -0.40 0.75 0.16 0.98 0.42 0.84
20.00 32.54 173.12 719.95 -50.12 0.28 0.27 0.25 0.92 0.35 0.80 0.37
12.00 35.74 102.47 -183.61 -652.89 0.97 0.95 0.97 0.95 0.44 0.48 0.73
13.00 4.97 663.95 253.74 70.83 0.26 0.06 0.86 0.31 0.37 0.37 0.14
6.00 7.31 250.96 -266.81 -574.84 -0.27 0.13 0.84 0.65 0.04 0.74 0.65
9.00 22.83 698.64 23.17 342.24 -0.57 0.61 -0.93 0.85 0.92 0.02 0.44
31.00 97.41 -386.26 -523.02 448.98 0.79 -0.57 0.46 0.92 0.54 0.83 0.05
12.00 13.32 -151.01 168.92 -482.55 0.34 -0.16 -0.45 0.40 0.55 0.90 0.75
9.00 20.01 -212.71 -561.07 280.89 -0.89 0.75 -0.72 0.18 0.31 0.79 0.56
10.00 16.62 -193.73 284.65 542.63 0.88 -0.32 -0.80 0.35 0.68 0.92 0.85
8.00 16.30 -154.06 762.19 106.87 -0.77 0.91 -0.36 0.27 0.24 0.87 0.44
11.00 18.87 318.96 297.66 -574.31 -0.57 -0.24 0.67 0.33 0.37 0.55 0.60
5.00 2.60 236.98 -165.07 365.59 -0.31 0.47 -0.81 0.33 0.94 0.89 0.46
6.00 1.40 -717.31 225.34 189.83 0.05 0.97 0.67 0.31 0.03 0.38 0.44
8.00 11.33 28.02 -453.01 -565.81 0.67 0.03 -0.82 0.91 0.65 0.26 0.64
15.00 63.60 -471.02 -375.55 -10.17 -0.15 0.10 -0.18 0.78 0.54 0.52 0.43
20.00 73.06 96.33 -273.83 577.67 -0.02 0.56 -0.53 0.91 0.32 0.04 0.52
20.00 38.00 -323.02 206.54 -364.14 -0.70 -0.28 -0.49 0.73 0.17 0.79 0.47
18.00 65.42 582.19 -4.57 -120.02 -0.66 0.09 0.23 0.73 0.54 0.55 0.84
7.00 6.38 -710.53 -105.25 48.96 -0.93 0.79 0.41 0.87 0.61 0.02 0.19
12.00 26.84 -96.56 -312.02 385.51 0.39 -0.23 0.61 0.59 0.70 0.94 0.47
13.00 20.97 -229.08 -137.31 -209.21 0.47 0.58 -0.92 0.64 0.69 0.82 0.24
8.00 18.92 -306.40 646.70 239.43 0.96 -0.44 0.72 0.06 0.89 0.56 0.99
8.00 11.30 182.85 635.31 -104.72 0.24 0.79 0.45 0.07 0.86 0.60 0.69
7.00 3.35 -440.87 -418.44 299.43 0.02 0.02 -0.26 0.11 0.68 0.64 0.97
11.00 19.80 -75.93 698.47 173.32 0.50 0.22 -0.17 0.66 0.59 0.35 0.91
9.00 10.96 -158.35 385.31 -480.09 0.17 -0.58 0.08 0.05 0.24 0.55 0.13
22.00 86.81 -296.83 115.28 -261.77 -0.41 0.88 -0.62 0.11 0.96 0.66 0.49
12.00 32.13 62.98 189.26 -200.34 -0.35 0.91 0.28 0.95 0.85 0.62 0.44
16.00 32.29 268.14 -193.33 599.91 -0.06 -0.06 -0.71 0.12 0.87 0.99 0.11
15.00 57.05 -276.15 627.93 -339.08 0.07 0.44 0.99 0.58 0.36 0.60 0.55
9.00 1.81 -4.73 -585.62 -375.71 0.96 -0.71 -0.91 0.31 0.17 0.89 0.22
13.00 47.20 -5.17 -421.90 599.63 -0.68 0.94 0.74 0.22 0.48 0.79 0.32
11.00 7.48 -10.04 -270.86 399.78 0.17 0.15 0.41 0.55 0.57 0.25 0.30
18.00 54.99 395.99 112.47 66.65 0.76 -0.55 0.53 0.46 0.93 0.44 0.24
14.00 10.91 24.09 -699.86 90.92 0.89 0.12 -0.97 0.07 0.44 0.10 0.05
9.00 7.37 -424.71 -550.76 276.04 -0.33 0.17 -0.38 0.51 0.57 0.97 0.49
17.00 55.12 -383.77 -444.75 -131.16 -0.97 -0.75 -0.68 0.14 0.24 0.81 0.03
7.00 13.39 402.87 22.67 161.73 0.98 -0.48 -0.57 0.24 0.34 0.81 0.87
9.00 8.40 482.56 131.98 -503.72 0.51 0.15 0.04 0.46 0.10 0.86 0.24
16.00 41.78 543.41 308.84 -95.61 -0.97 0.78 0.58 0.51 0.40 0.03 0.99
13.00 23.01 -302.09 -656.26 -263.45 -0.68 0.17 -0.13 0.18 0.33 0.44 0.37
19.00 58.87 337.89 -241.40 662.03 -0.42 0.51 -0.62 0.27 0.33 0.02 0.82
8.00 16.76 380.70 495.25 156.69 -0.40 0.43 0.86 0.21 0.05 0.77 0.24
12.00 37.80 -228.83 195.98 626.32 0.77 0.14 -0.42 0.14 0.92 0.13 0.08
32.00 21.07 480.47 217.89 -166.96 0.05 -0.62 0.90 0.92 0.14 0.45 0.69
24.00 117.08 141.06 305.16 376.40 0.69 -0.44 0.90 0.31 0.15 0.15 0.13
9.00 16.08 -485.19 -321.83 -433.65 0.86 0.77 -0.66 0.29 0.71 0.21 0.96
13.00 25.88 88.66 -104.15 -478.45 0.80 -0.53 0.78 0.72 0.61 0.24 0.26
7.00 7.59 482.17 -569.63 -79.63 -0.35 0.69 -1.00 0.90 0.43 0.53 0.14
7.00 6.63 474.88 -170.10 236.90 0.20 0.61 0.02 0.11 0.41 0.80 0.60
7.00 10.04 -184.72 -328.82 -283.65 -0.41 0.40 -0.66 0.56 0.74 0.68 0.09
19.00 86.67 327.36 -675.57 -25.44 -0.77 0.91 0.21 1.00 0.36 0.82 0.60
7.00 6.18 706.87 -210.57 -120.18 0.45 -0.16 0.51 0.49 0.68 0.50 0.12
26.00 2.69 54.21 319.76 -130.86 0.64 0.84 0.46 0.85 0.16 0.08 0.07
25.00 97.04 -653.20 -64.29 -197.00 0.69 0.05 0.16 0.89 0.17 0.14 0.65
7.00 10.88 -231.32 -581.37 -2.97 -0.70 0.25 0.95 0.21 0.53 0.01 0.34
15.00 27.27 -138.71 487.38 506.63 -0.69 0.82 -0.90 0.99 0.64 0.75 0.09
12.00 37.83 317.95 -92.65 -127.86 0.60 -0.89 -0.20 0.30 0.30 0.48 0.44
21.00 20.16 361.09 308.63 87.84 -0.81 -0.28 -0.72 0.93 0.12 0.66 0.10
8.00 17.95 584.73 -188.57 497.57 -0.09 0.15 0.29 0.79 0.57 0.07 0.16
7.00 2.79 400.46 -357.49 -396.46 -0.52 -0.76 0.15 0.37 0.67 0.39 0.06
13.00 42.05 343.71 164.92 34.53 -0.97 0.58 -0.02 0.81 0.93 0.79 0.41
9.00 12.57 -71.37 541.10 -315.17 -0.99 -0.34 0.04 0.80 0.02 0.35 0.96
10.00 27.54 -319.71 -70.63 -714.21 0.50 -0.59 0.95 0.93 0.62 0.13 0.94
5.00 5.67 -470.26 308.81 395.14 -0.69 -0.87 0.84 0.69 0.24 0.57 0.71
6.00 4.85 -169.38 646.02 -9.80 -0.67 -0.27 0.29 0.96 0.63 0.30 0.42
5.00 0.58 -150.69 -549.39 -30.32 0.91 -0.03 0.73 0.26 0.16 0.10 0.83
8.00 16.68 -401.60 408.46 -496.65 -0.70 -0.38 -0.70 0.13 0.15 0.97 0.35
35.00 120.05 59.25 -30.42 608.10 -0.12 -0.05 0.20 0.90 0.99 0.58 0.43
16.00 64.27 444.65 -348.53 198.36 0.21 -0.44 -0.22 0.74 0.24 0.25 0.28
5.00 2.23 -554.28 -90.26 -548.66 0.50 0.37 0.14 0.22 0.08 0.27 0.13
10.00 16.44 542.27 125.04 283.98 0.32 0.26 0.23 0.22 0.82 0.27 0.61
18.00 23.86 202.72 -135.68 405.05 0.72 -0.89 0.98 0.16 0.34 0.32 0.56
5.00 4.87 295.29 -539.12 249.34 0.75 0.32 -0.10 0.52 0.45 0.81 0.56
8.00 14.52 382.01 263.39 -19.73 0.28 0.99 -0.01 0.73 0.60 0.36 0.35
28.00 177.76 289.78 256.79 -522.92 0.46 0.34 -0.88 0.56 0.46 0.38 0.51
23.00 78.94 259.61 -401.30 -593.02 -0.82 -0.93 0.62 0.63 0.97 1.00 0.81
26.00 70.43 -512.55 -97.42 191.30 0.56 -0.64 0.56 0.86 0.05 0.46 0.48
5.00 4.65 18.18 468.22 -35.93 -0.30 -0.88 -0.35 0.26 0.21 0.45 0.33
11.00 24.78 50.25 559.12 -298.31 0.04 -0.77 -0.25 0.59 0.22 0.75 0.18
12.00 14.94 126.33 -541.78 313.12 0.48 -0.61 -0.97 0.59 0.68 0.37 0.50
21.00 4.49 -9.23 -295.14 675.39 -0.12 0.23 0.87 0.07 0.86 0.87 0.78
5.00 7.53 -523.06 76.03 -455.63 0.21 0.77 -0.91 0.70 0.98 0.14 0.94
25.00 127.58 -431.72 278.13 194.79 -0.91 0.28 -0.36 0.78 0.99 0.85 0.98
9.00 0.30 381.42 0.49 478.33 -0.27 0.80 -0.71 0.43 0.15 0.73 0.80
14.00 0.60 -709.82 -19.70 124.44 0.82 -0.47 -0.36 0.74 0.86 0.14 0.41
9.00 15.38 471.83 322.61 -10.74 -0.21 0.82 -0.50 0.61 0.57 0.15 0.88
6.00 9.30 -561.85 -289.82 -323.65 0.12 0.61 0.39 0.47 0.59 0.80 0.74
9.00 21.36 470.40 -316.05 139.61 0.49 -0.82 0.00 0.16 0.04 0.62 0.00
7.00 1.80 -415.72 -223.92 607.10 -0.79 -0.13 0.31 0.92 0.61 0.56 0.49
11.00 26.72 292.34 -233.23 -567.97 -0.25 -0.82 0.01 0.82 0.74 0.39 0.82
10.00 11.57 -166.91 -653.63 6.63 -0.01 0.52 0.98 0.76 0.83 0.83 0.53
6.00 4.90 -211.28 -531.28 -541.49 -0.41 -0.63 -0.31 0.07 0.19 0.49 0.24
15.00 3.57 424.12 543.34 -197.44 -0.86 0.35 -0.18 0.21 0.97 0.92 0.71
7.00 10.80 13.43 421.72 347.41 -0.35 0.52 -0.40 0.38 0.42 0.44 0.40
9.00 15.25 267.06 720.01 50.51 0.47 -0.06 -0.91 0.40 0.53 0.48 0.19
10.00 16.91 -18.58 141.03 380.45 -0.67 0.44 0.39 0.85 0.58 0.68 0.73
5.00 4.65 408.30 -198.90 -646.96 0.14 0.12 1.00 0.60 0.70 0.61 0.31
21.00 4.68 82.25 -375.67 -407.25 0.18 -0.98 0.53 0.88 0.69 0.14 0.91
17.00 15.43 -324.23 711.36 109.41 0.81 -0.35 -0.69 0.18 0.11 0.34 0.13
6.00 10.48 -65.59 592.50 -76.40 -0.92 -0.12 -0.29 0.58 0.12 0.96 0.00
7.00 3.36 -200.89 -155.98 687.17 0.31 -0.62 -0.37 0.71 0.95 0.32 0.45
5.00 0.04 355.94 269.94 219.75 -0.77 -0.49 0.01 0.10 0.91 0.11 0.40
5.00 7.20 474.36 -456.23 85.97 -0.10 -0.60 0.33 0.75 0.21 0.06 0.70
7.00 7.61 -437.13 11.82 598.34 0.51 -0.02 -0.44 0.89 0.98 0.01 0.80
16.00 39.72 -58.27 -188.64 -523.23 -0.26 0.36 -0.15 0.73 0.84 0.85 0.90
9.00 20.78 490.45 344.07 -98.24 -0.46 0.54 0.69 0.59 0.75 0.55 0.36
30.00 233.17 -274.15 226.41 -134.94 -0.99 -0.15 0.20 0.89 0.95 0.83 0.45
13.00 35.02 -661.85 -302.25 -83.52 0.74 0.94 0.92 0.43 0.31 0.35 0.17
20.00 30.54 -217.87 -252.95 -386.84 0.96 -0.99 0.57 0.81 0.63 0.63 0.62
13.00 33.92 236.11 -196.25 346.92 0.40 0.49 -0.43 0.00 0.10 0.45 0.76
12.00 25.76 313.62 -457.77 210.03 -0.84 -0.54 -0.33 0.34 0.86 0.93 0.27
15.00 6.34 479.08 -349.78 -118.48 0.01 -0.46 -0.67 0.29 0.46 0.12 0.99
13.00 48.82 -286.85 178.38 211.82 0.73 0.34 0.90 0.28 0.29 0.60 0.05
12.00 22.53 -539.87 374.58 396.68 0.74 -0.86 -0.79 0.64 0.38 0.02 0.01
5.00 6.86 249.27 715.88 -66.65 0.09 0.64 0.05 0.47 0.15 0.96 0.10
9.00 17.54 494.12 146.88 60.68 -0.57 -0.81 0.89 0.96 0.23 0.18 0.62
6.00 0.74 324.53 -331.75 175.65 -0.03 0.34 -0.36 0.85 0.33 0.81 0.80
11.00 0.64 -375.47 96.98 -263.05 -0.47 -0.72 -0.33 0.59 0.88 0.73 0.86
7.00 7.59 462.87 -81.99 112.12 0.49 0.34 0.47 0.89 0.84 0.54 0.45
5.00 0.09 -85.04 63.24 -410.44 0.48 -0.56 -0.92 0.83 0.91 0.04 0.26
5.00 2.94 333.26 266.94 69.02 -0.09 -0.82 -0.12 0.33 0.73 0.12 0.03
15.00 63.36 -443.51 -516.11 202.42 -0.70 -0.07 -0.43 0.23 0.15 0.79 0.18