13.46 973
6.00 8.62 -19.64 -244.21 641.01 -0.94 -0.11 -0.10 0.15 0.18 0.06 0.40
12.00 4.97 -470.04 143.32 133.60 -0.68 -0.72 0.13 0.25 0.83 0.53 0.75
7.00 1.68 365.51 93.51 -401.49 -0.05 -0.74 0.84 0.35 0.16 0.22 0.04
14.00 51.86 -323.46 -188.18 525.44 0.21 -0.51 -0.92 0.83 0.74 0.26 0.30
5.00 3.60 335.29 273.08 432.36 0.28 -0.38 -0.35 0.87 0.52 0.20 0.46
15.00 26.71 593.22 -183.62 -43.09 -0.73 0.08 0.83 0.40 0.39 0.34 0.57
8.00 7.10 304.91 1.95 -404.73 0.64 0.45 -0.40 0.29 0.52 0.38 0.71
11.00 22.09 -356.48 29.32 167.11 0.41 -0.22 -0.31 0.90 0.16 0.32 0.89
34.00 229.81 392.93 46.08 -610.44 -0.54 0.11 -0.44 0.21 0.13 0.75 0.13
35.00 347.36 109.54 -421.26 207.00 -0.26 -0.54 -0.10 0.54 0.18 0.94 0.35
22.00 54.00 -574.75 286.09 -377.88 -0.51 0.97 0.91 0.45 0.55 0.74 0.33
8.00 15.35 39.47 490.97 -215.29 -0.20 -0.32 -0.67 0.50 0.12 0.83 0.61
20.00 120.63 244.25 -325.20 308.60 0.64 0.08 0.40 0.45 0.82 0.75 0.78
7.00 2.11 169.85 -668.59 -382.99 0.45 -0.90 -0.00 0.04 0.76 0.93 0.82
8.00 4.56 404.44 -578.25 88.09 0.60 0.84 -0.15 0.82 0.75 0.93 0.61
9.00 1.79 353.59 -171.66 -27.09 0.10 -0.64 0.87 0.46 0.78 0.04 0.16
28.00 214.36 -667.29 168.68 -111.34 -0.28 -0.62 -0.20 0.96 0.52 0.44 0.25
6.00 7.48 -125.43 -7.90 -166.90 0.94 -0.86 -0.72 0.86 0.11 0.89 0.21
8.00 17.02 360.71 158.37 -582.01 0.58 -0.94 0.36 0.01 0.53 0.93 0.32
17.00 88.01 -314.02 253.76 -236.66 0.79 0.29 0.72 0.86 0.77 0.34 0.07
9.00 0.20 -244.82 -18.32 665.66 0.25 0.33 -0.51 0.62 0.62 0.46 0.14
29.00 96.26 -335.38 -283.60 -411.99 0.19 -0.27 -0.00 0.49 0.42 0.28 0.24
16.00 13.54 -233.19 277.88 283.48 0.15 0.76 0.17 0.01 0.87 0.18 0.95
14.00 59.45 161.68 -88.37 -170.24 0.69 0.30 0.10 0.20 0.62 0.52 0.04
8.00 13.80 -33.47 599.59 -386.06 -0.04 0.07 -0.89 0.04 0.42 0.80 0.05
18.00 12.25 -118.73 665.53 309.79 0.38 -0.56 -0.06 0.45 0.89 0.21 0.99
8.00 2.75 -318.97 655.44 187.35 -0.96 -0.45 0.43 0.82 0.34 0.84 0.13
20.00 24.87 -11.11 365.77 590.17 0.06 -0.37 0.72 0.37 0.63 0.55 0.96
12.00 42.65 -312.03 -352.03 139.66 0.23 0.52 -0.86 0.34 0.36 0.83 0.26
25.00 100.89 -100.29 -300.35 -67.74 -0.57 0.43 0.38 0.10 0.64 0.94 0.39
31.00 115.77 -391.33 -525.15 244.15 0.00 0.48 0.02 0.60 0.97 0.28 0.54
6.00 8.20 -401.27 134.80 -164.57 -0.55 0.98 0.75 0.21 0.14 0.73 0.66
8.00 3.75 -320.56 -60.72 375.50 0.50 0.62 -0.64 0.41 0.99 0.11 0.72
16.00 18.37 -331.41 -453.78 -269.80 -0.29 0.47 0.08 0.70 0.14 0.44 0.29
7.00 1.50 -370.24 672.77 52.56 -0.83 -0.98 0.36 0.16 0.61 0.54 0.45
9.00 18.53 380.48 -535.93 -148.45 -0.51 0.67 -0.81 0.54 0.76 0.52 0.21
5.00 6.85 -275.32 237.47 -609.30 0.05 0.78 -0.76 0.33 0.38 1.00 0.99
6.00 6.53 481.55 -472.20 277.89 -0.65 -0.69 -0.54 0.96 0.68 0.29 0.29
12.00 35.67 175.35 620.82 -251.13 -0.89 -0.60 -0.31 0.42 0.58 0.67 0.17
8.00 3.11 -160.12 -262.02 -695.46 0.44 0.43 0.04 0.69 0.64 0.79 0.42
32.00 283.84 -72.91 -741.65 -88.18 -0.95 -0.96 -0.67 0.72 0.37 0.90 0.82
21.00 67.33 694.85 156.50 231.25 0.54 -0.86 0.01 0.19 0.12 0.67 0.40
5.00 5.07 46.40 -402.21 625.29 0.32 -0.38 0.64 0.52 0.55 0.73 0.93
13.00 29.32 251.66 41.67 -379.85 -0.64 0.62 -0.40 0.13 0.20 0.00 0.29
9.00 3.55 -278.91 -416.61 68.41 -0.90 0.05 -0.22 0.53 0.12 0.12 0.06
11.00 11.52 39.07 -255.59 -328.92 -0.29 0.93 -0.49 0.36 0.93 0.12 0.87
6.00 4.75 -541.81 -461.73 189.25 -1.00 -0.75 -0.82 0.86 0.38 0.99 0.07
9.00 9.33 206.27 -704.59 283.93 -0.12 -0.02 -0.75 0.15 0.98 0.64 0.35
11.00 11.87 -348.74 -565.37 -24.57 0.78 -0.69 0.71 0.88 0.48 0.52 0.57
21.00 14.83 424.53 -80.47 -666.19 -0.94 0.57 -0.24 0.11 0.15 0.09 0.64
6.00 2.22 265.76 -312.41 -273.98 -0.20 0.75 0.59 0.94 0.36 0.12 0.24
25.00 53.02 144.89 92.47 -661.47 0.60 -0.94 -0.70 0.75 0.11 0.93 0.27
7.00 3.47 -559.43 -2.27 -408.33 0.71 0.45 0.98 0.88 0.15 0.16 0.23
39.00 458.55 -44.31 59.96 459.84 -0.86 0.90 -0.93 0.28 0.95 0.16 0.91
24.00 49.14 -134.86 564.84 -170.52 0.34 -0.76 0.83 0.99 0.15 0.54 0.66
6.00 10.88 -265.89 -3.19 637.38 0.61 -0.23 -0.34 0.69 0.86 0.94 0.43
9.00 8.35 -4.18 -187.16 236.85 -0.78 -0.58 0.04 0.83 0.65 0.21 0.36
5.00 6.46 -663.70 328.40 235.10 0.88 -0.68 -0.82 0.38 0.82 0.64 0.07
6.00 2.45 170.27 202.45 173.52 0.02 -0.32 0.83 0.23 0.86 0.03 0.80
7.00 8.19 -353.44 -527.93 -264.16 0.83 0.15 -0.03 0.80 0.33 0.67 0.38
6.00 1.91 511.67 -30.00 -485.15 -0.11 0.92 -0.84 0.23 0.05 0.46 0.56
10.00 11.09 30.21 -239.71 514.34 -0.46 0.21 -0.82 0.36 0.90 1.00 0.33
13.00 17.45 78.88 -74.37 -332.21 -0.76 0.11 -0.29 0.77 0.71 0.19 0.50
35.00 339.14 590.73 264.64 -153.76 0.42 -0.80 -0.20 0.63 0.18 0.82 0.50
8.00 5.17 307.20 -74.14 -47.92 -0.51 -0.67 0.36 0.43 0.82 0.25 0.30
14.00 50.30 -387.28 -196.37 465.95 -0.19 0.84 0.62 0.80 0.35 0.39 0.01
5.00 4.47 414.96 464.95 461.78 0.55 -0.62 0.19 0.30 0.51 0.95 0.59
7.00 11.09 -204.89 652.12 -192.21 -0.43 0.60 -0.07 0.04 0.33 0.07 0.71
13.00 0.86 37.39 256.60 -473.98 -0.45 0.57 -0.58 0.48 0.45 0.19 0.91
7.00 9.57 -294.02 555.56 318.19 -0.33 0.50 -0.84 0.87 0.63 0.14 0.72
10.00 29.57 273.02 550.42 475.82 0.13 0.88 -0.83 0.19 0.85 0.67 0.14
6.00 0.52 77.87 413.57 -393.71 -0.12 -0.73 0.40 0.25 0.35 0.85 0.09
6.00 1.38 -633.55 104.80 -310.46 -0.15 -0.35 -0.04 0.70 0.64 0.21 0.29
5.00 7.31 -463.58 439.37 71.42 0.21 0.01 0.11 0.00 0.61 0.39 0.93
10.00 18.65 -186.54 86.08 712.21 0.09 -0.24 0.21 0.10 0.73 0.85 0.73
11.00 25.09 127.44 462.46 -22.36 0.17 0.67 -0.70 0.83 0.14 0.62 0.14
16.00 56.50 -16.53 -501.89 -305.91 0.62 0.06 -0.38 0.30 0.29 0.63 0.17
6.00 1.94 -45.12 -247.56 -344.39 -0.25 0.05 -0.31 0.18 0.29 0.12 0.14
28.00 193.35 475.37 -6.98 19.29 0.80 0.55 0.13 0.39 0.39 0.54 0.97
15.00 52.48 148.58 592.70 183.04 -0.63 -0.37 -0.94 0.15 0.94 0.56 0.27
39.00 263.70 411.73 346.03 -161.66 -0.04 -0.84 0.24 0.23 0.44 0.30 0.04
24.00 44.15 125.15 342.46 24.42 -0.56 -0.31 -0.47 0.70 0.91 0.52 0.87
18.00 91.65 290.14 256.43 -472.85 -0.71 -0.95 0.85 0.86 0.64 0.48 0.71
15.00 9.15 -239.01 561.45 -23.62 0.38 -0.32 -0.72 0.98 0.13 0.48 0.19
6.00 6.81 570.75 -149.99 -58.43 0.81 0.75 0.91 0.53 0.39 0.88 0.25
10.00 15.09 -106.48 -642.59 199.18 -0.54 -0.46 -0.07 0.35 0.14 0.57 0.41
37.00 240.90 226.02 -79.46 -247.55 0.50 -0.34 -0.96 0.45 0.92 0.84 0.98
5.00 3.75 513.77 478.07 -381.34 0.60 -0.83 -0.66 0.81 0.11 0.90 0.11
8.00 9.16 286.16 446.30 229.07 -0.52 -0.56 0.84 0.78 0.94 0.07 0.18
11.00 14.37 397.61 491.89 36.16 -0.63 -0.37 -0.04 0.44 0.78 0.50 0.24
7.00 13.79 -608.15 85.41 365.63 0.31 1.00 0.52 0.37 0.30 0.50 0.42
10.00 12.62 -543.65 99.35 -156.35 -0.18 -0.18 0.05 0.67 0.77 0.89 0.46
11.00 16.85 198.60 -674.82 58.66 -0.12 -0.15 -0.32 0.73 0.46 0.57 0.48
27.00 8.32 389.26 639.03 -122.54 0.93 -0.13 -0.95 0.14 0.15 0.25 0.80
9.00 11.76 -156.86 482.09 352.85 0.96 -0.74 -0.79 0.99 0.50 0.60 0.53
25.00 146.58 -110.21 482.94 451.13 0.68 0.14 0.96 0.32 0.95 0.95 0.20
5.00 5.50 436.39 -170.00 -76.94 0.54 -0.40 -0.13 0.66 0.79 0.09 0.26
20.00 61.00 -684.83 -45.56 45.16 0.06 -0.31 -0.54 0.72 0.48 0.39 0.89
7.00 11.01 708.84 -140.23 -277.65 -0.91 -0.08 -0.73 0.55 0.95 0.48 0.54
13.00 46.29 -599.53 438.78 218.00 0.44 -0.42 -0.40 0.94 0.92 0.09 0.58
18.00 14.87 -336.04 59.22 656.12 0.86 -0.76 0.51 0.71 0.08 0.05 0.07
34.00 52.99 277.02 523.35 -213.67 0.03 -0.35 0.32 0.19 0.05 0.03 0.00
15.00 14.99 -619.26 -365.18 -330.92 0.85 -0.79 -0.60 0.65 0.25 0.46 0.74
6.00 6.90 19.89 155.98 204.84 0.93 0.81 0.89 0.94 0.11 1.00 0.39
8.00 11.62 430.50 -155.37 -110.84 0.46 0.96 -0.88 0.60 0.13 0.27 0.96
13.00 36.30 -144.46 -276.74 726.71 -0.65 0.19 -0.75 0.77 0.65 0.62 0.14
8.00 17.82 395.55 -36.35 -566.06 -0.24 0.00 -0.37 0.38 0.70 0.02 0.02
11.00 6.03 89.28 311.55 34.95 0.52 -0.14 0.55 0.53 0.39 0.02 0.21
11.00 23.69 -187.92 -519.74 -510.07 -0.29 0.67 0.21 0.68 0.73 0.31 0.10
14.00 43.91 317.81 425.65 -511.01 -0.63 -0.53 0.84 0.85 0.90 0.49 0.55
30.00 144.06 -58.80 -619.66 -229.93 0.10 0.03 -0.91 0.17 0.27 0.10 0.99
12.00 2.60 -212.99 505.78 -98.86 -0.29 -0.32 0.52 0.32 0.16 0.07 0.75
29.00 168.02 37.44 373.28 -311.57 -0.23 -0.23 -0.57 0.18 0.02 0.69 0.12
24.00 74.06 181.12 75.64 -554.40 0.44 -0.66 -0.28 0.79 0.98 0.82 0.24
27.00 165.81 -565.70 -29.14 -374.60 0.66 0.97 0.25 0.15 0.49 0.45 0.56
12.00 17.95 -425.99 301.84 240.79 -0.19 -0.87 0.06 0.22 0.13 0.66 0.03
10.00 23.27 -637.50 -38.69 -20.96 0.85 0.54 0.51 0.52 0.53 0.93 0.19
7.00 14.60 -108.51 -466.21 151.47 -0.23 -0.78 0.57 0.80 0.60 0.20 0.60
5.00 6.81 -338.09 -283.37 592.29 -0.99 0.43 -0.55 0.32 0.79 0.53 0.40
12.00 4.84 94.03 -683.14 -125.56 -0.92 0.74 0.03 0.74 0.73 0.67 0.92
11.00 7.08 207.31 213.50 404.14 0.35 0.26 0.21 0.59 0.12 0.30 0.59
15.00 4.35 278.42 -718.27 -26.82 0.37 0.01 -0.27 0.55 0.33 0.22 0.60
5.00 6.34 -450.80 -383.78 344.10 -0.61 0.74 -0.26 0.11 0.54 0.45 0.78
13.00 6.44 -596.32 -330.30 114.48 -0.77 -0.51 0.35 0.65 0.28 0.58 0.38
24.00 5.32 260.25 -144.56 -99.96 0.80 0.40 0.86 0.75 0.81 0.71 0.92
8.00 4.65 -571.89 -286.90 -10.81 -0.71 0.74 0.93 0.04 0.82 0.80 0.07
15.00 21.99 27.23 -83.66 275.94 0.63 0.68 -0.03 0.79 0.74 0.67 0.19
12.00 28.17 -519.69 221.62 127.26 0.18 -0.99 0.70 0.94 0.21 0.99 0.45
11.00 29.57 649.93 435.00 -29.75 0.77 -0.57 0.43 0.66 0.54 0.09 0.87
9.00 22.16 -598.15 -362.44 276.94 -0.94 0.73 -0.40 0.81 0.07 0.38 0.56
14.00 23.60 93.69 -706.44 -221.73 -0.90 0.11 -0.08 0.04 0.80 0.12 0.61
6.00 3.40 268.76 464.60 -529.79 0.81 0.75 -0.72 0.56 0.25 0.08 0.84
13.00 26.32 419.87 201.70 -588.07 -0.10 0.45 0.86 0.22 0.27 0.34 0.40
18.00 97.28 -688.29 241.85 -288.17 0.18 0.45 0.88 0.24 0.95 0.40 0.70
7.00 8.22 382.46 345.90 -533.08 -0.98 -0.22 -0.81 0.69 0.30 0.16 0.74
9.00 10.31 -75.09 355.34 -120.30 -0.10 0.98 0.04 0.29 0.36 0.04 0.61
8.00 9.86 -708.54 -34.20 -302.78 -0.13 -0.42 -0.69 0.58 0.51 0.12 0.39
20.00 98.16 354.14 -393.15 528.45 0.50 0.27 0.25 0.17 0.87 0.64 0.70
26.00 82.33 -640.56 -144.43 -430.37 0.46 0.98 0.66 0.09 0.02 0.09 0.93
14.00 47.17 -397.05 -414.35 131.82 0.42 0.65 0.53 0.56 0.77 0.23 0.08
12.00 31.03 -573.22 244.43 -220.00 -0.55 0.91 -0.34 0.58 0.06 0.38 0.57
6.00 3.05 132.95 523.77 -479.08 -0.31 -0.71 -0.84 0.51 0.28 0.03 0.01
8.00 12.75 -429.64 -60.96 87.47 0.47 -0.28 0.18 0.04 0.02 0.37 0.13
5.00 4.80 196.12 -321.82 -361.12 -0.95 -0.02 0.40 0.26 0.34 0.73 0.36
19.00 92.34 -288.31 678.68 -209.78 0.68 0.70 0.17 0.59 0.41 0.25 0.02
17.00 80.40 -513.91 -373.91 -366.83 -0.05 0.94 -0.58 0.74 0.33 0.11 0.85
14.00 10.43 -184.60 -662.64 308.01 -0.17 -0.70 -0.78 0.68 0.20 0.71 0.05
5.00 3.34 155.24 375.62 615.11 0.19 -0.17 0.75 0.29 0.96 0.09 0.17
8.00 11.74 -396.00 511.49 -439.98 -0.89 0.31 -0.13 0.13 0.92 0.33 0.29
5.00 2.16 -390.93 -431.32 -101.81 -0.48 0.91 -0.69 0.04 0.19 0.20 0.46
8.00 0.57 94.10 -510.57 82.48 0.46 0.07 -0.79 0.19 0.05 0.21 0.54
10.00 19.60 306.20 452.18 125.14 -0.56 0.82 0.12 0.43 0.44 0.98 0.77
7.00 2.08 206.12 234.80 691.05 0.50 0.75 0.03 0.49 0.82 0.84 0.39
5.00 2.43 -316.75 -24.39 345.99 0.63 0.23 -0.58 1.00 0.08 0.01 0.12
20.00 75.02 415.49 24.77 -187.23 -0.02 0.67 1.00 0.10 0.54 0.05 0.18
6.00 4.59 -440.14 -103.17 492.78 -0.94 -0.70 -0.69 0.86 0.92 0.42 0.38
20.00 121.15 -676.73 121.88 192.22 -0.78 -0.87 0.12 0.37 0.12 0.73 0.56
10.00 18.83 -89.79 -638.52 -383.63 -0.86 0.63 0.93 0.34 0.93 0.99 0.77
29.00 232.02 361.34 -394.97 -542.65 0.47 0.02 -0.84 0.72 0.64 0.57 0.84
16.00 76.04 -325.56 -705.57 136.35 -0.78 -0.38 -0.97 0.06 0.67 0.56 0.06
5.00 5.05 161.03 620.44 -233.86 0.15 -0.47 -0.08 0.75 0.21 0.99 0.60
24.00 60.89 57.51 -83.19 -248.99 0.88 0.88 -0.53 0.26 0.18 0.04 0.48
8.00 7.42 -115.17 445.07 92.56 0.58 -0.67 0.09 0.69 0.86 0.06 0.37
8.00 10.34 135.56 -633.03 346.37 0.86 -0.98 0.93 0.65 0.09 0.93 0.87
9.00 15.22 183.89 572.16 345.04 -0.42 0.54 0.76 0.94 0.85 0.45 0.29
7.00 8.15 489.41 -267.35 -388.13 0.57 0.12 0.18 0.25 0.77 0.12 0.56
8.00 4.86 129.66 123.67 -591.50 -0.54 0.17 -0.80 0.85 0.90 0.49 0.58
9.00 19.94 385.27 250.71 -390.76 0.39 0.83 -0.12 0.19 0.27 1.00 0.85
12.00 0.19 -451.72 323.11 486.79 0.67 -0.32 -0.34 0.83 0.21 1.00 0.85
20.00 110.53 -248.53 40.07 600.63 -0.17 0.02 -0.39 0.82 0.47 0.30 0.38
13.00 15.07 -322.22 523.31 509.36 -0.86 -0.12 -0.59 0.67 0.16 0.40 0.80
7.00 5.02 265.41 543.20 -78.18 0.19 -0.20 0.13 0.12 0.35 0.24 0.51
16.00 36.34 -549.79 -560.72 -12.56 0.60 -0.66 0.97 0.35 0.36 0.27 0.02
5.00 6.68 227.95 60.69 -197.58 0.52 -0.90 0.84 0.24 0.24 0.34 0.11
12.00 12.86 -138.09 -740.01 -267.82 0.85 -0.26 0.34 0.69 0.55 0.63 0.19
17.00 43.12 -79.84 -431.46 -495.37 0.52 -0.22 0.62 0.36 0.60 0.11 0.11
7.00 1.14 -182.71 638.70 432.81 -0.78 -0.21 0.63 0.28 0.21 0.91 0.32
6.00 3.52 302.17 -285.41 -586.04 -0.04 0.81 -0.72 0.78 0.93 0.48 0.21
19.00 89.42 513.38 62.34 579.15 0.78 -0.56 0.29 0.60 0.42 0.17 0.76
5.00 6.90 -404.79 94.77 -418.20 -0.58 0.37 0.00 0.64 0.54 0.00 0.27
8.00 6.29 -287.31 -679.37 101.69 0.12 -0.80 -0.50 0.82 0.81 0.62 0.31
16.00 51.60 145.43 476.11 -307.39 -0.56 -0.94 -0.04 0.89 0.68 0.99 0.40
8.00 8.45 579.44 -107.58 -87.83 0.04 -0.11 -0.80 0.23 0.71 0.92 0.40
22.00 82.26 -475.18 -192.75 180.83 0.08 -0.20 -0.60 0.30 0.02 0.55 0.03
19.00 60.34 -34.36 -750.91 -39.37 -0.09 0.97 -0.87 0.35 0.95 0.61 0.88
5.00 7.04 -12.25 308.79 -205.45 0.26 -0.28 0.67 0.91 0.06 0.42 0.80
5.00 0.67 609.65 -68.78 -511.33 -0.46 -0.00 -0.94 0.54 0.85 0.04 0.75
13.00 13.16 -426.20 223.27 -262.99 0.60 -0.28 -0.43 0.72 0.93 0.06 0.16
7.00 0.41 -444.27 450.50 185.34 0.77 0.92 0.01 0.86 0.04 0.52 0.45
13.00 49.04 -82.41 44.35 323.26 0.09 0.66 -0.04 0.73 0.61 0.49 0.67
13.00 12.41 271.89 -126.19 -625.78 -0.15 0.08 -0.69 0.29 0.87 0.91 0.37
17.00 10.70 -309.77 592.52 266.49 -0.59 0.20 -0.76 0.62 0.75 0.96 0.98
25.00 115.46 -100.32 -347.23 -206.69 0.79 -0.14 0.01 0.93 0.78 0.79 0.22
20.00 21.03 629.74 43.70 -199.98 0.64 -0.91 -0.61 0.70 1.00 0.21 0.85
12.00 35.68 5.34 474.58 142.63 0.81 -0.73 -0.32 0.84 0.43 0.57 0.16
19.00 17.61 340.69 -521.89 243.33 0.55 -0.04 0.10 0.90 0.86 0.21 0.81
9.00 25.25 96.81 377.61 -513.04 0.57 -0.85 -0.45 0.32 0.33 0.12 0.25
9.00 17.23 -579.17 72.41 -424.18 0.52 -0.67 0.54 0.29 0.52 0.52 0.40
8.00 4.92 -5.64 18.62 611.65 0.20 -0.06 -0.28 0.24 0.68 0.77 0.71
5.00 2.46 338.93 145.90 167.11 -0.43 0.17 -0.12 0.89 0.08 0.82 0.24
23.00 6.67 385.28 -505.91 -179.03 0.63 0.68 0.81 0.62 0.19 0.05 0.27
12.00 8.40 185.07 627.00 -61.77 -0.64 0.43 -0.84 0.42 0.17 0.14 0.52
15.00 27.15 80.41 -549.68 182.73 0.28 0.37 -0.87 0.56 0.34 0.53 0.30
11.00 14.53 -327.20 76.18 -33.70 -0.34 -0.94 -0.63 0.35 0.25 0.48 0.59
8.00 6.10 584.73 -188.57 497.57 -0.03 -0.22 0.18 0.92 0.88 0.23 0.87
9.00 19.88 554.80 135.07 364.75 0.03 -0.57 0.98 0.29 0.77 0.04 0.24
13.00 44.62 217.32 -317.18 138.91 0.66 -0.89 -0.99 0.86 0.71 0.02 0.03
13.00 50.08 368.71 66.15 -384.33 -0.06 -0.10 -0.91 0.65 0.08 0.11 0.17
9.00 17.43 -358.07 -539.67 346.25 0.24 0.98 0.13 0.81 0.43 0.35 0.31
13.00 19.27 329.02 -563.40 -86.18 -0.38 -0.43 0.29 0.67 0.50 0.14 0.45
7.00 3.92 71.96 -617.40 378.31 -0.21 -0.58 -0.75 0.59 0.13 0.41 0.06
23.00 1.24 354.49 -287.48 419.07 0.05 -0.00 -0.55 0.97 0.82 0.40 0.04
33.00 49.31 190.01 -605.72 336.18 0.71 -0.20 0.88 0.00 0.96 0.39 0.52
5.00 7.06 53.77 -485.50 16.69 0.99 -0.12 0.57 0.66 0.90 0.02 0.46
12.00 34.20 66.52 -117.12 101.12 0.68 0.63 0.69 0.01 0.13 0.12 0.04
5.00 2.44 108.26 -717.71 15.77 0.58 -0.08 -0.67 0.29 0.75 0.10 0.63
16.00 60.89 195.90 -9.93 635.87 -0.56 -0.96 0.40 0.06 0.93 0.36 0.68
6.00 8.25 57.76 559.87 -53.40 -0.96 0.36 0.54 0.18 0.25 0.45 0.69
5.00 2.74 3.21 -254.49 67.56 -0.15 -0.04 0.56 0.07 0.62 0.06 0.48
6.00 9.78 355.65 -589.69 116.90 0.50 -0.77 0.65 1.00 0.84 0.42 0.52
8.00 12.87 -68.56 -313.39 123.90 0.61 -0.69 0.33 0.70 0.75 0.57 0.88
21.00 69.73 -38.25 217.36 677.26 -0.93 0.90 -0.12 0.13 0.20 0.98 0.31
8.00 13.47 -178.12 -504.15 358.62 0.52 -0.54 0.71 0.30 0.51 0.74 0.07
25.00 144.00 437.50 21.20 146.98 -0.32 -0.32 -0.87 0.14 0.14 0.41 0.15
11.00 1.03 515.50 129.30 172.97 0.46 -0.41 0.50 0.98 0.87 0.42 0.52
18.00 22.28 395.99 112.47 66.65 0.65 0.01 1.00 0.32 0.85 0.61 0.64
8.00 9.46 -17.17 207.10 203.86 0.05 0.44 0.02 1.00 0.37 0.14 0.61
19.00 107.91 -359.00 530.83 -362.58 -0.13 0.45 -0.67 0.04 0.06 0.87 0.59
7.00 8.40 -403.35 -63.72 -603.15 0.12 0.23 -0.18 0.52 0.95 0.21 0.02
14.00 54.97 347.55 496.66 -247.90 0.69 -0.48 -0.97 0.14 0.28 0.59 0.34
22.00 145.06 365.08 572.75 -159.57 0.76 -0.24 -0.53 0.64 0.44 0.80 0.52
16.00 55.15 -189.83 -448.90 -106.65 0.80 0.17 -0.98 0.33 0.19 0.58 0.45
8.00 14.52 63.87 412.77 442.88 -0.52 -0.07 -0.98 0.34 0.51 0.07 0.40
5.00 2.31 -566.46 -419.38 120.80 -0.22 -0.65 -0.81 0.81 0.97 0.59 0.11
6.00 3.88 484.89 -371.28 -256.46 0.69 -0.22 0.09 0.60 0.02 0.65 0.83
5.00 7.98 723.10 -164.29 -31.28 -0.18 -0.82 -0.92 0.28 0.47 0.87 0.24
12.00 38.43 -113.33 -607.53 117.38 -0.21 0.82 0.78 0.62 0.08 0.30 0.57
8.00 8.66 -322.91 -256.28 46.95 0.53 -0.19 0.30 0.83 0.74 0.78 0.95
12.00 8.76 -4.64 -29.17 -50.91 0.01 -0.82 0.74 0.10 0.77 0.95 0.38
8.00 6.54 -32.89 -464.83 -240.78 0.15 0.43 0.47 0.01 0.01 0.47 0.50
11.00 31.51 167.84 -355.28 -108.15 0.18 0.80 -0.15 0.86 0.68 0.11 0.75
18.00 15.23 103.15 -483.67 455.77 0.70 -0.68 0.25 0.89 0.72 0.19 0.83
10.00 8.01 -350.58 -292.53 -190.94 0.76 0.50 0.03 0.31 0.93 0.10 0.35
5.00 4.65 -266.78 287.97 -647.07 -0.05 0.24 -0.67 0.25 0.35 0.63 0.03
20.00 94.33 474.57 -292.19 -394.74 0.54 0.77 0.94 0.33 0.14 0.18 0.75
22.00 31.62 -415.67 -523.41 -155.18 0.78 0.14 -0.09 0.02 0.27 0.04 0.98
12.00 4.45 453.92 193.07 95.61 1.00 0.54 0.40 0.47 0.73 0.19 0.97
39.00 369.03 -251.91 -17.53 734.65 0.28 -0.50 0.21 0.08 0.82 0.94 0.75
20.00 76.53 209.39 576.61 -454.75 -0.71 -0.49 -0.77 0.22 0.12 0.73 0.19
20.00 26.97 492.61 468.36 5.24 -0.04 0.29 0.39 0.33 0.70 0.58 0.68
5.00 3.42 4.24 186.45 129.09 -0.70 0.44 0.64 0.31 0.64 0.80 0.83
25.00 30.54 324.78 169.18 -77.13 -0.63 0.32 -0.40 0.85 0.08 0.13 0.00
7.00 13.78 -11.75 -110.65 371.82 0.57 -0.67 0.53 0.17 0.17 0.02 0.63
17.00 88.23 -719.49 207.33 -4.23 0.26 -0.60 -0.43 0.94 0.55 0.57 0.69
23.00 5.71 55.64 307.50 -462.37 -0.36 -0.39 0.55 0.57 0.47 0.35 0.24
9.00 15.04 -287.21 -379.78 401.80 -0.56 0.50 -0.22 0.78 0.52 0.42 0.71
9.00 6.24 -608.24 -146.08 -102.52 -0.29 -0.03 -0.30 0.26 0.46 0.55 0.07
18.00 80.30 -6.21 -573.11 -86.81 0.90 0.71 0.07 0.64 0.58 0.45 0.95
13.00 11.01 -274.46 724.87 74.86 0.39 0.25 -0.96 0.75 0.32 0.58 0.71
11.00 20.93 97.10 583.70 79.56 -0.27 -0.20 -0.42 0.44 0.49 0.30 0.77
7.00 6.69 -544.38 69.94 262.66 -0.77 -0.78 0.29 0.73 0.27 0.07 0.81
12.00 13.03 -4.90 434.57 -622.59 -0.30 -0.24 -0.27 0.95 0.51 0.30 0.84
12.00 25.85 -262.01 -214.32 71.01 0.86 -0.01 -0.87 0.40 0.02 0.34 0.66
18.00 31.78 -516.23 -215.27 109.87 0.08 -0.50 -0.96 0.53 0.87 0.98 0.61
9.00 22.02 394.98 -209.35 460.09 0.50 0.89 -0.82 0.03 0.17 0.28 0.89
10.00 16.16 -311.91 -593.81 358.12 -0.12 -0.79 -0.66 0.76 0.50 0.78 0.88
5.00 5.18 351.05 166.33 -684.69 -0.43 -0.25 0.11 0.88 0.38 0.26 0.31
8.00 16.28 491.85 -452.59 -30.57 -0.68 -0.77 0.62 0.88 0.14 0.11 0.28
34.00 196.89 653.40 -49.90 413.28 -0.34 -0.48 -0.90 0.43 0.16 0.93 0.29
6.00 10.94 600.05 -141.50 183.98 0.58 -0.04 -0.11 0.30 0.59 0.73 0.84
17.00 58.32 564.65 450.49 -228.52 0.09 0.66 0.04 0.81 0.68 0.45 0.78
13.00 31.92 -82.45 520.54 448.20 -0.72 -0.17 -0.96 0.30 0.06 0.09 0.79
8.00 9.66 190.98 -86.36 -3.87 -0.55 -0.39 0.77 0.10 0.92 0.56 0.57
10.00 17.02 0.47 447.52 -27.82 0.98 0.23 0.87 1.00 0.20 0.72 0.64
5.00 6.06 86.50 51.37 402.20 0.39 0.04 -0.93 0.83 0.27 0.40 0.53
17.00 78.44 390.73 48.58 267.88 0.93 0.17 0.75 0.78 0.16 0.84 0.59
10.00 15.17 -102.21 294.40 287.18 0.40 -0.74 0.73 0.27 0.23 0.32 0.18
6.00 10.07 -411.62 -336.18 -84.13 -0.67 -0.35 -0.48 0.94 0.37 0.04 0.25
24.00 9.66 78.45 -248.25 755.08 -0.74 -0.39 -0.87 0.42 0.22 0.70 0.71
7.00 15.05 267.83 -69.89 360.47 0.15 0.06 -0.60 0.74 0.63 0.96 0.10
10.00 0.23 372.95 224.57 -381.15 -0.51 0.29 0.77 0.08 0.65 0.10 0.27
5.00 4.86 -306.37 539.56 121.78 -0.45 0.41 -0.15 0.94 0.22 0.57 0.41
10.00 5.09 593.48 -61.40 -262.98 -0.28 0.71 0.89 0.35 0.65 0.17 0.19
8.00 8.49 572.05 398.93 243.92 0.97 -0.69 0.49 0.48 0.17 0.60 0.97
16.00 24.64 100.90 -122.49 137.87 0.42 0.21 -0.60 0.05 0.04 0.30 0.10
5.00 3.64 -39.17 -583.97 319.52 -0.72 -0.84 0.68 0.44 0.98 0.97 0.88
5.00 3.71 -525.72 -410.64 -387.50 -0.10 0.30 0.89 0.96 0.53 0.28 0.36
17.00 38.94 -289.02 -634.23 -232.93 0.95 0.72 -0.37 0.61 0.88 0.84 0.18
30.00 6.05 -272.60 300.05 -301.90 0.02 1.00 0.83 0.53 0.08 0.36 0.23
6.00 2.05 169.96 -697.55 -157.70 0.45 0.23 0.44 0.58 0.89 0.47 0.65
9.00 11.83 159.64 -190.04 408.45 0.15 0.70 -0.78 0.26 0.43 0.12 0.39
5.00 5.60 84.88 212.08 -489.07 0.44 -0.70 0.47 0.61 0.64 0.19 0.55
28.00 44.35 -471.22 -152.27 17.27 0.14 -0.73 -0.11 0.54 0.80 0.47 0.03
10.00 13.37 -213.71 100.34 550.99 0.03 -0.95 0.64 0.82 0.31 0.04 0.58
7.00 13.49 -152.19 -234.09 -573.83 -0.42 0.03 -0.07 0.23 0.07 0.13 0.44
9.00 17.38 -137.47 -368.85 518.10 0.81 -0.02 0.07 0.02 0.14 0.83 0.37
7.00 10.94 -486.18 -165.26 -268.09 -0.36 -0.57 -0.47 0.75 0.05 0.56 0.52
7.00 0.81 692.39 -9.36 241.04 -0.94 0.24 0.13 0.61 0.11 0.50 0.01
6.00 10.81 -318.73 694.58 -147.99 0.15 0.14 0.70 0.28 0.73 0.64 0.52
14.00 57.97 368.79 689.15 -121.84 -0.19 -0.51 -0.40 0.69 0.52 0.87 0.45
7.00 10.71 383.11 -49.36 -365.52 0.25 -0.52 0.37 0.80 0.04 0.84 0.51
12.00 29.28 -297.17 6.85 299.83 -0.22 0.65 0.78 0.82 0.49 0.31 0.86
5.00 2.73 -412.82 -262.60 291.92 0.98 -0.70 0.84 0.01 0.67 0.85 0.13
7.00 1.44 -153.14 -726.35 42.52 -0.03 -0.02 0.38 0.51 0.32 0.72 0.48
9.00 12.29 544.13 181.84 254.83 -0.15 -0.84 0.95 0.99 0.21 0.10 0.41
5.00 4.31 193.51 392.95 -220.74 -0.83 0.19 -0.11 0.06 0.10 0.64 0.95
11.00 25.33 216.49 150.56 751.39 0.96 -0.42 0.81 0.46 0.72 0.23 0.04
5.00 7.59 -159.97 525.52 -153.55 0.34 0.06 0.09 0.46 0.47 0.05 0.36
5.00 6.10 -79.33 -431.38 -251.15 -0.98 0.34 -0.68 0.51 0.51 0.36 0.76
10.00 7.89 -256.78 300.81 70.37 -0.74 0.39 -0.24 0.30 0.10 0.23 0.59
15.00 32.30 42.49 327.01 443.76 -0.23 -0.09 -0.21 0.85 0.71 0.40 0.97
17.00 56.29 -42.09 -637.58 247.47 -0.51 -0.80 -0.22 0.55 0.84 0.90 0.60
13.00 17.65 -404.03 -97.01 551.72 0.75 0.70 -0.36 0.95 0.39 0.99 0.61
8.00 7.13 -9.07 722.48 -172.18 0.65 0.59 0.40 0.83 0.61 0.39 0.23
10.00 18.93 104.92 606.94 372.06 -0.96 0.06 0.94 0.25 0.44 0.42 0.50
10.00 3.26 -413.28 -77.59 394.64 0.46 0.65 -0.37 0.64 0.14 0.31 0.60
7.00 3.98 -160.52 357.53 -569.33 0.69 0.30 0.03 0.39 0.26 0.73 0.01
8.00 13.57 -178.22 -422.17 370.13 0.51 -0.41 0.10 0.31 0.85 0.13 0.27
6.00 5.03 -39.28 -52.47 592.83 -0.11 0.46 -0.55 0.42 0.30 0.87 0.46
6.00 1.81 255.97 256.68 -16.43 0.36 0.74 -0.51 0.21 0.77 0.88 0.12
6.00 0.70 280.86 -133.24 -411.00 0.78 -0.92 -0.05 0.16 0.38 0.37 0.71
10.00 2.30 41.25 -517.36 -296.72 -0.41 0.20 0.83 0.59 0.65 0.35 0.15
22.00 100.97 -223.81 89.55 57.44 -0.50 0.59 -0.05 0.52 0.52 0.72 0.14
7.00 3.43 98.75 -389.84 -8.48 -0.31 0.90 0.70 0.69 0.90 0.98 0.69
6.00 9.50 166.81 207.47 -575.09 0.33 -0.69 0.08 0.98 0.65 0.26 0.31
7.00 8.65 -323.13 -426.63 360.19 -0.82 0.61 0.61 0.08 0.56 0.92 0.36
6.00 8.40 3.31 574.66 397.15 0.39 -0.77 -0.02 0.68 0.72 0.79 0.73
11.00 27.41 236.44 244.50 159.60 0.11 -0.13 -0.01 0.74 0.61 0.82 0.30
15.00 52.87 -562.83 -425.64 -24.64 -0.67 -0.84 -0.68 0.51 0.39 0.83 0.55
5.00 7.94 -69.48 49.08 -474.05 0.29 0.90 -0.91 0.22 0.19 0.42 0.47
10.00 24.03 320.52 -280.29 -486.30 -0.91 0.50 -0.04 0.18 0.68 0.85 0.91
16.00 71.20 508.95 -315.61 103.64 0.50 -0.80 -0.69 0.89 0.02 0.92 0.46
6.00 1.52 71.66 -391.32 550.18 0.38 0.26 -0.44 0.37 0.74 0.22 0.20
5.00 4.50 -14.21 -70.58 -103.07 -0.25 0.17 -0.98 0.61 0.10 0.35 0.80
9.00 11.81 -210.53 296.41 410.84 -0.19 -0.83 0.99 0.39 0.29 0.41 0.60
7.00 9.18 -54.95 429.49 19.23 -0.71 -0.13 0.01 0.74 0.92 0.99 0.32
18.00 18.00 105.83 -367.04 141.84 0.77 0.98 -0.18 0.83 0.72 0.38 0.92
6.00 8.50 -180.07 -174.25 -550.60 -0.13 -0.45 -0.40 0.07 0.40 0.60 0.84
5.00 0.77 98.86 -344.50 -652.76 0.94 -0.56 0.75 0.77 0.34 0.41 0.60
16.00 2.02 -10.22 501.64 -197.77 -0.30 -0.87 -0.48 0.13 0.33 0.80 0.47
14.00 19.74 -309.09 430.33 -80.57 -0.53 0.84 0.51 0.16 0.91 0.14 0.49
17.00 35.28 610.58 -301.67 -164.74 -0.21 0.04 -0.94 0.27 0.33 0.94 0.83
6.00 9.62 -262.52 -455.64 -127.85 0.09 0.21 0.47 0.64 0.07 0.49 0.83
7.00 9.73 238.60 44.88 -111.20 -0.07 0.67 0.09 0.84 0.16 0.79 0.89
12.00 26.72 561.52 145.30 -486.81 0.67 -0.54 -0.94 0.60 0.14 0.02 0.19
5.00 6.83 390.91 -659.82 29.28 0.53 0.49 0.75 0.95 0.77 0.53 0.98
9.00 2.05 83.36 -83.18 -360.02 0.38 0.51 0.30 0.95 0.10 0.50 0.51
7.00 11.47 243.73 -650.45 -92.67 -0.81 -0.34 0.57 0.20 0.38 0.12 0.91
15.00 39.40 -204.33 -404.54 -352.90 -0.99 -0.96 0.73 0.80 0.77 0.12 0.17
6.00 7.39 170.04 75.61 -516.19 -0.05 0.91 -0.81 0.99 0.73 0.21 0.32
7.00 6.28 -688.74 -174.46 -16.08 -0.89 0.81 0.94 0.98 0.05 0.88 0.74
15.00 8.70 -390.00 252.65 350.64 -0.45 -0.57 -0.47 0.16 0.42 0.11 0.62
11.00 30.58 19.74 -770.39 196.30 -0.24 -0.61 0.48 0.80 0.34 0.94 0.83
25.00 168.24 522.17 -401.94 425.03 0.19 0.31 -0.98 0.73 0.03 0.18 0.88
5.00 6.25 150.93 662.58 -150.92 0.18 0.36 0.04 0.16 0.34 0.45 0.15
13.00 46.36 362.61 -294.15 578.33 0.67 0.32 -0.27 0.06 0.28 0.37 0.02
6.00 8.02 -258.99 269.08 -202.85 -0.33 -0.52 -0.83 0.61 0.70 0.47 0.47
9.00 0.40 -418.31 308.28 -438.95 -0.40 0.70 0.62 0.31 0.95 0.85 0.80
14.00 58.94 -115.70 -185.30 690.98 0.93 -0.13 0.76 0.97 0.23 0.45 0.73
6.00 4.04 -168.77 324.23 546.41 0.38 0.64 -0.30 0.34 0.02 0.75 0.89
5.00 0.81 -126.54 612.54 112.52 0.63 -0.12 -0.59 0.76 0.77 0.43 0.83
6.00 9.77 -247.20 -32.33 -94.59 -0.17 -0.10 -1.00 0.99 0.86 0.44 0.26
35.00 61.43 227.94 652.05 -386.55 0.01 -0.26 0.70 0.36 0.95 0.27 0.46
5.00 6.68 44.55 573.61 397.55 -0.27 0.74 -0.24 0.18 0.90 0.02 0.15
15.00 18.25 549.55 328.88 416.28 0.91 -0.48 0.53 0.05 0.46 0.12 0.26
15.00 32.90 -586.85 -70.09 -43.75 0.40 -0.81 0.90 0.73 0.29 0.17 0.89
14.00 27.72 405.58 446.84 -486.09 -0.51 -0.39 0.85 0.61 0.12 0.48 0.61
8.00 3.75 -307.32 162.07 -265.27 -0.97 -0.17 -0.67 0.04 0.21 0.48 0.71
13.00 2.76 -291.60 -181.91 -233.13 0.27 -0.35 -0.39 0.56 0.52 0.22 0.01
24.00 12.42 158.03 -330.77 110.93 0.34 0.14 -0.61 0.89 0.83 0.77 0.78
16.00 65.78 -492.05 541.40 -151.81 0.19 -0.06 -0.17 0.66 0.99 0.87 0.60
5.00 1.24 106.25 102.81 377.23 -0.91 0.36 -0.71 0.88 0.82 0.97 0.77
6.00 2.04 -146.86 630.96 290.47 -0.90 0.43 0.94 0.43 0.60 0.44 0.97
8.00 2.68 271.99 -232.15 -126.84 -0.30 0.39 0.68 0.37 0.78 1.00 0.60
17.00 84.16 -187.71 470.28 -12.67 -0.39 -0.19 -0.10 0.69 0.40 0.76 0.59
14.00 27.30 676.14 284.30 93.33 -0.15 0.63 0.71 0.29 0.87 0.36 0.75
15.00 40.21 488.18 287.70 -364.23 0.23 -0.41 -0.70 0.66 0.55 0.59 0.01
8.00 13.51 -262.45 259.29 419.63 0.67 -0.58 -0.59 0.21 0.92 0.65 0.68
18.00 82.90 -177.28 4.25 -439.88 -0.96 -0.90 0.60 0.44 0.75 0.82 0.84
30.00 178.41 430.48 3.18 353.24 -0.62 0.36 0.56 0.59 0.94 0.33 0.82
14.00 55.00 -35.04 -343.58 485.51 -0.52 0.45 -0.63 0.18 0.57 0.94 0.77
6.00 6.14 25.64 -109.43 541.37 -0.76 0.90 0.37 0.86 0.37 0.70 0.32
5.00 3.10 29.82 262.52 -404.70 -0.16 -0.21 -0.01 1.00 0.20 0.55 0.72
11.00 3.56 -29.05 -277.97 736.57 -0.10 -0.04 0.13 0.10 0.81 0.21 0.43
18.00 52.04 243.18 45.55 497.90 0.45 -0.81 0.45 0.29 0.50 0.92 0.11
9.00 13.74 325.32 -162.21 555.41 0.65 0.82 -0.38 0.28 0.48 0.23 0.58
8.00 14.34 -122.52 -260.73 182.79 -0.23 0.24 0.40 0.49 0.74 0.50 0.66
20.00 48.09 496.88 -573.21 -162.79 0.01 0.65 -0.69 0.23 0.70 0.88 0.66
5.00 0.82 128.17 -478.67 481.78 0.70 -0.26 0.86 0.19 0.25 0.62 0.76
7.00 1.11 143.31 342.64 650.17 0.79 -0.60 0.34 0.31 0.10 0.77 0.79
12.00 2.58 181.18 486.48 -263.60 -0.33 0.15 0.23 0.49 0.79 0.92 0.65
20.00 63.76 -507.95 114.59 106.71 0.98 0.17 -0.36 0.17 0.37 0.26 0.67
10.00 21.11 657.32 -331.14 -9.02 0.78 0.80 -0.80 0.78 0.36 0.80 0.89
7.00 2.43 280.40 479.25 -363.72 -0.40 -0.32 -0.82 0.60 0.66 0.23 0.12
6.00 11.10 -472.72 -575.91 -159.17 -0.54 0.81 -0.03 0.65 0.40 0.01 0.76
16.00 43.64 124.46 200.39 -467.74 -0.66 0.50 -0.17 0.15 0.04 0.53 0.89
25.00 191.75 398.57 -358.27 5.87 -0.05 0.46 0.42 0.46 0.18 0.50 0.35
6.00 4.24 -208.66 192.68 134.90 0.87 -0.60 -0.80 0.70 0.87 0.87 0.61
15.00 3.17 521.04 213.22 472.17 -0.04 0.88 -0.28 0.98 0.36 0.47 0.34
9.00 19.50 24.51 325.38 258.72 0.90 -0.02 -0.56 0.39 0.17 0.55 0.25
13.00 43.87 -487.41 201.25 20.88 -0.66 -0.59 -0.63 0.13 0.66 0.61 0.80
34.00 218.14 -367.94 -94.97 628.39 -0.17 0.65 -0.90 0.10 0.25 0.06 0.50
9.00 4.36 224.81 -221.51 701.97 -0.29 -0.33 -0.53 0.75 0.47 0.05 0.60
5.00 4.51 400.93 103.28 476.23 -0.83 -0.44 0.78 0.03 0.10 0.20 0.89
26.00 140.35 323.95 364.63 -290.96 -0.44 -0.43 -0.52 0.83 0.31 0.18 0.90
14.00 11.72 412.82 140.44 43.22 0.21 -0.98 0.66 0.48 0.41 0.25 0.65
10.00 2.66 -464.07 -44.21 -585.97 -0.75 -0.84 0.08 0.67 0.38 0.14 0.74
8.00 1.70 2.51 579.65 160.49 -0.23 0.02 -0.83 0.07 0.84 0.41 0.87
20.00 60.36 -295.88 681.30 133.69 0.59 0.71 -0.63 0.06 0.48 0.61 0.58
9.00 15.56 -294.96 674.71 -11.45 -0.10 -0.74 0.57 0.85 0.84 0.51 0.27
11.00 28.64 -566.63 228.74 323.23 0.42 -0.69 -0.30 0.31 0.22 0.45 0.06
8.00 3.03 134.56 -753.15 -202.52 -0.94 -0.00 -0.96 0.40 0.51 0.81 0.27
14.00 10.44 410.44 420.34 385.15 -1.00 -0.21 -0.64 0.66 0.68 0.39 0.53
5.00 3.09 227.88 188.58 685.28 0.67 -0.39 0.50 0.28 0.82 0.37 0.92
7.00 8.22 -284.58 -411.48 101.00 -0.72 -0.91 0.30 0.36 0.10 0.96 0.96
12.00 37.55 69.03 -51.85 117.40 0.37 0.42 0.81 0.50 0.91 0.58 0.98
13.00 21.27 311.46 -109.78 -395.50 -0.88 -0.13 -0.26 0.34 0.18 0.26 0.91
7.00 13.83 242.26 13.54 282.91 -0.30 0.99 -0.17 0.71 0.04 0.61 0.97
17.00 70.69 -78.99 -726.77 140.44 -0.86 -0.21 0.82 0.30 0.64 0.38 0.43
7.00 3.19 -126.16 505.31 549.16 -0.79 0.04 -0.18 0.34 0.83 0.80 0.09
13.00 7.50 -249.14 714.09 -231.49 0.70 0.72 0.63 0.04 0.31 0.16 0.55
9.00 24.61 407.43 383.89 10.98 0.79 0.37 -0.18 0.08 0.67 1.00 0.45
5.00 5.96 531.54 16.53 173.37 -0.06 0.82 -0.59 0.94 0.77 0.11 0.34
6.00 2.70 345.97 463.87 -49.80 0.28 -0.57 0.64 0.12 0.45 0.20 0.31
9.00 20.01 -51.81 70.92 -23.09 -0.58 -0.98 0.84 0.53 0.18 0.92 0.39
8.00 12.37 7.36 585.03 -91.92 -0.19 -0.04 -0.14 0.51 0.70 0.75 0.46
14.00 59.95 570.03 430.69 131.33 -0.27 -0.92 0.40 0.55 0.17 0.27 0.27
13.00 29.16 109.75 -158.92 -45.31 0.93 0.68 0.52 0.30 0.36 0.86 0.72
6.00 4.81 -403.21 410.88 22.44 0.73 -0.65 -0.88 0.20 0.57 0.86 0.91
13.00 30.82 46.85 43.38 630.93 -0.21 -0.84 0.84 0.39 0.88 0.26 0.44
18.00 88.48 189.90 -111.41 251.45 -0.84 -0.49 0.35 0.11 0.71 0.61 0.23
8.00 11.49 261.73 -49.44 -577.12 0.96 0.50 0.35 0.55 0.75 0.17 0.71
5.00 3.26 -165.57 -358.90 -553.61 -0.36 -0.68 -0.06 0.62 0.99 0.54 0.73
6.00 1.57 222.64 159.33 -630.64 -0.39 -0.45 0.72 0.26 0.03 0.57 0.40
10.00 2.34 69.36 265.85 3.11 -0.24 -0.49 0.94 0.21 0.11 0.26 0.25
8.00 18.38 -282.17 535.84 462.79 -0.66 0.72 -0.39 0.17 0.13 0.65 0.58
6.00 0.04 -541.36 478.99 162.94 -0.13 0.64 0.77 0.38 0.28 0.84 0.15
39.00 43.89 88.94 -546.42 381.54 0.55 0.15 -0.95 0.24 0.72 0.34 0.55
8.00 9.80 -108.06 -250.46 -482.77 -0.47 -0.30 0.05 0.81 0.10 0.54 0.58
7.00 13.93 -611.68 -361.37 -308.29 0.44 -0.65 0.18 0.75 0.70 0.90 0.21
8.00 18.48 113.02 -432.06 -660.24 -0.24 -0.74 -0.52 0.62 0.51 0.94 0.24
7.00 7.40 52.48 289.82 -67.89 -0.06 0.91 0.84 0.63 0.93 0.42 0.75
5.00 5.09 -235.91 -491.22 -105.24 -0.80 0.60 0.76 0.01 0.77 0.61 0.67
7.00 6.41 -220.55 -133.78 584.03 -0.77 0.88 0.76 0.06 0.51 0.61 0.84
5.00 1.90 -359.37 -226.10 -289.22 0.59 0.47 -0.31 0.99 0.62 0.14 0.10
6.00 9.19 247.72 -418.02 366.79 -0.13 -0.16 -0.03 0.17 0.08 0.38 0.65
6.00 6.80 -443.16 -196.15 247.43 0.90 0.18 0.01 0.93 0.55 0.99 0.01
10.00 15.73 -655.04 221.50 294.22 -0.25 -0.60 -0.70 0.67 0.60 0.34 0.54
16.00 12.66 36.56 -251.66 101.97 -0.19 0.02 0.35 0.22 0.09 0.98 0.18
14.00 3.59 510.08 479.88 256.19 0.72 -0.83 -0.11 0.26 0.23 0.52 0.70
9.00 14.89 2.25 781.79 51.72 0.14 -0.90 -0.71 0.53 0.63 0.27 0.55
22.00 89.09 -462.88 -353.44 98.23 -0.36 0.95 0.38 0.90 0.99 0.89 0.72
13.00 53.48 -261.28 273.64 680.22 -0.82 0.74 -0.63 1.00 0.24 0.03 0.24
6.00 7.69 -715.02 177.86 233.51 -0.94 0.66 0.90 0.47 0.21 0.99 0.93
6.00 2.85 72.08 -313.79 -664.39 0.50 0.88 0.07 0.41 0.23 0.31 0.62
11.00 4.58 -264.83 -450.53 129.44 0.05 0.58 -0.96 0.42 0.10 0.36 0.95
12.00 4.12 -358.59 142.32 -591.52 0.63 -0.31 0.95 0.31 0.24 0.07 0.31
6.00 0.06 213.83 -34.10 127.26 -0.01 -0.45 0.38 0.89 0.83 0.03 0.32
21.00 31.32 79.22 -613.42 -495.12 0.91 -0.56 -0.36 0.71 0.18 0.91 0.53
9.00 19.34 453.16 -271.54 426.30 0.77 -0.65 -0.63 0.77 0.96 0.77 0.91
7.00 11.20 174.38 152.68 -539.16 0.79 0.04 -0.57 1.00 0.03 0.35 0.36
17.00 1.36 -374.74 -501.22 -170.78 -0.55 0.73 -0.60 0.18 0.26 0.97 0.23
5.00 5.63 -71.34 18.13 621.38 -0.81 -0.96 0.22 0.89 0.01 0.04 0.14
13.00 51.19 -142.14 327.34 175.39 0.26 0.59 0.28 0.14 0.61 0.05 0.83
5.00 7.70 320.66 -323.43 600.44 -0.16 0.67 -0.82 0.31 0.05 0.73 0.02
27.00 4.53 -180.41 -162.79 642.98 -0.93 0.14 -0.01 0.75 0.91 0.48 0.01
14.00 37.20 -459.25 -436.50 29.48 -0.30 -0.67 -0.91 0.99 0.17 0.65 0.30
7.00 10.40 302.37 -437.20 -24.71 0.94 0.32 1.00 0.56 0.87 0.93 0.81
9.00 1.98 329.65 51.79 -499.28 0.11 -0.47 0.43 0.98 0.70 0.57 0.21
10.00 4.46 26.79 -604.07 -291.49 -0.54 0.94 0.85 0.60 0.58 1.00 0.34
15.00 70.20 555.53 -273.26 445.47 -0.67 -0.48 0.41 0.05 0.34 0.54 0.58
12.00 20.35 -122.54 -95.96 232.02 -0.29 -0.59 0.98 0.69 0.52 0.43 0.88
20.00 115.90 -747.62 -182.37 75.70 -0.03 0.91 0.42 0.55 0.88 0.06 0.29
21.00 59.85 -80.31 182.66 383.56 0.13 -0.41 -0.12 0.15 0.87 0.80 0.45
11.00 32.94 762.09 -156.95 22.36 0.17 0.74 -0.28 0.18 0.28 0.76 0.20
14.00 56.59 -2.43 207.31 161.25 0.51 -0.30 -0.32 0.21 0.97 0.05 0.32
7.00 11.37 -346.83 75.14 -436.65 0.81 0.17 -0.06 0.64 0.36 0.10 0.81
9.00 20.72 382.64 -278.44 484.64 0.55 -0.45 -0.93 0.74 0.15 0.71 0.17
20.00 7.28 311.45 318.97 644.99 0.88 -0.80 0.79 0.88 0.99 0.38 0.33
6.00 3.50 -446.52 399.63 -128.10 -0.10 0.23 0.19 0.17 0.51 0.37 0.33
5.00 7.08 68.93 -179.03 -477.91 -0.79 0.40 0.94 0.90 0.61 0.03 0.08
28.00 82.24 -452.91 244.72 -592.35 0.59 0.60 0.20 0.32 0.70 0.62 0.69
9.00 18.08 -10.20 -175.11 114.57 -0.79 -0.66 0.57 0.82 0.81 0.76 0.97
6.00 0.22 775.10 25.13 -39.04 0.94 0.05 0.92 0.32 0.75 0.08 0.40
18.00 88.10 50.30 85.84 666.85 -0.67 -0.09 -0.18 0.56 0.09 0.05 0.53
13.00 5.30 269.08 -37.58 576.87 0.39 0.31 -0.89 0.22 0.96 0.82 0.01
7.00 4.19 -191.18 494.80 124.13 0.59 0.08 0.50 0.99 0.25 0.38 0.25
5.00 0.42 103.68 590.89 326.08 -0.32 -0.72 -0.13 0.73 0.19 0.35 0.69
9.00 20.87 518.89 148.31 56.98 -0.19 0.24 0.05 0.14 0.08 0.67 0.16
23.00 81.21 140.68 -129.77 287.14 -0.86 -0.07 -0.91 0.11 0.54 0.07 0.54
19.00 13.89 241.03 -576.44 459.75 -0.91 0.28 0.46 0.38 0.82 0.16 0.56
9.00 21.24 -309.10 -447.04 -468.59 -0.81 0.70 0.62 0.08 0.91 0.28 0.42
10.00 4.04 -659.63 186.40 -149.99 -0.78 -0.22 0.94 0.82 0.14 0.95 0.24
6.00 3.01 -245.10 -259.34 -459.34 -0.63 -0.79 -0.01 0.99 0.08 0.86 0.01
5.00 7.01 538.47 65.64 -567.23 -0.72 -0.04 -0.75 0.28 0.92 0.17 0.10
9.00 16.03 -396.68 44.29 64.23 0.65 0.91 0.53 0.51 0.26 0.86 0.91
6.00 6.66 -617.01 433.36 58.97 -0.63 -0.15 -0.87 0.50 0.05 0.81 0.15
6.00 8.67 369.50 474.71 -42.73 -0.98 -0.24 0.87 0.85 0.94 0.15 0.72
25.00 26.79 -545.95 -489.72 280.37 0.92 0.97 0.83 0.99 0.49 0.61 0.80
5.00 0.08 226.93 -633.17 336.67 -0.58 0.07 0.55 0.84 0.26 0.60 0.82
16.00 75.05 26.96 389.54 -44.45 -0.55 0.92 0.17 0.15 0.70 0.72 0.49
11.00 17.10 629.48 -448.59 -17.76 -0.08 -0.51 -0.25 0.89 0.62 0.08 0.92
6.00 0.74 376.81 -40.94 117.21 -0.22 0.41 -0.88 0.15 0.96 0.85 0.09
7.00 5.78 109.03 647.86 316.11 -0.22 0.44 0.68 0.34 0.33 0.83 0.08
9.00 16.02 -376.31 -356.56 -255.09 0.11 -0.07 0.15 0.69 0.47 0.48 0.06
5.00 3.36 425.01 272.04 539.22 0.56 0.63 0.89 0.37 0.89 0.56 0.92
16.00 50.65 -311.13 295.79 21.49 0.65 -0.14 0.41 0.25 0.91 0.50 0.78
10.00 18.52 -38.05 -683.85 249.85 -0.42 0.77 -0.73 0.23 0.43 0.89 0.72
14.00 13.02 -221.98 -539.56 -243.65 -0.24 -0.29 0.10 0.49 0.83 0.61 0.05
11.00 2.30 87.53 342.89 -520.40 0.33 -0.80 -0.00 0.90 0.57 0.42 0.62
11.00 21.38 -431.87 -220.85 482.10 -0.56 -0.23 -0.83 0.34 0.46 0.09 0.11
38.00 42.07 116.38 -472.02 542.01 -0.06 -0.63 -0.05 0.97 0.57 0.80 0.72
5.00 6.20 425.95 -82.24 590.15 -0.27 -0.44 -0.47 0.41 0.31 0.82 0.11
9.00 17.47 206.54 311.71 336.42 0.58 0.33 0.58 0.22 0.49 0.42 0.74
10.00 9.13 166.15 677.31 -57.65 -0.85 0.78 -0.08 0.21 0.43 0.72 0.58
8.00 7.84 -215.11 -13.42 127.28 -0.86 0.90 -0.99 0.01 0.73 0.04 0.18
7.00 3.09 50.24 26.51 726.43 0.05 0.57 -0.42 0.11 0.72 0.49 0.62
13.00 53.62 159.33 -207.56 25.61 -0.04 -0.30 0.70 0.17 0.92 0.50 0.44
10.00 9.99 -29.96 -646.93 -447.75 0.80 -0.96 0.56 0.58 0.03 0.90 0.76
10.00 25.84 261.32 -187.82 -159.53 0.87 -0.60 0.05 0.15 0.17 0.38 0.91
16.00 36.05 -227.98 487.82 489.16 -0.13 0.84 0.30 0.82 0.03 0.28 0.61
15.00 60.22 -597.90 140.22 -263.41 -0.66 0.99 0.92 0.85 0.02 0.00 0.28
11.00 16.08 6.94 96.71 362.60 -1.00 0.26 -0.99 0.18 0.79 0.05 0.52
7.00 9.47 614.97 155.00 22.33 -0.47 -0.92 -0.15 0.67 0.81 0.69 0.71
16.00 11.00 -492.03 -19.82 -510.79 -0.44 -0.56 0.20 0.35 0.11 0.70 0.97
8.00 17.08 -183.84 2.60 446.81 -0.87 -0.16 0.83 0.28 0.79 0.41 0.62
8.00 1.31 176.45 -250.96 453.93 -0.98 0.41 -0.78 0.17 0.65 0.60 0.73
12.00 37.03 356.12 505.12 165.82 -0.71 -0.93 0.88 0.95 0.05 0.85 0.78
31.00 65.54 59.18 247.29 -655.58 -0.43 0.67 -0.04 0.78 0.14 0.56 0.03
6.00 3.40 324.01 637.63 10.80 -0.40 0.36 0.29 0.28 0.27 0.60 0.98
10.00 28.12 -309.10 273.51 599.15 0.29 0.17 0.37 0.67 0.95 0.26 0.46
23.00 16.73 -244.64 -402.87 -294.33 -0.21 0.22 0.57 0.07 0.96 0.31 0.87
8.00 15.44 329.05 230.77 306.42 -0.59 -0.71 0.25 0.94 0.99 0.67 0.23
19.00 67.66 337.89 -241.40 662.03 0.41 0.13 0.94 0.15 0.02 0.77 0.14
5.00 2.02 165.93 24.61 -151.00 0.89 -0.81 -0.25 0.71 0.98 0.63 0.67
7.00 10.66 -137.33 -489.66 213.53 0.86 -0.83 0.24 0.20 0.44 0.55 0.22
5.00 3.29 -413.90 107.00 -373.10 0.04 0.45 -0.51 0.66 0.62 0.21 0.93
17.00 90.17 675.51 -248.88 260.66 -0.43 0.82 0.37 0.73 0.11 0.08 0.50
9.00 0.27 -492.45 -285.55 -297.77 0.63 -0.16 -0.75 0.58 0.30 0.91 0.17
8.00 4.25 528.08 -260.85 340.87 -0.55 -0.03 0.01 0.53 0.67 0.88 0.91
8.00 3.71 251.73 347.38 -173.63 -0.74 0.55 -0.13 0.53 0.14 0.47 0.26
12.00 21.83 -454.57 289.14 509.15 0.29 -0.80 -0.46 0.34 0.41 0.54 0.70
12.00 4.95 -600.83 -88.20 -175.59 0.72 0.24 0.09 0.06 0.83 0.39 0.07
13.00 16.32 -410.29 -338.06 -447.77 0.52 0.88 0.55 0.37 0.05 0.14 0.05
5.00 7.50 600.58 -119.99 321.68 -0.37 -0.17 -0.40 0.39 0.39 0.21 0.31
25.00 121.98 287.00 -662.30 6.16 -0.08 0.01 -0.54 0.44 0.98 0.59 0.67
9.00 1.09 607.97 314.02 -381.68 -0.24 -0.47 -0.37 0.20 0.32 0.03 0.06
9.00 11.91 95.96 -442.38 -404.37 0.95 -0.43 0.42 0.23 0.58 0.06 0.52
10.00 2.54 107.14 -635.64 -202.97 0.89 -0.74 0.75 0.83 0.95 0.83 0.61
5.00 1.92 129.62 -226.41 -256.00 0.77 0.73 0.97 0.99 0.75 0.65 0.36
28.00 148.44 205.04 351.62 -16.86 0.16 -0.47 0.24 0.93 0.48 0.05 0.10
12.00 40.74 -111.58 -173.49 312.91 0.11 -0.77 0.26 0.28 0.46 0.31 0.27
12.00 44.66 638.94 61.09 -258.72 0.74 -0.67 -0.38 0.75 0.53 0.19 0.40
8.00 10.94 -154.45 551.46 254.95 0.14 -0.57 0.37 0.65 0.86 0.84 0.80
7.00 6.62 462.86 -391.20 -353.32 -0.30 -0.93 0.62 0.27 0.73 0.94 0.06
9.00 3.74 -52.43 551.65 -360.88 0.90 -0.02 0.63 0.98 0.39 0.10 0.30
10.00 31.49 -435.28 344.53 382.81 -0.89 -0.77 -0.69 0.85 0.98 0.68 0.81
8.00 1.76 -117.96 -145.36 78.71 0.26 -0.03 0.15 0.01 0.83 0.49 0.63
9.00 1.95 399.35 -88.70 -205.30 -0.48 0.96 0.55 0.54 0.68 0.17 0.12
8.00 1.02 -656.64 -326.26 302.18 0.64 0.13 0.76 0.02 0.51 0.01 0.09
6.00 7.99 628.46 315.62 131.35 -0.25 -0.51 -0.23 0.12 0.30 0.14 0.85
6.00 6.40 -749.22 52.04 29.38 0.17 0.56 -0.60 0.39 0.31 0.71 0.89
12.00 20.20 166.12 -758.15 -179.22 -0.80 0.04 0.02 0.79 0.80 0.82 0.31
10.00 10.03 -450.30 602.59 -206.04 -0.37 0.92 -0.35 0.64 0.39 0.00 0.47
23.00 48.50 -700.34 -131.72 70.77 0.05 -0.75 -0.87 0.01 0.45 0.92 0.37
5.00 6.95 78.15 -795.23 27.58 -0.94 0.11 0.34 0.62 0.50 0.29 0.10
16.00 38.39 -455.61 35.80 427.01 0.98 0.02 -0.26 0.37 0.58 0.35 0.49
16.00 8.10 7.33 736.38 298.77 0.74 -0.60 0.24 0.36 0.90 0.74 0.18
6.00 11.19 -378.23 105.19 -32.23 -0.75 -0.21 0.72 0.94 0.86 0.09 0.44
8.00 3.50 -188.26 -52.52 -0.96 0.93 -0.28 -0.30 0.38 0.85 0.06 0.06
7.00 12.44 309.38 393.27 -504.72 -0.63 -0.28 -0.87 0.96 0.70 0.14 0.05
5.00 7.19 256.86 -549.15 491.14 -0.73 -0.97 -0.60 0.89 0.71 0.11 0.15
29.00 77.87 22.38 -102.08 477.46 0.96 0.80 0.16 0.09 0.45 0.47 0.64
5.00 0.99 -295.13 451.97 522.57 -0.63 -0.62 -0.16 0.59 0.95 0.00 0.25
19.00 18.47 191.19 332.57 634.11 0.15 -0.94 0.30 0.89 0.47 0.46 0.90
15.00 25.74 133.19 -154.42 388.32 0.15 -0.49 0.97 0.19 0.42 0.94 0.28
20.00 26.53 -418.80 -141.47 278.15 0.48 -0.75 0.69 0.14 0.41 0.06 0.60
5.00 6.14 112.14 -599.43 511.19 -0.67 0.05 0.47 0.99 0.68 0.12 0.95
8.00 0.46 -147.91 347.67 431.02 0.31 0.63 0.96 0.57 0.86 0.90 0.16
5.00 2.35 -602.42 384.28 -243.87 0.50 0.29 -0.78 0.07 0.60 0.41 0.82
23.00 47.99 266.01 -13.65 742.19 -0.62 0.65 0.64 0.52 0.59 0.29 0.66
5.00 3.80 35.93 -793.78 12.08 0.57 -0.33 0.38 0.79 0.63 0.52 0.99
8.00 12.07 553.51 268.31 -187.61 -0.95 -0.68 0.30 0.90 0.24 0.02 0.74
5.00 3.79 223.00 -22.20 263.76 0.64 0.39 -0.49 0.04 0.26 0.35 0.10
5.00 5.80 -174.46 541.63 223.67 -0.64 -0.43 0.90 0.27 0.55 0.75 0.23
14.00 51.03 255.23 76.34 -359.57 -0.45 -0.71 0.69 0.72 0.89 0.48 0.00
7.00 10.56 182.55 306.19 -312.69 -0.29 -0.02 0.91 0.27 0.53 0.08 0.43
8.00 16.63 435.45 275.51 179.62 0.36 0.40 0.04 0.93 0.92 0.56 0.87
9.00 10.99 384.01 389.77 -438.81 0.62 -0.05 -0.35 0.02 0.67 0.85 0.84
23.00 14.20 -657.08 -16.02 1.55 -0.56 0.08 0.34 0.85 0.38 0.26 0.59
12.00 25.51 93.23 -192.31 198.31 0.60 -0.57 0.75 0.85 0.45 0.66 0.82
5.00 2.11 483.54 395.62 -273.26 0.66 0.69 -0.34 0.31 0.21 0.37 0.63
10.00 30.86 -558.38 -322.45 -392.25 0.45 -0.92 0.62 0.35 0.36 0.24 0.27
12.00 35.88 40.81 557.49 224.43 -0.16 0.89 -0.36 0.97 0.93 0.01 0.60
19.00 59.03 634.12 205.79 3.36 -0.13 -0.04 0.74 0.30 0.62 0.22 0.12
9.00 7.79 315.37 448.35 156.79 -0.50 0.57 0.85 0.55 0.96 0.39 0.20
12.00 36.49 45.21 127.24 -64.72 -0.50 -0.04 -0.03 0.58 0.94 0.99 0.35
16.00 58.13 109.19 2.60 -592.83 -0.70 -0.28 -0.80 0.83 0.76 0.97 0.24
5.00 3.16 129.80 390.92 -497.37 0.43 -0.59 0.20 0.75 0.98 0.30 0.33
7.00 0.06 255.86 32.15 15.08 0.39 0.01 -0.52 0.08 0.21 0.43 0.52
15.00 5.32 307.70 13.50 -631.39 -0.45 0.69 0.34 0.20 0.94 0.65 0.78
9.00 5.77 455.81 -510.77 -34.49 0.73 -0.26 0.80 0.43 0.88 0.25 0.85
17.00 19.35 -318.22 144.55 -676.98 0.74 0.38 -0.02 0.50 0.35 0.89 0.57
8.00 11.42 -240.29 471.52 335.82 0.48 0.63 0.78 0.89 0.03 0.96 0.34
8.00 13.81 48.90 -705.60 284.20 0.35 -0.41 -0.70 0.63 0.80 0.82 0.16
13.00 10.38 355.20 -286.55 118.16 -0.77 0.63 0.46 0.44 0.80 0.06 0.81
20.00 37.73 -168.15 405.01 612.00 -0.14 -0.20 -0.13 0.33 0.99 0.70 0.16
5.00 0.89 -429.18 521.63 75.69 0.83 0.47 -0.53 0.60 0.03 0.78 0.63
6.00 1.56 -445.40 -316.29 0.72 0.80 -0.52 0.27 0.02 0.48 0.31 0.25
5.00 0.53 -212.74 625.07 228.90 -0.45 -0.57 -0.45 0.02 0.33 0.17 0.07
14.00 10.92 17.78 -400.30 -541.46 -0.75 0.78 0.07 0.08 0.90 0.99 0.73
9.00 21.10 127.09 586.41 515.02 0.27 0.90 -0.67 0.54 0.85 0.75 0.52
8.00 14.39 237.88 -424.31 315.21 0.47 0.07 -0.41 0.16 0.06 0.52 0.39
11.00 10.98 -280.75 359.46 -184.79 -0.99 0.95 0.88 0.73 0.52 0.56 0.22
5.00 0.27 109.59 738.46 216.02 -0.96 0.77 0.15 0.33 0.75 0.10 0.03
9.00 17.28 -362.53 484.32 -266.27 -0.98 -0.45 -0.36 0.57 0.36 0.90 0.24
29.00 235.35 621.46 129.76 -439.48 0.75 0.20 0.23 0.68 0.20 0.70 0.33
12.00 24.75 62.98 189.26 -200.34 0.82 0.29 0.80 0.96 0.98 0.10 0.47
12.00 42.00 368.31 102.70 634.07 -0.63 0.43 0.17 0.82 0.34 0.50 0.18
12.00 10.77 235.62 -570.12 -188.94 0.27 0.91 0.41 0.88 0.23 0.32 0.37
14.00 36.97 268.42 -640.67 56.17 0.22 -0.72 -0.54 0.95 0.89 0.28 0.08
11.00 10.80 641.29 -64.38 -392.21 -0.24 0.67 -0.73 0.65 0.03 0.01 0.87
6.00 2.93 476.77 15.78 -16.97 0.39 0.98 0.14 0.86 0.10 0.83 0.07
21.00 72.56 -594.65 -492.77 -203.47 -0.95 0.40 0.94 0.39 0.33 0.62 0.95
32.00 195.73 -307.55 689.00 60.65 0.10 0.92 -0.94 0.63 0.89 0.69 0.30
6.00 3.07 -577.99 346.32 299.63 -0.80 0.03 0.66 0.97 0.10 0.81 0.64
9.00 14.15 551.07 -292.86 -433.92 0.23 -0.21 0.44 0.57 0.68 0.79 0.30
5.00 2.00 261.87 -112.90 -550.67 0.41 -0.54 -0.98 0.09 0.37 0.70 0.91
18.00 89.30 6.12 273.22 323.30 -0.06 0.57 0.36 0.76 0.65 0.16 0.98
15.00 18.74 522.22 -548.76 48.75 0.15 -0.07 0.21 0.74 0.30 0.78 0.04
16.00 64.85 274.64 639.53 -119.32 -0.35 -0.39 0.09 0.90 0.20 0.37 0.78
30.00 197.72 460.90 215.77 352.45 -0.36 0.62 -0.10 0.32 0.75 0.41 0.13
26.00 66.36 -195.48 -241.15 -151.55 0.47 0.14 -0.56 0.37 0.24 0.66 0.29
16.00 17.86 351.94 -470.30 201.46 -0.95 -0.69 -0.85 0.79 0.49 0.20 0.26
26.00 94.13 -164.43 650.31 378.35 -0.76 -0.17 0.05 0.20 0.95 0.14 0.71
17.00 13.86 225.25 -517.20 -278.79 0.46 0.20 0.49 0.89 0.76 0.02 0.77
13.00 38.28 474.12 -147.38 123.28 0.36 0.89 0.77 0.49 0.39 0.39 0.96
8.00 7.31 -482.10 -193.25 502.26 -0.77 0.59 -0.23 0.75 0.21 0.02 0.77
20.00 73.88 -437.80 76.89 353.97 0.56 -0.19 -0.05 0.58 0.21 0.85 0.61
38.00 295.71 582.36 -55.10 -78.10 0.81 -0.89 0.92 0.39 0.99 0.46 0.08
19.00 44.67 -309.50 603.04 17.13 -0.05 0.12 -0.62 0.89 0.05 0.69 0.89
8.00 8.64 -41.87 385.16 -541.76 0.90 -0.48 -0.82 0.14 0.25 0.23 0.46
6.00 2.65 -496.41 -33.97 394.74 0.13 0.40 0.26 0.82 0.51 0.20 0.49
5.00 2.18 -535.52 -92.62 -466.70 -0.88 -0.79 0.36 0.35 0.79 0.86 0.23
6.00 2.37 -326.25 616.53 -40.15 0.32 0.19 -0.51 0.02 0.66 0.38 0.31
13.00 53.13 -287.49 196.90 -561.68 0.11 -1.00 0.64 0.99 0.98 0.22 0.22
22.00 58.62 -111.14 -8.00 -300.89 -0.18 -0.47 -0.96 0.44 0.91 0.82 0.99
7.00 7.13 194.56 500.57 563.44 0.27 0.32 -0.01 0.48 0.38 0.50 0.50
19.00 21.74 204.77 -294.09 -413.89 -0.89 0.37 0.33 0.71 0.93 0.15 0.61
7.00 14.12 -192.97 207.61 355.62 -0.98 0.69 -0.11 0.50 0.42 0.60 0.91
7.00 4.11 -544.99 163.30 481.80 0.34 -0.08 0.18 0.87 0.99 0.56 0.12
6.00 1.23 470.50 104.75 163.73 0.16 -0.63 0.44 0.55 0.23 0.33 0.55
17.00 26.91 -194.49 -592.31 -201.68 0.09 -1.00 0.92 0.83 0.66 0.36 0.50
14.00 51.69 11.84 -143.30 -737.65 0.81 -0.32 -0.10 0.91 0.11 0.96 0.87
6.00 9.84 -71.70 213.94 -153.40 0.25 0.46 -0.28 0.02 0.71 0.15 0.68
8.00 14.15 -126.18 -17.97 -338.20 -0.84 0.74 0.85 0.35 0.24 0.99 0.16
12.00 14.87 418.56 -676.57 -1.75 0.93 0.35 -0.03 0.96 0.69 0.49 0.57
13.00 3.36 161.07 -720.20 -181.22 -0.53 -0.56 0.36 0.64 0.88 0.63 0.63
6.00 0.49 127.82 -486.16 304.85 0.76 -0.52 0.53 0.05 0.30 0.76 0.10
7.00 15.38 -240.51 366.57 422.53 0.18 0.45 0.08 0.63 0.31 0.84 0.09
12.00 23.14 254.59 504.15 115.24 0.71 0.98 -0.73 0.29 0.01 0.26 0.29
20.00 14.76 -160.93 89.38 592.92 -0.22 -0.32 -0.98 0.55 0.27 0.72 0.61
18.00 37.24 -365.67 581.28 -160.24 0.21 -0.84 -0.87 0.55 0.96 0.02 0.06
7.00 5.36 276.95 29.93 178.42 -0.33 -0.65 -0.23 0.38 0.82 0.47 0.76
6.00 2.70 -117.71 -576.50 156.91 0.09 0.41 -0.47 0.54 0.77 0.07 0.95
6.00 3.99 263.23 -263.41 394.00 -0.09 0.96 -0.00 0.96 0.58 0.23 0.23
21.00 14.46 -78.76 -164.96 561.81 -0.62 0.46 -0.85 0.70 0.19 0.86 0.65
5.00 5.81 444.82 482.69 391.28 0.95 0.43 -0.02 0.81 1.00 0.88 0.08
13.00 0.55 300.53 -727.25 11.93 0.13 0.87 0.86 0.15 0.47 0.41 0.27
17.00 5.88 -353.58 -356.97 621.35 -0.79 0.86 0.57 0.80 0.45 0.77 0.14
5.00 3.64 574.06 240.75 255.72 -0.17 0.30 -0.98 0.08 0.28 0.78 0.11
20.00 108.93 -44.82 -146.33 -484.14 -0.33 -0.85 -0.16 0.10 0.58 0.07 0.39
6.00 6.38 126.08 672.76 318.00 0.89 -0.58 0.74 0.70 0.50 0.87 0.52
9.00 5.68 17.03 597.26 -78.08 0.25 -0.21 0.93 0.22 0.18 0.10 0.23
6.00 2.59 -332.59 471.85 9.53 0.93 0.02 -0.08 0.47 0.82 0.56 0.76
11.00 18.15 -161.11 -143.09 63.28 -0.86 0.22 -0.90 0.96 0.30 0.15 0.41
21.00 117.81 -687.66 -64.43 -285.91 0.70 0.76 0.16 0.36 0.36 0.81 0.80
16.00 77.21 257.05 11.60 325.14 0.31 -0.54 -0.71 0.82 0.85 0.03 0.28
12.00 17.06 -328.13 -321.67 -16.97 -0.61 -0.84 0.64 0.89 0.22 0.69 0.98
5.00 1.36 344.01 616.30 201.78 0.48 -0.76 0.77 0.52 0.35 0.02 0.91
27.00 27.46 433.56 355.55 -330.73 -0.46 -0.92 -0.90 0.32 0.40 0.69 0.49
6.00 8.92 243.95 -539.42 -435.30 -0.11 0.38 0.82 0.02 0.35 0.90 0.50
8.00 4.56 269.94 319.08 -470.71 0.34 0.97 -0.84 0.26 0.56 0.85 0.54
5.00 5.51 -245.29 -300.74 421.33 0.53 0.85 -0.69 0.70 0.10 0.40 0.24
9.00 4.77 580.50 233.45 238.73 -0.25 0.21 0.60 0.56 0.75 0.80 0.08
8.00 14.79 -205.17 206.07 -384.90 0.88 0.80 0.31 0.43 0.23 0.68 0.56
13.00 48.99 520.97 27.78 -14.89 -0.63 0.02 0.87 0.48 0.87 0.11 0.11
6.00 6.90 489.58 286.63 467.26 0.51 0.30 0.72 0.95 0.26 0.28 0.64
8.00 14.29 -439.49 598.97 -176.20 -0.99 -0.68 -0.57 0.45 0.87 0.60 0.57
5.00 1.43 280.71 41.66 323.65 -0.11 0.80 -0.48 0.58 0.90 0.03 0.35
29.00 190.92 -297.76 365.09 337.52 0.48 0.22 0.10 0.20 0.74 0.96 0.97
13.00 24.72 -272.38 9.88 464.48 0.15 0.16 -0.44 0.68 0.66 0.37 0.45
5.00 0.26 -349.92 -95.57 -255.68 -0.67 -0.93 -0.19 0.46 0.88 0.68 0.54
17.00 53.36 509.09 515.50 296.19 -0.72 0.33 -0.56 0.86 0.16 0.47 0.01
19.00 95.64 242.98 -97.57 -29.24 0.58 0.25 0.78 0.26 0.96 0.65 0.88
7.00 11.26 -328.84 -416.82 -299.99 0.94 -0.32 0.52 0.05 0.76 0.76 0.98
7.00 13.73 -248.15 -126.67 -186.03 0.15 0.24 -0.25 0.14 0.35 0.84 0.40
19.00 4.53 -506.08 364.47 403.95 -0.30 0.01 -0.89 0.73 0.56 0.08 0.96
9.00 22.81 167.85 178.42 -667.04 0.47 -0.19 0.19 0.77 0.11 0.02 0.10
7.00 14.70 -643.03 -230.48 12.14 0.43 0.75 -0.30 0.17 0.26 0.37 0.50
13.00 31.05 34.21 264.12 187.05 -0.10 0.81 0.78 0.39 0.12 0.64 0.43
10.00 7.89 740.37 -199.47 -108.12 -0.78 0.51 -0.65 0.83 0.98 0.54 0.16
19.00 53.96 -235.97 -211.88 493.51 -0.57 0.94 -0.84 0.87 0.94 0.54 0.39
20.00 70.80 75.26 -474.00 151.96 0.09 0.76 0.59 0.34 0.98 0.97 0.59
9.00 12.89 -301.62 -655.22 277.08 -0.86 -0.48 -0.89 0.55 0.47 0.83 0.74
7.00 9.58 -154.50 -341.59 584.56 0.50 -0.02 0.20 0.18 0.21 0.75 0.61
10.00 24.93 764.68 -3.96 170.35 0.04 -0.64 0.99 0.78 0.83 0.85 0.95
18.00 20.41 -523.09 402.38 119.14 0.58 0.31 -0.81 0.53 0.43 0.69 0.38
5.00 3.72 -114.48 -220.95 539.16 -0.75 0.69 -0.93 0.92 0.84 0.27 0.87
25.00 191.92 147.82 -149.23 -235.55 -0.25 0.61 0.32 0.67 0.36 0.96 0.39
15.00 20.34 -47.18 397.41 302.43 -0.68 -0.07 -0.96 0.93 0.06 0.52 0.86
13.00 15.49 -296.07 119.81 -336.18 0.21 -0.43 -0.48 0.90 0.13 0.72 0.54
6.00 6.01 527.01 -36.69 -234.36 0.88 -0.79 0.35 0.23 0.79 0.36 0.64
5.00 5.19 -24.41 -33.90 -111.91 0.33 0.11 -0.36 0.46 0.45 0.46 0.02
6.00 8.38 405.87 193.60 303.45 0.39 0.61 0.64 0.81 0.44 0.98 0.08
23.00 120.25 149.20 -23.67 622.87 -0.47 -0.15 0.77 0.55 0.14 0.21 0.71
11.00 3.39 -205.79 208.07 -687.64 0.84 -0.78 -0.75 0.97 0.81 0.25 0.30
33.00 43.43 -246.22 407.94 -624.71 0.96 -0.57 -0.25 0.78 0.62 0.29 0.33
6.00 10.23 -349.26 -610.94 -31.68 0.40 0.19 0.18 0.50 0.46 0.53 0.24
11.00 18.64 183.62 -256.00 689.77 0.07 -0.40 0.46 0.56 0.41 0.62 0.15
7.00 14.84 476.03 264.72 -95.73 -0.89 0.89 -0.60 0.89 0.39 0.75 0.54
10.00 4.50 384.07 485.41 -124.32 0.49 0.33 0.47 0.37 0.14 0.03 0.70
5.00 1.61 20.99 -404.60 -599.67 -0.91 -0.14 0.14 0.96 0.31 0.40 0.62
7.00 9.67 -291.84 65.71 738.32 0.62 -0.05 0.55 0.54 0.93 0.98 0.39
8.00 14.07 -86.31 -374.82 -364.85 -0.68 -0.21 0.07 0.72 0.26 0.53 0.46
20.00 27.44 294.44 -130.63 199.79 0.48 -0.16 -0.36 0.15 0.95 0.12 0.72
18.00 69.57 558.09 315.66 -275.39 -0.16 0.48 -0.47 0.05 0.13 0.93 0.02
10.00 6.60 -7.82 313.54 -726.88 0.73 -0.46 -0.42 0.64 0.95 0.14 0.92
15.00 12.43 574.75 -58.22 -11.99 -0.04 0.01 -0.19 0.81 0.96 0.66 0.51
7.00 6.43 -550.10 91.72 -267.96 -0.40 0.95 0.13 0.18 0.44 0.32 0.75
33.00 99.79 476.46 -582.75 -218.39 -0.86 0.55 -0.28 0.96 0.45 0.58 0.38
6.00 3.01 709.21 24.56 136.80 -0.99 -0.68 -0.33 0.40 0.76 0.64 0.02
5.00 0.61 630.49 95.50 -6.83 -0.39 0.45 -0.66 0.58 0.79 0.37 0.34
6.00 6.28 -277.37 14.16 444.78 -0.80 0.85 -0.02 0.07 0.21 0.54 0.75
15.00 58.55 -243.21 78.04 347.17 -0.92 0.61 -0.70 0.32 0.82 0.91 0.01
15.00 52.88 -60.08 -532.74 377.44 0.98 -0.47 0.61 0.07 0.99 0.78 0.63
5.00 0.64 -228.96 -324.03 -596.44 -0.82 0.33 0.42 0.69 0.74 0.64 0.59
5.00 5.53 189.94 668.98 72.67 -0.98 0.25 0.88 0.16 0.73 0.70 0.70
17.00 23.79 -647.23 347.51 255.69 -0.14 -0.41 0.60 0.08 0.04 0.85 0.40
5.00 0.58 -118.32 164.88 -23.18 -0.51 -0.33 -0.52 0.48 0.16 0.44 0.69
5.00 5.68 56.82 -599.28 373.81 -0.37 0.63 0.31 0.40 0.84 0.66 0.80
5.00 3.21 624.89 341.75 20.23 0.21 -0.62 -0.87 0.66 0.92 0.86 1.00
5.00 3.75 287.93 -21.99 213.54 0.41 0.07 0.49 0.22 0.01 0.54 0.34
7.00 2.55 -219.36 517.76 -25.14 0.93 0.43 0.28 0.23 0.76 0.18 0.32
7.00 9.34 476.93 84.27 -118.69 -0.14 0.54 0.37 0.10 0.54 0.47 0.02
7.00 13.46 21.84 -520.80 463.16 -0.50 0.47 -0.70 0.93 0.48 0.86 0.22
14.00 6.22 -396.33 615.71 61.33 -0.94 -0.19 -0.77 0.38 0.54 0.59 0.38
12.00 9.46 553.20 250.17 507.69 0.04 -0.44 0.83 0.39 0.82 0.57 0.49
12.00 6.50 1.13 -67.44 -715.36 -0.12 -0.47 0.81 0.67 0.82 0.24 0.85
7.00 3.76 -218.66 589.67 403.73 0.63 -0.71 -0.10 0.23 0.70 0.57 0.66
6.00 5.32 99.78 389.40 -456.78 -0.36 -0.28 -0.83 0.03 0.19 0.98 0.14
21.00 7.01 -344.07 -617.11 64.17 0.16 -0.44 -0.89 0.66 0.52 0.84 0.04
26.00 214.76 267.61 374.35 -436.63 -0.34 -0.23 0.51 0.13 0.76 0.45 0.58
8.00 17.86 294.42 390.54 -52.66 0.29 0.69 0.75 0.27 0.55 0.07 0.57
7.00 7.22 -617.34 507.27 34.31 -0.26 -0.04 0.56 0.52 0.97 0.57 0.38
11.00 1.33 667.79 338.36 277.18 0.82 0.20 0.03 0.57 0.59 0.39 0.91
7.00 11.18 -279.67 530.44 -290.23 -0.64 0.71 0.72 0.07 0.37 0.73 0.75
5.00 6.83 618.93 49.00 -501.76 -0.53 -0.84 -0.62 0.98 0.54 0.11 0.26
16.00 51.85 157.66 146.47 763.30 0.39 -0.18 -0.94 0.17 0.89 0.76 0.80
5.00 6.33 -319.75 -569.89 -244.06 -0.41 0.16 0.34 0.15 0.20 0.51 0.90
5.00 4.50 774.60 -165.48 -4.75 -0.67 -0.59 0.37 0.05 0.17 0.85 0.19
6.00 3.93 -80.57 -357.90 -49.37 0.56 0.23 -0.46 0.11 0.55 0.01 0.54
16.00 45.00 533.79 421.35 -170.63 -0.35 0.30 -0.33 0.42 0.55 0.72 0.51
7.00 6.65 209.06 -397.28 290.14 0.42 0.60 0.81 0.38 0.94 0.12 0.07
27.00 16.36 277.14 -206.00 358.45 -0.36 -0.69 0.06 0.46 0.18 0.85 0.05
6.00 2.20 551.07 -442.82 198.81 0.01 0.93 -0.54 0.05 0.27 0.27 0.04
11.00 0.06 -76.55 275.54 -447.37 -0.23 -0.31 -0.40 0.74 0.79 0.94 0.32
16.00 74.53 -67.72 -267.92 -101.40 -0.07 0.25 0.57 0.02 0.68 0.73 0.11
6.00 1.01 -508.21 -268.54 -208.87 -0.16 0.01 -0.77 0.34 0.65 0.54 0.24
9.00 12.32 218.52 553.60 523.34 -0.95 -0.26 0.00 0.41 0.40 1.00 0.08
32.00 4.50 -605.72 -421.93 293.19 -0.66 0.56 -0.70 0.14 0.17 1.00 0.63
11.00 6.88 -170.66 -208.25 150.53 0.81 -0.14 0.58 0.46 0.06 0.41 0.63
13.00 14.11 -67.19 352.11 551.92 -0.63 -0.11 -0.58 0.94 0.34 0.44 0.25
5.00 4.48 80.23 -86.84 -16.00 0.12 0.76 -0.76 0.38 0.19 0.43 0.99
7.00 2.24 625.02 89.74 116.93 0.48 -0.58 -0.43 0.97 0.54 0.78 0.26
9.00 10.17 -426.78 -458.45 -334.31 0.42 0.42 -0.69 0.92 0.09 0.40 0.48
15.00 37.17 -508.72 -485.87 181.46 -0.66 -0.79 0.80 0.87 0.78 0.62 0.64
8.00 15.85 -103.44 501.06 358.70 0.38 0.60 0.74 0.74 0.74 0.67 0.37
8.00 5.71 32.81 81.52 -717.50 -0.98 0.71 -0.26 0.12 0.85 0.94 0.88
11.00 14.88 360.45 -430.44 -374.06 -0.84 -0.79 0.98 0.10 0.50 0.89 0.10
20.00 116.19 391.18 56.58 -339.15 -0.29 -0.71 -0.04 0.04 0.59 0.81 0.16
8.00 9.37 404.62 589.09 -45.43 -0.00 -0.88 0.05 0.95 0.39 0.92 0.94
17.00 10.18 202.52 277.49 -492.30 0.72 0.48 -0.99 0.21 0.99 0.76 0.77
20.00 51.11 208.26 564.59 -516.46 -0.79 0.79 -0.09 0.66 0.55 0.80 0.63
13.00 12.56 27.47 95.18 -443.07 -0.02 0.76 0.96 0.79 0.57 0.99 0.17
15.00 26.17 -212.31 686.63 348.50 -0.40 -0.08 -0.66 0.35 0.12 0.04 0.51
34.00 345.84 -352.62 102.46 525.63 -0.31 0.61 0.74 0.53 0.90 0.43 0.62
33.00 272.02 62.23 -682.49 140.97 0.33 -0.68 -0.69 0.50 0.29 0.43 0.71
7.00 14.35 491.83 -269.01 -506.09 0.02 -0.59 -0.27 0.71 0.07 0.07 0.24
19.00 40.13 -80.11 -283.04 208.17 0.78 -0.79 -0.70 0.88 0.44 0.90 0.77
6.00 9.04 14.78 386.12 118.76 0.05 0.18 -0.12 0.35 0.80 0.51 0.45
25.00 190.39 -377.64 -309.20 -475.56 0.65 -0.06 0.70 0.09 0.43 0.10 0.80
9.00 7.72 121.85 256.25 709.51 -0.04 -0.78 0.89 0.48 0.12 0.20 0.90
20.00 34.83 415.07 -492.94 330.10 -0.80 -0.73 0.74 0.36 0.76 0.38 0.63
6.00 10.82 -163.44 59.92 -697.97 0.46 0.91 0.85 0.11 0.10 0.07 0.55
16.00 45.74 -17.18 -40.66 688.57 0.58 -0.68 -0.34 0.85 0.41 0.73 0.62
9.00 21.98 489.35 165.56 -459.09 0.06 -0.73 0.96 0.19 0.71 0.22 0.04
36.00 325.73 372.64 -576.59 -176.30 0.85 0.56 0.84 0.66 0.97 0.34 0.93
6.00 10.63 363.67 -681.61 -37.30 -0.61 -0.11 0.29 0.31 0.18 0.96 0.02
35.00 308.02 608.86 104.87 186.56 0.96 -0.25 0.64 0.23 0.45 0.10 0.18
8.00 16.68 515.62 -115.37 321.62 0.54 0.43 0.28 0.37 0.63 0.51 0.46
5.00 6.25 6.72 -525.14 367.55 0.86 -0.16 -0.32 0.57 0.43 0.49 0.46
9.00 3.19 -345.06 369.39 170.83 0.04 -0.38 -0.45 0.54 0.36 0.35 0.25
10.00 2.68 -311.55 -288.77 -52.00 0.12 -0.23 -0.18 0.27 0.40 0.96 0.73
32.00 43.71 -109.82 -502.34 504.19 -0.86 -0.98 -0.74 0.88 1.00 0.98 0.48
6.00 6.47 321.28 -429.47 497.13 0.78 0.26 0.34 0.18 0.18 0.19 0.49
16.00 52.02 -204.03 7.33 -342.13 0.95 0.97 0.25 1.00 0.97 0.23 0.28
6.00 1.61 330.25 28.92 -154.47 0.69 0.18 0.59 0.61 0.90 0.70 0.68
5.00 7.71 -596.26 520.07 -96.02 -0.60 0.89 0.84 0.69 0.93 0.86 0.43
9.00 15.97 334.18 -584.27 147.70 -0.44 0.34 0.69 0.46 0.34 0.44 0.28
6.00 4.27 702.86 281.40 213.24 0.51 -0.10 -0.23 0.85 0.51 0.89 0.85
6.00 4.64 409.90 461.94 82.34 0.29 -0.03 -0.49 0.80 0.39 0.07 0.08
12.00 4.54 -123.72 675.74 -324.95 0.80 0.30 0.75 0.53 0.62 0.90 0.48
5.00 6.66 -204.38 -475.49 -586.80 0.13 -0.89 0.79 0.03 0.82 0.78 0.66
8.00 17.59 143.42 36.76 -612.76 -0.78 0.54 -1.00 0.58 0.22 0.04 0.03
7.00 12.84 -545.57 -335.87 363.63 -0.42 -0.48 0.55 0.33 0.31 0.38 0.16
9.00 0.30 -247.66 510.64 215.23 -0.61 -0.63 0.34 0.64 0.27 0.66 0.24
8.00 19.47 -105.05 -89.49 -719.00 -0.48 0.91 -0.24 0.46 0.42 0.13 0.49
21.00 121.85 108.75 -358.85 679.68 -0.66 -0.71 0.30 0.81 0.20 0.49 0.20
29.00 155.71 -196.71 -571.92 319.09 0.67 0.75 0.80 0.58 0.90 0.68 0.98
18.00 14.02 426.42 504.09 -141.96 0.57 0.01 0.55 0.69 0.44 0.26 0.29
9.00 2.57 -4.73 -585.62 -375.71 -0.36 0.77 -0.82 0.56 0.91 0.97 0.04
9.00 8.02 -145.26 -478.95 176.09 -0.63 0.39 0.57 0.29 0.55 0.75 0.70
5.00 4.46 -25.40 -131.24 -506.83 0.25 0.04 0.92 0.77 0.50 0.11 0.25
6.00 11.04 -246.47 -361.62 295.40 -0.51 -0.91 0.41 0.41 0.72 0.10 0.25
5.00 3.26 426.66 295.76 -460.58 -0.81 0.81 -0.51 0.09 0.55 0.75 0.80
7.00 7.67 -83.20 385.52 282.44 0.24 0.00 -0.53 0.11 0.12 0.08 0.17
19.00 7.75 -543.71 -392.66 -143.92 -0.20 -0.61 -0.66 0.45 0.82 0.18 0.51
15.00 66.20 -179.24 -79.06 127.73 -0.17 0.62 0.94 0.15 0.03 0.96 0.49
7.00 7.52 -53.33 350.59 268.32 0.06 -0.16 0.05 0.07 0.79 0.06 0.78
7.00 2.19 402.50 507.35 -105.17 0.84 0.30 0.79 0.98 0.23 0.93 0.48
11.00 18.44 16.79 433.96 363.76 -0.18 -0.93 0.47 0.29 0.69 0.51 0.23
12.00 27.09 -125.78 -53.57 -124.67 0.22 -0.40 -0.48 0.01 0.56 0.50 0.86
12.00 27.05 204.92 561.53 -36.57 0.89 0.32 -0.12 0.00 0.59 0.95 0.05
6.00 9.97 497.46 -425.56 341.24 -0.93 0.44 0.17 0.55 0.05 0.55 0.45
10.00 26.07 25.73 188.71 -214.54 -0.91 -0.61 0.73 0.60 0.78 0.61 0.57
8.00 8.60 37.32 -57.04 -527.02 -0.54 -0.66 -0.90 0.97 0.28 0.84 0.99
35.00 175.43 -403.13 -361.50 -370.34 0.71 -0.91 0.72 0.18 0.38 0.81 0.40
5.00 0.51 -252.89 -550.33 -327.53 0.13 -0.12 0.94 0.95 0.29 0.33 0.26
5.00 1.84 -127.78 -166.50 63.55 -0.06 0.86 -0.00 0.46 0.70 0.79 0.24
15.00 44.39 -219.07 214.56 -159.56 0.80 -0.96 0.10 0.02 0.58 0.89 0.83
6.00 3.18 -162.18 15.70 445.73 0.99 0.42 -0.25 0.87 0.13 0.11 0.11
9.00 23.75 -131.69 -359.01 -513.68 -0.66 0.64 1.00 0.97 0.07 0.21 0.36
12.00 13.89 -538.11 228.26 276.02 -0.37 0.00 -0.02 0.99 0.43 0.10 0.16
6.00 3.21 155.51 -490.67 -3.48 0.53 0.06 0.26 0.68 0.47 0.10 0.77
23.00 47.31 78.18 -522.21 -221.38 -0.39 0.50 0.90 0.65 0.32 0.58 0.80
16.00 29.39 216.35 -182.41 146.65 -0.70 -0.13 0.48 0.51 0.30 0.81 0.11
14.00 2.17 -551.00 -68.68 168.64 0.39 -0.51 -0.96 0.03 0.29 0.80 0.03
15.00 28.01 -260.10 693.38 -265.90 -0.22 0.41 -0.84 0.44 0.61 0.97 0.58
7.00 7.19 -100.52 668.35 26.57 -0.33 0.02 -0.96 0.68 0.01 0.60 0.04
8.00 19.29 -90.09 30.32 -264.01 -0.50 0.08 0.99 0.90 0.58 0.12 0.66
11.00 29.54 292.24 430.43 -247.84 0.99 0.57 -0.10 0.89 0.03 0.12 0.75
17.00 22.46 -372.32 85.60 180.47 -0.93 0.63 0.21 0.22 0.51 0.93 0.99
17.00 2.03 541.51 113.77 -520.75 0.21 0.52 0.11 0.88 0.05 0.45 0.55
8.00 7.64 496.15 192.28 117.17 -0.34 -0.02 0.16 0.32 0.06 0.75 0.13
12.00 29.74 234.00 -86.37 268.92 0.16 -0.52 -0.21 0.97 0.86 0.56 0.66
8.00 0.88 340.50 -297.14 43.10 0.95 0.88 -0.66 0.54 0.39 0.27 0.55
8.00 10.55 36.97 -545.26 411.23 -0.23 -0.51 0.75 0.77 0.01 0.03 0.81
11.00 15.46 -45.64 107.34 -420.97 -0.15 -0.11 -0.50 0.70 0.51 0.36 0.30
5.00 6.65 -157.93 -37.70 -749.05 -0.55 0.28 0.05 0.18 0.64 0.47 0.02
7.00 7.85 -517.37 -153.54 104.31 0.09 0.74 0.77 0.50 0.03 0.86 0.61
9.00 10.58 49.68 -385.99 -338.81 -0.45 0.19 0.61 0.49 0.98 0.66 0.47
14.00 22.15 -145.03 481.02 -619.51 0.92 0.13 -0.69 0.95 0.78 0.70 0.62
9.00 14.56 329.16 -298.51 -160.23 -0.50 0.61 0.94 0.13 0.73 0.86 0.05
5.00 5.19 121.90 -155.62 -210.31 -0.28 0.93 -0.33 0.19 0.14 0.38 0.24
12.00 11.08 236.74 19.02 718.61 0.40 0.23 0.38 0.18 0.56 0.27 0.33
6.00 1.32 674.34 -157.91 290.49 0.54 -0.80 0.60 0.85 0.66 0.05 0.68
35.00 288.10 -91.71 -267.54 -312.62 -0.45 -0.53 -0.93 0.04 0.56 0.34 0.04
10.00 10.97 -236.30 171.92 226.05 -0.37 -0.88 0.72 0.28 0.76 0.58 0.25
9.00 10.47 -174.58 586.58 290.28 0.93 -0.03 0.69 0.20 0.17 0.29 0.87
7.00 1.22 50.22 -402.16 15.58 -0.86 -0.52 0.34 0.85 0.98 0.16 0.96
9.00 25.10 -125.98 -738.97 -133.58 -0.76 0.86 0.79 0.16 0.37 0.37 0.52
10.00 22.25 -112.67 336.07 -21.06 -0.46 0.26 0.36 0.22 0.34 0.13 0.35
6.00 8.63 480.59 -270.32 182.78 0.56 -0.10 0.12 0.03 0.82 0.26 0.20
5.00 2.70 136.77 766.26 118.86 -0.64 0.09 -0.24 0.02 0.08 0.82 0.50
9.00 1.05 -296.47 99.81 -119.10 0.69 0.71 0.66 0.52 0.06 0.35 0.90
8.00 17.76 110.83 226.33 594.90 0.21 -0.09 -0.87 0.02 0.74 0.67 0.85
5.00 4.00 532.87 -192.64 138.85 -0.11 -0.08 0.92 0.45 0.18 0.44 0.75
13.00 30.87 58.55 405.67 532.18 -0.42 0.36 0.10 0.83 0.29 0.86 0.23
6.00 7.08 -431.32 -103.80 637.48 0.89 -0.98 0.58 0.07 0.72 0.23 0.24
7.00 2.20 -634.56 316.73 213.78 0.81 0.50 0.44 0.69 0.55 0.36 0.81
10.00 25.04 405.66 213.62 72.48 0.82 -0.02 -0.51 0.97 0.83 0.67 0.97
16.00 74.80 -331.25 198.72 -464.86 -0.10 0.95 0.34 0.54 0.41 0.73 0.17
5.00 1.34 766.61 62.58 -74.96 -0.47 -0.93 0.34 0.83 0.21 0.08 0.89
5.00 3.46 -54.07 -771.24 49.20 -0.40 -0.82 -0.89 0.86 0.66 0.82 0.80
10.00 22.01 -385.62 33.31 558.97 -0.32 0.55 0.18 0.22 0.47 0.75 0.49
25.00 105.63 -275.36 706.72 -165.71 -0.20 0.45 -0.60 0.55 0.74 0.57 0.32
6.00 10.54 195.26 18.05 159.94 0.48 0.93 -0.30 0.79 0.41 0.68 0.10
21.00 49.78 26.53 -184.07 -755.61 0.22 0.35 -0.54 0.74 0.64 0.58 0.16
5.00 1.49 -378.18 -127.26 167.84 -0.37 0.69 -0.27 0.03 0.89 0.30 0.56
14.00 18.50 -327.11 72.44 -700.92 0.86 -0.75 0.07 0.73 0.48 0.02 0.43
8.00 2.44 -60.21 -24.63 699.06 0.45 0.82 0.77 0.68 0.67 0.62 0.41
5.00 7.91 58.89 21.78 420.40 0.26 -0.36 -0.85 0.22 0.50 0.60 0.62
11.00 33.09 188.29 -343.62 -554.85 -0.58 0.69 -0.86 0.60 0.74 0.87 0.81
9.00 3.62 -388.98 -663.92 -128.92 0.96 0.69 0.75 0.75 0.51 0.33 0.53
5.00 5.24 69.64 489.48 -12.90 0.70 0.57 0.18 0.38 0.56 0.17 0.92
14.00 43.50 -49.92 460.48 -230.93 0.53 -0.97 -0.00 0.97 0.44 0.43 0.74
5.00 0.04 561.39 331.08 -355.52 -0.26 0.57 0.69 0.79 0.64 0.98 0.81
12.00 33.99 -6.42 226.13 512.10 0.22 -0.72 0.36 0.77 0.50 0.33 0.38
11.00 26.95 381.02 -315.78 520.39 -0.02 0.86 0.77 0.88 0.93 0.93 0.53
14.00 52.44 482.70 -622.58 33.44 0.48 0.05 0.41 0.06 0.13 0.04 0.12
24.00 12.07 46.87 -379.01 48.29 -0.66 0.81 -0.04 0.09 0.28 0.46 0.38
12.00 5.65 -214.50 -422.08 481.51 -0.91 0.91 -0.28 0.72 0.20 0.39 0.92
12.00 18.27 -126.31 -110.93 -776.60 0.52 -0.30 -0.50 0.43 0.85 0.53 0.05
6.00 0.62 -231.82 84.36 -165.68 -0.75 0.68 -0.86 0.19 0.07 0.82 0.05
10.00 10.44 -437.14 263.90 -176.76 -0.09 0.00 0.69 0.07 0.34 0.95 0.98
11.00 13.70 387.10 -33.07 366.55 0.98 0.96 -0.50 0.02 0.88 0.14 0.76
7.00 8.92 -243.40 -420.11 -409.65 0.21 0.93 -0.42 0.94 0.04 0.43 0.47
7.00 15.50 28.91 -785.55 -140.07 -0.94 0.89 -0.92 0.21 0.54 0.61 0.02
25.00 18.36 200.95 539.95 -221.64 0.62 -0.82 -0.35 0.61 0.09 0.89 0.07
8.00 19.45 465.25 214.94 -68.47 0.67 -0.09 -0.54 0.84 0.09 0.10 0.27
35.00 53.96 69.63 -768.30 207.25 -0.31 0.15 -0.04 0.36 0.43 0.31 0.49
8.00 13.57 -90.48 477.16 -150.34 -0.21 0.55 0.32 0.08 0.25 0.33 0.77
38.00 315.14 -37.21 -122.91 283.04 0.25 -0.80 -0.66 0.33 0.21 0.92 0.21
12.00 17.88 -24.85 384.07 -292.12 -0.38 0.79 -0.01 0.16 0.78 0.48 0.06
21.00 82.81 409.42 483.63 -476.07 0.83 -0.23 -0.51 0.18 0.62 0.83 0.11
9.00 17.05 67.11 -7.51 273.28 0.72 0.61 -0.76 0.38 0.68 0.11 0.22
6.00 8.57 763.69 136.43 65.07 -0.43 0.36 0.91 0.30 0.99 0.12 0.19
8.00 0.03 349.71 17.25 -503.01 -0.11 0.18 0.55 0.45 0.16 0.20 0.44
14.00 54.95 -242.06 -186.34 -668.15 -0.09 0.64 -0.49 0.81 0.62 0.35 0.15
6.00 8.52 285.99 300.80 628.64 0.09 0.77 0.17 0.14 0.80 0.68 0.47
16.00 34.14 -285.42 512.56 -84.31 -0.42 0.31 0.01 0.84 0.58 0.71 0.21
16.00 18.90 -359.79 247.74 647.89 -0.08 0.66 0.16 0.93 0.99 0.68 0.41
10.00 28.56 737.03 -137.47 74.10 -0.71 -0.65 0.07 0.82 0.79 0.22 0.74
6.00 8.73 -104.36 -60.49 59.46 -0.44 -0.52 -0.03 0.54 0.37 0.47 0.38
12.00 22.12 -238.90 -296.75 76.91 -0.09 -0.75 -0.84 0.73 0.37 0.94 0.40
24.00 123.79 462.54 -258.38 324.55 0.89 0.10 -0.95 0.61 0.73 0.95 0.59
7.00 9.54 -326.26 67.98 287.65 0.81 -0.18 0.94 0.32 0.20 0.58 0.84
10.00 30.20 -355.39 -436.43 128.04 0.19 0.82 -0.93 0.61 0.50 0.08 0.30
34.00 48.56 -201.86 13.27 -714.58 0.76 0.11 -0.30 0.75 0.75 0.67 0.14
16.00 69.95 264.96 380.41 466.31 0.92 -0.53 0.13 0.78 0.70 0.60 0.42
6.00 8.77 -2.55 -537.20 506.72 0.67 0.06 -0.97 0.86 0.76 0.93 0.74
16.00 43.89 -236.49 241.03 482.61 -0.65 -0.43 -0.37 0.21 0.73 0.87 0.91
7.00 6.32 112.10 394.82 196.85 0.43 0.20 0.54 0.61 0.17 0.16 0.49
6.00 5.77 -605.40 -513.25 -44.41 0.91 0.70 0.46 0.31 0.03 0.01 0.42
15.00 19.39 105.81 98.73 -755.12 -0.05 0.02 0.63 0.63 0.98 0.34 0.13
6.00 9.70 382.89 342.42 -316.07 -0.60 0.26 0.97 0.02 0.91 0.35 0.26
26.00 34.77 -610.39 224.33 311.59 -0.92 -0.13 -0.97 0.62 1.00 0.88 0.16
20.00 61.49 290.28 564.91 -253.92 -0.03 0.14 -0.22 0.19 0.31 0.16 0.21
19.00 99.71 95.06 -516.64 -444.35 0.98 0.77 0.08 0.77 0.10 0.22 0.05
6.00 1.51 237.97 -32.17 -472.54 -0.42 -1.00 -0.70 0.63 0.88 0.33 0.14
11.00 8.36 -342.21 343.24 -406.39 0.74 -0.52 -0.18 0.71 0.28 0.15 0.88
6.00 11.45 98.74 448.43 -334.27 0.76 0.41 0.61 0.15 0.71 0.34 0.10
24.00 103.64 -164.61 -56.94 340.03 0.94 0.31 -0.81 1.00 0.88 0.64 0.30
8.00 8.18 250.25 70.12 391.13 -0.92 0.66 -0.16 0.55 0.42 0.55 0.93
6.00 7.34 117.20 -727.30 -46.59 0.47 -0.06 0.55 0.21 0.86 0.78 0.32
6.00 5.50 -333.85 85.19 436.37 0.52 0.58 -0.47 0.90 0.41 0.95 0.98
22.00 12.48 -540.90 81.25 -309.32 -0.45 0.66 -0.80 0.73 0.81 0.21 0.53
34.00 61.24 117.39 56.27 630.99 0.75 -0.71 -0.55 0.67 0.97 0.14 0.51
10.00 15.47 274.95 103.93 -120.68 -0.55 0.15 0.85 0.19 0.40 0.33 0.29
8.00 2.33 -227.79 -462.80 -17.04 0.94 0.15 -0.88 0.86 0.61 0.60 0.59
7.00 2.95 400.03 581.94 40.21 -0.74 0.44 0.62 0.68 0.87 0.98 0.02
14.00 62.20 -575.22 504.75 5.38 -0.95 -0.01 0.18 0.15 0.77 0.26 0.26
7.00 13.41 -374.36 -368.86 188.80 0.39 0.27 -0.86 0.27 0.25 0.74 0.97
37.00 59.01 390.40 204.63 648.93 0.38 0.32 0.65 0.42 0.32 0.94 0.48
12.00 22.59 -325.01 169.93 672.68 0.44 -0.52 0.66 0.32 0.87 0.07 0.02
10.00 21.75 -136.26 -269.26 697.24 -0.33 0.29 0.09 0.42 0.62 0.25 0.57
6.00 2.86 336.05 422.02 582.69 0.23 -0.22 0.69 0.01 0.84 0.04 0.72
8.00 10.49 -381.51 -409.66 -64.72 -0.43 0.18 0.94 0.85 0.71 0.23 0.32
10.00 28.58 -15.34 69.01 -430.46 0.11 -0.85 0.44 0.67 0.85 0.18 0.01
8.00 20.49 -242.13 751.75 -83.57 0.32 0.54 0.31 0.05 0.46 0.88 0.89
15.00 48.30 -372.38 -227.13 90.87 0.40 0.40 0.48 0.96 0.57 0.17 0.66
17.00 79.48 -174.39 -463.88 322.68 -0.64 0.20 -0.19 0.15 0.11 0.29 0.47
7.00 14.04 -684.65 39.43 -152.71 0.58 0.01 -0.43 0.81 0.09 0.17 0.04
6.00 8.32 -536.98 299.75 -322.77 -0.30 -0.56 -0.53 0.55 0.09 0.17 0.18
9.00 17.08 382.85 227.96 -121.18 -0.20 0.32 0.69 0.11 0.95 0.95 0.88
12.00 16.71 14.68 685.13 -53.65 0.41 -0.39 0.69 0.59 0.02 0.48 0.86
12.00 33.09 -542.49 -432.88 312.67 0.80 -0.99 -0.77 0.96 0.88 0.65 0.48
9.00 15.39 544.96 255.10 481.70 -0.57 -0.05 0.87 0.41 0.88 0.38 0.96
17.00 79.44 435.68 -593.28 14.47 0.89 0.57 0.78 0.63 0.62 0.39 0.18
7.00 7.67 309.03 196.04 628.12 -0.26 0.78 0.72 0.08 0.66 0.38 0.50
9.00 15.07 354.22 -230.17 -295.16 -0.48 -0.63 -0.86 0.25 0.82 0.20 0.30
15.00 55.42 -280.83 -51.68 502.90 0.02 0.36 0.80 0.83 0.72 0.25 0.11