2.94 1385
5.00 5.26 586.33 182.01 -350.19 0.75 0.11 -0.71 0.06 0.67 0.24 0.81
12.00 8.31 -644.92 200.15 81.06 0.21 -0.38 -0.62 0.50 0.58 0.16 0.42
5.00 1.57 -105.24 327.67 574.81 0.01 0.72 -0.10 0.34 0.34 0.18 0.28
13.00 10.76 125.47 412.82 469.86 -0.65 -0.98 -0.60 0.63 0.92 0.96 0.31
8.00 11.90 -406.02 -411.33 181.59 0.52 -0.21 -0.86 0.92 0.78 0.13 0.23
7.00 10.72 270.58 -299.38 -168.79 0.24 -0.66 -0.94 0.49 0.90 0.94 0.29
8.00 4.06 -361.78 -491.50 -328.97 -0.04 -0.35 0.64 0.35 0.94 0.47 0.22
7.00 12.19 142.63 218.63 -506.21 -0.23 -0.48 0.88 0.00 0.70 0.54 0.36
9.00 11.67 -346.74 -249.71 583.14 0.70 0.72 0.10 0.93 0.12 0.48 0.36
7.00 12.18 217.87 -31.75 312.80 -0.19 0.04 -0.93 0.64 0.81 0.99 0.70
6.00 9.45 294.68 204.33 114.68 0.71 -0.28 0.73 0.87 0.46 0.71 0.25
12.00 23.14 -544.99 137.59 41.48 -0.68 -1.00 0.95 0.91 0.24 0.81 0.54
25.00 21.11 207.41 51.64 198.48 0.72 0.55 -0.15 0.77 0.69 0.94 0.10
16.00 51.08 -367.08 -336.19 1.43 -0.71 0.52 -0.84 0.14 0.65 0.64 0.31
16.00 9.80 237.94 -1.28 -250.43 0.94 -0.91 0.08 0.24 0.71 0.54 0.52
9.00 18.70 -46.82 388.67 654.99 0.44 0.81 -0.84 0.24 0.81 0.76 0.44
16.00 14.62 -108.91 16.83 461.34 -0.36 0.12 -0.84 0.29 0.77 0.03 0.95
7.00 11.07 -26.89 -161.06 635.26 -0.67 -0.34 -0.36 0.10 0.66 0.83 0.91
24.00 107.03 -49.06 209.46 335.39 0.01 0.13 0.14 0.91 0.16 0.06 0.57
7.00 1.17 204.78 -107.59 283.63 0.67 -0.51 0.65 0.06 0.64 0.55 0.92
25.00 57.49 -56.40 313.79 -387.13 -0.67 0.23 0.50 0.76 0.37 0.59 0.63
8.00 9.59 -129.94 46.64 11.83 0.53 0.28 0.00 0.12 0.51 0.23 0.90
25.00 14.04 172.36 421.96 -241.77 -0.18 -0.37 0.79 0.13 0.36 0.25 0.22
19.00 87.48 -445.12 453.42 -212.58 0.99 0.41 -0.76 0.83 0.54 0.97 0.51
8.00 6.49 48.44 -301.42 -496.55 0.60 0.59 0.60 0.35 0.74 0.45 0.21
26.00 20.19 -195.48 -241.15 -151.55 -0.62 -0.65 -0.65 0.63 0.98 0.53 0.99
7.00 9.37 -598.12 -255.42 207.05 0.32 0.03 0.85 0.08 0.37 0.73 0.66
10.00 25.46 -190.36 61.93 259.86 -0.66 -0.57 0.00 0.54 0.23 0.27 0.51
17.00 17.20 -648.13 -316.34 -233.85 -0.30 -0.17 -0.31 0.51 0.80 0.15 0.90
8.00 3.63 168.95 69.20 -286.56 0.24 -0.65 -0.72 0.67 0.52 0.24 0.04
7.00 10.07 571.28 230.58 199.55 0.17 0.20 0.87 0.02 0.90 0.32 0.92
7.00 6.23 479.58 -138.65 -559.14 -0.62 -0.13 0.52 0.29 0.39 0.54 0.55
9.00 1.07 285.13 -159.83 -133.86 0.76 -0.81 -0.40 0.11 0.51 0.17 0.63
27.00 15.12 457.93 379.99 438.65 -0.33 -0.41 -0.76 0.89 0.10 0.49 0.01
8.00 10.06 -712.65 50.34 185.42 -0.93 -0.76 -0.26 0.73 0.50 0.76 0.81
8.00 2.21 121.46 -530.86 539.26 -0.22 0.78 0.59 0.21 0.75 0.03 0.42
9.00 11.76 706.04 -279.44 -79.72 0.37 -0.42 0.50 0.30 0.37 0.01 0.83
6.00 9.61 226.50 -734.65 75.44 -0.16 -0.54 0.06 0.89 0.08 0.17 0.35
12.00 6.42 563.94 121.17 392.48 -0.99 0.10 -0.17 0.63 0.94 0.39 0.46
9.00 19.14 218.05 27.01 -215.92 0.36 -0.40 0.44 0.57 0.76 0.43 0.42
8.00 15.89 -439.49 598.97 -176.20 0.97 -0.09 0.28 0.81 0.82 0.51 0.24
8.00 8.05 -698.62 -142.67 -47.52 0.12 0.61 -0.58 0.89 0.03 0.96 0.49
19.00 49.33 3.19 133.93 736.53 -0.98 0.12 -0.45 0.21 0.42 0.60 0.40
29.00 82.43 291.63 -193.57 235.20 0.73 0.18 0.12 0.60 0.36 0.92 0.15
5.00 0.56 92.65 -473.92 -124.71 -0.70 0.70 0.70 0.79 0.73 0.21 0.51
9.00 16.99 -308.75 627.00 113.67 0.80 -0.93 -0.35 0.38 0.18 0.76 0.83
20.00 14.75 -399.94 -504.04 -25.50 0.70 -0.49 -0.38 0.51 0.01 0.66 0.19
10.00 15.52 19.65 -706.57 -193.27 0.78 -0.78 -0.60 0.17 0.58 0.35 0.21
9.00 2.26 607.97 314.02 -381.68 -0.03 -0.67 -0.52 0.42 0.47 0.93 0.92
8.00 7.36 24.80 -745.10 -266.07 -0.01 0.49 0.75 0.66 0.42 0.17 0.76
15.00 17.80 13.90 396.82 -664.20 -0.94 -0.12 -0.61 0.81 0.57 0.62 0.89
9.00 4.93 -140.91 -232.70 581.54 -0.08 -0.62 -0.63 0.17 0.75 0.79 0.03
11.00 18.83 -54.03 86.08 58.15 -0.14 -0.70 -0.36 0.52 0.76 0.57 0.88
21.00 51.60 180.33 502.93 304.66 -0.88 0.93 0.19 0.56 0.65 0.30 0.95
7.00 3.27 355.12 344.28 -427.67 -0.98 -0.50 -0.00 0.73 0.43 0.80 0.87
15.00 30.89 -8.20 -610.28 -466.97 -0.47 0.99 -0.12 0.68 0.09 0.58 0.88
6.00 8.13 401.17 -228.30 -471.47 0.46 0.18 -0.02 0.64 0.62 0.50 0.86
5.00 2.34 -482.64 347.45 -399.32 -0.06 0.10 0.44 0.24 0.19 0.30 0.72
13.00 25.28 -426.10 234.42 14.81 0.70 -0.59 -0.43 0.98 0.50 0.05 0.06
5.00 5.85 -5.84 57.51 154.54 0.42 0.45 -0.66 0.44 0.72 0.79 0.46
6.00 2.54 -271.19 255.94 -588.90 -0.22 0.79 0.94 0.58 0.25 0.27 0.94
19.00 11.11 -393.64 96.80 684.19 0.33 -0.25 -0.56 0.53 0.07 0.75 0.56
7.00 7.50 274.39 -142.60 -139.79 -0.90 0.96 0.07 0.95 0.59 0.95 0.99
5.00 1.18 52.06 435.98 597.57 -0.15 -0.77 0.43 0.44 0.14 0.84 0.57
18.00 48.23 77.17 239.08 699.00 0.81 0.33 0.43 0.68 0.19 0.58 0.60
5.00 6.27 -448.29 -279.88 435.33 -0.59 -0.54 -0.58 0.71 0.59 0.66 0.35
13.00 35.83 -208.73 322.18 248.26 0.09 -0.56 0.70 0.79 0.86 0.49 0.22
6.00 0.63 -89.87 -58.41 386.97 -0.41 0.71 0.84 0.23 0.20 0.85 0.81
25.00 129.23 357.11 -29.35 473.41 -0.42 0.56 0.03 0.95 0.03 0.74 0.34
12.00 9.57 -571.80 -347.66 139.71 0.46 -0.93 0.50 0.19 0.29 0.43 0.87
11.00 4.10 551.95 -283.15 108.19 -0.95 0.23 0.85 0.63 0.01 0.17 0.41
12.00 6.42 505.64 -195.03 138.47 -0.95 0.62 -0.85 0.08 0.08 0.23 0.48
11.00 25.01 549.16 -275.42 347.87 -0.39 -0.33 0.39 0.39 0.03 0.58 0.63
11.00 0.16 654.27 304.44 -246.97 0.18 0.80 -0.82 0.88 0.85 0.63 0.02
12.00 10.45 18.87 -213.91 -326.44 -0.10 0.25 -0.22 0.14 0.73 0.99 0.32
18.00 86.19 -26.39 -394.33 217.14 -0.82 0.37 0.90 0.88 0.83 0.35 0.56
14.00 30.36 -255.56 333.33 166.39 -0.72 0.69 -0.03 0.19 0.66 0.71 0.71
13.00 37.72 -257.86 138.40 -664.15 0.93 0.66 -0.43 0.91 0.76 0.20 0.65
7.00 11.36 -155.25 -300.37 -709.64 -0.12 0.23 -0.82 0.35 0.82 0.81 0.28
9.00 20.10 -299.77 -404.67 -81.46 -0.15 0.95 0.95 0.99 0.81 0.02 0.36
6.00 3.65 428.55 28.05 -414.23 -0.90 0.16 -0.99 0.15 0.72 0.59 0.57
6.00 5.81 -110.04 37.23 -313.28 -0.97 0.64 -0.21 0.43 0.78 0.54 0.29
19.00 76.54 608.83 -428.89 -279.71 -0.64 0.21 -0.61 0.45 0.47 0.08 0.81
24.00 117.76 78.45 -248.25 755.08 -0.52 -0.06 -0.31 0.93 0.53 0.10 0.66
7.00 5.26 -511.44 -536.84 -267.50 0.29 -0.63 0.17 0.60 0.80 0.10 0.04
5.00 4.08 -553.35 256.84 454.59 -0.52 0.94 -0.03 0.22 0.44 0.33 0.32
9.00 17.15 -543.25 -74.87 46.82 0.63 0.46 0.36 0.30 0.27 0.46 0.24
5.00 3.33 77.13 524.11 -391.67 -0.27 0.19 -0.78 0.36 0.71 0.11 0.94
5.00 4.77 -42.27 242.29 -470.64 0.72 0.45 0.27 0.88 0.46 0.34 0.26
7.00 0.99 -370.42 -295.41 -58.59 0.88 0.57 -0.55 0.45 0.82 0.50 0.91
13.00 4.53 -291.60 -181.91 -233.13 0.58 0.44 -0.69 0.94 0.06 0.94 0.85
16.00 30.51 -438.61 -474.60 -3.88 -0.27 -0.60 -0.80 0.79 1.00 0.69 0.58
6.00 7.02 277.80 112.22 -89.36 0.39 -0.58 0.33 0.14 0.60 0.97 0.25
5.00 5.14 5.45 -263.04 400.15 0.38 -0.50 -0.52 0.13 0.62 0.39 0.58
6.00 8.77 434.02 -59.71 604.16 0.74 -0.16 0.83 0.23 0.30 0.73 0.30
16.00 27.78 -69.55 597.95 240.80 0.74 -0.15 -0.63 0.13 0.05 0.06 0.34
16.00 20.50 -100.70 47.01 156.71 0.90 -0.16 0.93 0.04 0.89 0.31 0.00
6.00 3.12 -196.24 -235.45 -514.11 0.31 0.70 -0.66 0.94 0.02 0.31 0.76
12.00 28.97 -18.67 287.95 -403.48 -0.67 0.87 -0.18 0.85 0.51 0.99 0.04
8.00 2.29 285.52 157.66 -551.00 -0.59 -0.05 0.19 0.67 0.11 0.56 0.45
19.00 36.63 125.49 508.06 -283.37 -0.95 -0.71 -0.40 0.55 0.63 0.94 0.12
5.00 1.55 41.42 577.32 13.87 0.49 -0.04 -0.38 0.64 0.93 0.88 0.84
8.00 4.87 -464.88 164.10 -472.44 0.83 0.34 0.13 0.06 0.65 0.71 0.02
6.00 9.43 94.41 -508.96 460.77 -0.31 -0.32 -0.57 0.45 0.97 0.49 0.27
15.00 14.51 232.39 -247.51 353.50 -0.92 -0.58 0.59 0.95 0.25 0.45 0.38
9.00 21.19 132.42 -729.16 79.28 -0.56 -0.14 0.94 0.02 0.70 0.98 0.14
17.00 38.28 -22.08 -599.02 292.14 0.02 -0.02 0.15 0.66 0.99 0.90 0.17
9.00 16.85 172.98 154.85 618.61 -0.28 -0.04 -0.15 0.53 0.82 0.55 0.12
34.00 225.56 -201.86 13.27 -714.58 0.70 0.33 -0.23 0.23 0.71 0.85 0.89
33.00 42.50 148.64 -523.88 -256.05 0.66 0.18 -0.35 0.13 0.60 0.10 0.15
11.00 18.45 183.62 -256.00 689.77 0.45 0.17 -0.78 0.85 0.32 0.82 0.19
16.00 47.72 414.68 134.06 -437.76 0.23 0.97 0.11 0.46 0.17 0.19 0.30
8.00 10.09 -420.75 -344.56 59.04 0.85 0.95 -0.63 0.72 0.08 0.26 0.55
6.00 0.20 162.10 -16.97 -672.54 0.07 0.75 0.31 0.25 0.95 0.67 0.06
12.00 3.61 419.35 -450.70 332.58 -0.29 0.95 0.65 0.00 0.92 0.95 0.83
11.00 6.10 -347.30 -66.83 554.69 -0.81 -0.54 -0.66 0.76 0.89 0.16 0.21
8.00 15.69 482.98 140.02 252.10 -0.62 -0.78 -0.42 0.61 0.21 0.19 0.70
10.00 11.81 -679.26 -113.28 309.69 0.86 -0.36 -0.71 0.17 0.18 0.84 0.43
5.00 0.08 257.21 691.73 -249.38 -0.02 0.96 0.61 0.58 0.77 0.75 0.17
9.00 14.47 86.46 -257.97 -400.98 -0.05 0.82 0.44 0.76 0.51 0.27 0.69
8.00 13.68 220.91 49.98 641.62 -0.27 -0.06 0.04 0.80 0.10 0.44 0.12
6.00 4.15 -491.10 89.01 229.42 -0.53 -0.81 -0.92 0.70 0.46 0.19 0.22
14.00 40.11 363.98 477.37 -70.62 0.66 -0.86 0.44 0.26 0.65 0.70 0.20
5.00 0.59 -183.97 205.33 399.35 -0.82 0.02 0.23 0.56 0.14 0.15 0.59
8.00 6.99 -92.29 -709.08 -299.47 0.70 0.90 0.51 0.10 0.32 0.29 0.17
30.00 84.94 -274.15 226.41 -134.94 -0.95 -0.42 -0.87 0.59 0.10 0.83 0.52
10.00 5.18 589.68 302.85 42.17 -0.18 0.68 0.82 0.77 0.52 0.97 0.44
28.00 65.08 4.49 -376.85 519.62 -0.27 0.37 -0.67 0.18 0.37 0.79 0.50
14.00 39.80 232.24 -477.07 48.58 -0.64 -0.58 -0.42 0.57 0.78 0.62 0.93
5.00 2.34 -612.75 489.03 -126.65 0.08 0.58 -0.06 0.86 0.04 0.01 0.86
14.00 47.34 605.62 -147.51 -490.01 -0.21 -0.85 -0.69 0.39 0.15 0.28 0.13
14.00 27.65 -450.87 -541.69 104.14 -0.45 0.34 -0.96 0.90 0.95 0.59 0.23
12.00 33.77 -299.97 -726.75 143.41 -0.46 0.60 -0.57 0.27 0.58 0.74 0.77
5.00 5.12 -171.97 737.23 -160.73 0.56 -0.86 0.02 0.04 0.34 0.84 0.17
9.00 14.33 150.00 193.87 -732.78 0.60 -0.50 -0.94 0.99 0.52 0.12 0.15
5.00 6.67 -159.97 525.52 -153.55 -0.56 -0.57 -0.67 0.48 0.80 0.38 0.65
10.00 15.66 -193.79 76.43 197.67 0.87 0.43 0.19 0.00 0.86 0.47 0.14
15.00 37.02 300.10 -337.48 612.87 -0.06 0.49 0.40 0.79 0.74 0.71 0.82
8.00 2.92 158.68 -447.56 -419.08 -0.02 -0.07 -0.05 0.40 0.03 0.15 0.39
15.00 18.30 -78.06 153.07 -165.41 0.36 0.20 0.38 0.27 0.04 0.79 0.35
23.00 108.97 -390.08 619.32 -12.51 0.41 0.81 0.06 0.98 0.68 0.28 0.63
7.00 10.43 -83.04 -563.46 -557.23 0.91 -0.89 0.09 0.37 0.82 0.14 0.27
14.00 25.78 484.52 -503.41 36.62 0.90 -0.62 0.93 0.81 0.82 0.53 0.48
6.00 5.03 599.37 -279.00 -62.50 -0.86 -0.58 0.12 0.12 0.78 0.45 0.08
7.00 4.51 220.52 706.74 -137.50 -0.20 -0.11 -0.67 0.34 0.05 0.03 0.91
9.00 15.92 346.15 -113.82 474.98 -0.87 0.90 -0.68 0.04 0.87 0.20 0.37
6.00 8.56 444.46 -645.12 78.19 0.42 -0.49 -0.88 1.00 0.38 0.11 0.10
13.00 17.32 -184.74 -310.46 -391.59 0.97 0.49 0.96 0.85 0.93 0.24 0.65
10.00 26.18 -294.85 5.66 525.34 -0.61 -0.73 0.28 0.28 0.67 0.02 0.69
9.00 9.20 138.93 -35.19 -749.57 -0.57 -0.02 -0.07 0.09 0.08 0.33 0.57
11.00 13.31 304.63 -198.33 -14.57 0.68 0.47 -0.65 0.34 0.46 0.36 0.62
6.00 7.87 136.27 -163.09 541.87 0.07 -0.17 -0.15 0.17 0.29 0.35 0.34
13.00 19.94 114.59 18.70 434.18 -0.47 -0.93 0.77 0.85 0.33 0.68 0.03
8.00 3.11 356.58 -683.22 -138.25 -0.37 0.70 0.66 0.84 0.48 0.60 0.47
11.00 27.08 326.52 -84.42 -413.92 0.87 -0.24 0.26 0.92 0.94 0.82 0.03
24.00 141.90 -433.86 -117.35 -119.97 -0.22 -0.97 -0.88 0.58 0.38 0.10 0.25
36.00 223.08 95.50 115.33 -217.06 -0.55 0.67 0.57 0.64 0.73 0.02 0.73
11.00 0.15 -187.92 -519.74 -510.07 0.40 -0.65 0.94 0.49 0.84 0.91 0.43
10.00 15.88 -70.04 382.43 -446.81 -0.64 0.41 0.23 0.56 0.35 0.90 0.90
8.00 6.27 -471.87 294.51 201.42 0.71 0.81 -0.39 0.81 0.04 0.96 0.68
11.00 8.72 -76.95 260.34 113.13 -0.69 0.39 -0.60 0.84 0.81 0.15 0.81
8.00 11.83 -403.96 586.18 -33.23 -0.76 -0.30 0.71 0.94 0.53 0.73 0.21
24.00 116.73 313.40 -489.31 270.23 -0.21 -0.34 -0.21 0.65 0.05 0.48 0.46
8.00 11.36 -47.58 632.15 -423.44 -0.84 -0.51 0.68 0.99 0.43 0.19 0.48
6.00 8.39 132.62 379.17 -294.52 -0.40 0.48 -0.78 0.37 0.50 0.02 0.03
9.00 4.20 203.23 -543.72 529.92 0.31 -0.65 0.37 0.28 0.70 0.38 0.41
6.00 5.31 113.49 211.78 -585.42 0.14 -0.44 0.53 0.43 0.72 0.74 0.39
11.00 0.12 3.96 -450.32 -74.34 -0.66 -0.95 -0.84 0.48 0.69 0.42 0.15
6.00 3.08 202.75 20.41 -26.51 -0.57 0.70 -0.10 0.11 0.35 0.06 0.01
7.00 5.50 -171.69 174.10 -147.53 0.00 0.81 0.35 0.89 0.84 0.02 0.34
8.00 1.41 111.47 -4.32 304.83 0.07 -0.82 0.87 0.35 0.15 0.77 0.24
10.00 20.92 -184.69 -444.94 -529.96 0.46 -0.20 -0.15 0.97 0.24 0.73 0.38
5.00 2.30 361.45 -167.25 -216.01 -0.51 -0.38 0.05 0.30 0.50 0.01 0.29
5.00 3.62 57.83 -622.84 -383.71 -0.07 0.48 0.67 0.10 0.71 0.23 0.93
8.00 15.99 618.61 -405.75 -153.30 -0.81 -0.29 0.71 0.36 0.27 0.13 0.50
11.00 28.36 457.14 -621.68 153.51 -0.03 -0.59 -0.65 0.05 0.44 0.48 0.85
10.00 23.25 493.52 -170.85 154.91 0.90 0.94 -0.62 0.74 0.69 0.97 0.20
10.00 17.05 -560.68 -71.05 -205.69 -0.24 -0.39 -0.95 0.30 0.82 0.26 0.13
19.00 31.08 -168.70 -245.14 -615.19 -0.33 -0.76 0.55 0.76 0.99 0.27 0.60
10.00 1.75 5.90 132.16 -106.52 -0.77 -0.88 0.12 0.34 0.68 0.19 0.15
5.00 3.06 246.43 -22.53 349.02 -0.83 0.56 -0.23 0.06 0.94 0.39 0.28
28.00 65.46 -524.83 67.22 585.82 -0.47 0.37 -0.58 0.70 0.09 0.19 0.88
6.00 6.14 -417.98 -51.35 -225.28 0.06 -0.90 -0.82 0.97 0.01 0.73 0.27
15.00 8.47 -400.95 -202.01 365.29 -0.66 -0.34 -0.47 0.85 0.73 0.67 0.42
5.00 3.97 74.02 106.08 -550.15 -0.65 -0.88 0.36 0.37 0.79 0.21 0.58
15.00 52.47 -76.76 750.71 -170.35 0.80 0.64 0.55 0.14 0.96 0.80 0.76
11.00 17.28 414.94 -518.36 49.71 0.75 0.32 -0.68 0.64 0.91 0.28 0.58
10.00 22.04 489.31 10.82 -369.75 -0.25 -0.67 0.42 0.83 0.85 0.84 0.16
22.00 37.05 -310.16 -87.61 299.20 0.16 -0.25 0.79 0.69 0.85 0.92 0.86
10.00 5.68 -332.69 295.22 437.92 0.50 -0.40 0.46 0.28 0.28 0.05 0.16
8.00 6.44 -425.45 279.96 237.31 -0.38 0.47 0.31 0.05 0.15 0.18 0.03
12.00 30.82 -155.36 -630.24 -196.72 -0.96 -0.91 0.42 0.94 0.14 0.32 0.23
5.00 2.25 -82.04 140.80 133.96 -0.01 0.13 0.43 0.68 0.09 0.36 0.55
10.00 23.56 99.04 -228.01 625.53 -0.17 -0.42 -1.00 0.22 0.17 0.76 0.55
5.00 2.70 263.55 530.17 311.50 0.79 0.72 0.98 0.78 0.96 0.03 0.85
5.00 4.27 -233.80 -334.92 335.57 0.54 0.00 0.30 0.38 0.95 0.28 0.28
13.00 13.82 -43.83 399.73 -3.37 -0.23 -0.11 0.71 0.85 0.86 0.45 0.35
6.00 4.66 -483.19 -537.24 215.55 -0.25 0.90 0.07 0.96 0.12 0.36 0.26
13.00 3.41 207.85 -723.76 -50.73 -0.40 -0.23 0.25 0.65 0.50 0.05 0.95
17.00 20.45 -565.78 249.90 490.44 -0.38 -0.99 0.61 0.87 0.94 0.75 0.74
11.00 24.61 -320.86 -249.62 -45.47 0.05 0.37 -0.95 0.49 0.26 0.25 0.03
9.00 12.18 -267.83 -547.74 -326.95 -0.38 -0.19 -0.38 0.55 0.86 0.90 0.77
10.00 23.52 -117.99 -363.18 119.05 -0.82 0.94 -0.18 0.46 0.46 0.75 0.75
15.00 56.76 220.71 195.22 -36.00 -0.93 0.08 -0.64 0.26 0.57 0.52 0.12
9.00 17.19 181.81 736.35 208.10 0.54 0.69 0.37 0.53 0.79 0.45 0.53
17.00 31.06 -37.90 -348.14 192.10 0.22 0.69 -0.56 0.92 0.71 0.00 0.51
14.00 42.09 363.37 -161.19 176.28 -0.06 0.55 0.85 0.82 0.77 0.63 0.41
7.00 3.95 501.20 -264.71 81.82 0.39 0.84 -0.08 0.16 0.05 0.81 0.77
6.00 6.84 -606.73 -342.88 -28.76 0.95 -0.38 -0.27 0.69 0.68 0.59 0.73
14.00 21.83 22.02 699.08 -324.29 -0.61 0.18 -0.09 0.95 0.58 0.01 0.59
6.00 0.84 456.66 -116.38 6.03 -0.48 0.54 -1.00 0.61 0.18 0.51 0.20
17.00 66.92 -10.66 735.00 -272.07 -0.16 -0.71 0.89 0.73 0.49 0.46 0.09
20.00 7.11 379.25 129.77 -109.33 0.09 0.97 0.08 0.62 0.83 0.67 0.36
29.00 28.96 -395.10 319.65 431.85 0.25 0.01 -0.49 0.73 0.90 0.45 0.76
6.00 3.23 -404.67 203.09 28.27 0.48 -0.04 0.35 0.30 0.68 0.82 0.07
17.00 30.21 232.20 652.97 200.93 0.26 0.13 -0.88 0.36 0.53 0.48 0.65
5.00 4.68 -624.63 -483.13 -91.50 -0.86 0.96 -0.36 0.32 0.36 0.25 0.89
8.00 13.97 -336.55 -391.68 -272.69 -0.58 -0.15 -0.83 0.23 0.43 0.57 0.40
16.00 11.80 -43.56 -456.92 460.13 0.36 -0.38 -0.35 0.31 0.75 0.04 0.44
17.00 52.81 -34.03 -77.85 710.34 -0.93 0.42 0.25 0.75 0.84 0.76 0.40
19.00 58.40 5.50 405.40 -566.84 -0.92 -0.12 -0.43 0.27 0.68 0.89 0.35
5.00 0.29 376.64 347.74 225.60 -0.75 -0.81 -0.82 0.57 0.11 0.82 0.83
6.00 4.24 -341.31 55.38 388.36 0.90 -0.61 -0.69 0.55 0.94 0.94 0.03
6.00 4.33 398.21 -452.33 -381.66 -0.84 -0.37 -0.74 0.42 0.46 0.55 0.10
6.00 1.85 -200.08 -194.85 -165.35 -0.81 0.53 -0.66 0.55 0.98 0.83 0.59
15.00 56.37 88.38 607.80 -47.54 -0.26 -0.49 0.52 0.88 0.05 0.91 0.19
13.00 7.21 325.12 571.32 -260.46 -0.02 -0.36 -0.14 0.27 0.26 0.74 0.75
5.00 1.22 -224.82 -31.40 264.09 0.53 0.32 0.75 0.77 0.62 0.27 0.64
24.00 50.60 -355.19 -240.50 287.98 -0.42 0.43 -0.81 0.13 0.08 1.00 0.00
7.00 4.62 306.79 45.67 607.98 0.07 0.56 0.51 0.89 0.27 0.20 0.99
36.00 212.32 -479.96 251.26 -223.76 -0.53 0.99 0.02 0.31 0.86 0.86 0.30
10.00 12.00 -375.00 507.30 -88.33 -0.72 0.86 0.74 0.70 0.84 0.27 0.78
27.00 168.51 25.01 -309.26 -245.94 0.03 0.61 -0.74 0.35 0.64 0.98 0.32
13.00 12.26 206.48 9.99 448.67 0.35 -0.28 -0.84 0.87 0.68 0.47 0.02
13.00 1.59 -517.95 147.48 335.69 -0.15 0.51 0.69 0.34 0.14 0.50 0.65
6.00 0.19 -267.23 -276.22 -251.69 0.72 0.57 0.00 0.27 0.34 0.42 0.25
6.00 2.62 -482.13 -408.04 -116.40 -0.99 -0.21 -0.50 0.74 0.79 0.81 0.65
22.00 95.26 -247.45 1.36 -15.93 -0.44 0.60 -0.81 0.67 0.84 0.72 0.60
7.00 5.77 -153.14 -726.35 42.52 -0.39 -0.31 -0.52 0.27 0.87 0.60 0.99
8.00 0.84 -602.14 239.81 -288.96 -0.52 0.75 0.63 0.70 0.40 0.68 0.59
21.00 55.11 -390.26 -74.29 -120.75 0.39 -0.64 0.61 0.62 0.58 0.73 0.13
15.00 16.67 -296.45 84.79 -681.05 0.81 -0.29 0.14 0.98 0.63 0.02 0.57
12.00 8.41 -463.93 -200.57 -424.82 0.51 0.07 0.91 0.62 0.93 0.58 0.97
5.00 2.89 -240.98 -422.93 220.87 0.03 0.54 0.35 0.17 0.35 0.17 0.38
13.00 26.53 -276.01 -670.59 20.43 0.59 0.79 -0.46 0.17 0.57 0.59 0.83
24.00 126.71 -527.29 267.92 -313.50 -0.29 0.34 -0.39 0.43 0.50 0.63 0.47
12.00 31.30 213.29 521.91 304.86 0.69 0.32 0.22 0.42 0.82 0.44 0.67
9.00 10.57 -534.41 470.33 177.53 -0.07 -0.12 -0.17 0.62 0.23 0.48 0.73
7.00 9.55 337.56 453.70 398.87 -0.87 -0.21 0.35 0.72 0.30 0.47 0.87
9.00 1.98 428.55 -372.58 180.94 -0.50 0.64 -0.66 0.31 0.75 0.61 0.22
19.00 58.82 -138.05 279.06 272.05 0.97 -0.82 0.01 0.01 0.45 0.41 0.89
9.00 12.32 373.35 -55.28 682.07 -0.46 0.32 0.54 0.11 0.16 0.08 0.47
7.00 0.02 -570.30 -357.29 421.05 0.84 -0.39 -0.90 0.82 0.83 0.74 0.04
8.00 11.62 -1.15 508.17 -462.57 -0.54 -0.43 0.70 0.01 0.44 0.46 0.85
25.00 136.86 -545.95 -489.72 280.37 0.47 -0.88 -0.84 0.11 0.34 0.58 0.48
13.00 40.33 -131.23 2.55 245.27 0.66 0.49 0.15 0.49 0.43 0.04 0.84
6.00 7.87 -431.46 -254.87 389.99 -0.50 -0.94 -0.02 0.52 0.54 0.60 0.12
10.00 22.25 -136.14 75.78 50.95 0.25 -0.10 0.95 0.34 0.88 0.04 0.24
22.00 66.66 479.94 -174.63 79.89 -0.44 0.98 -0.71 0.33 0.62 0.28 0.82
8.00 10.12 50.79 -50.88 665.06 0.03 -0.76 -0.93 0.78 0.22 0.23 0.65
16.00 56.21 105.66 460.76 485.25 0.79 -0.86 -0.44 0.40 0.29 0.43 0.21
8.00 8.27 -503.03 -342.77 -260.39 -0.06 0.25 -0.51 0.48 0.56 0.79 0.88
9.00 12.60 6.84 -239.97 -148.73 -0.78 0.93 0.29 0.55 0.14 0.12 0.14
7.00 6.74 -4.58 13.75 200.56 -0.15 -0.46 -0.22 0.26 0.70 0.76 0.34
39.00 36.91 -427.36 423.53 405.47 -0.47 0.20 -0.91 0.13 0.43 0.90 0.08
8.00 3.98 -231.56 401.48 478.40 0.48 0.34 -0.34 0.94 0.18 0.82 0.10
8.00 10.65 42.66 115.64 670.15 -0.82 0.41 0.61 0.36 0.67 0.13 0.70
15.00 53.73 -186.49 542.08 -545.50 -0.00 0.74 -0.25 0.98 0.32 0.25 0.33
12.00 20.33 192.92 -68.06 451.27 -0.24 -0.96 0.17 0.78 0.88 0.83 0.53
17.00 25.84 472.15 -103.23 98.70 -0.32 -0.95 0.26 0.36 0.03 0.22 0.89
19.00 5.74 245.03 750.33 -87.72 0.79 -0.14 -0.31 0.25 0.41 0.73 0.13
6.00 7.83 496.24 212.85 -119.00 0.58 -0.19 0.62 0.48 0.25 0.12 0.85
9.00 7.91 386.72 88.73 -346.17 0.54 0.28 -0.13 0.38 0.78 0.72 0.88
15.00 56.81 -505.68 444.04 203.21 0.44 -0.88 0.40 0.16 0.06 0.96 0.22
29.00 181.92 -216.08 -298.96 610.96 -0.73 0.76 -0.71 0.10 0.41 0.71 0.12
23.00 49.50 -785.06 125.64 -33.28 -0.03 0.55 0.13 0.75 0.77 0.63 0.31
10.00 9.35 111.99 -404.77 618.80 0.41 -0.40 -0.65 0.67 0.79 0.95 0.62
9.00 12.80 712.25 14.43 238.68 -0.90 -0.51 -0.54 0.81 0.94 0.63 0.32
5.00 1.05 105.23 577.41 57.69 -0.52 0.54 -0.69 0.71 0.16 0.79 0.07
7.00 3.95 436.16 -524.27 -394.72 0.12 0.21 0.60 0.39 0.97 0.44 0.58
15.00 4.44 -260.77 -188.27 -699.32 0.03 0.04 0.30 0.25 0.09 0.46 0.31
24.00 44.12 -381.76 -348.95 316.07 0.00 -0.09 0.49 0.21 0.55 0.84 0.33
6.00 6.73 407.52 -79.69 -435.56 -0.31 -0.06 -0.56 0.27 0.14 0.61 0.31
14.00 19.02 250.77 -99.60 741.60 -0.75 0.56 0.50 0.65 0.01 0.00 0.65
11.00 11.07 -173.79 415.78 -140.66 -0.52 0.21 0.07 0.12 0.18 0.09 0.42
7.00 5.11 680.52 144.58 -153.23 -0.94 0.09 -0.30 0.41 0.90 0.60 0.38
24.00 90.99 -152.61 132.58 -517.70 -0.05 -0.53 -0.11 0.26 0.47 0.57 0.44
20.00 65.73 492.61 468.36 5.24 -0.01 0.84 0.14 0.55 0.22 0.62 0.67
9.00 20.59 186.32 -277.83 -624.85 0.49 0.99 0.74 0.95 0.06 0.36 0.50
10.00 17.90 451.69 -538.22 298.64 -0.73 -0.16 0.09 0.08 0.22 0.27 0.69
8.00 12.17 76.02 643.55 68.12 -0.05 0.18 -0.17 0.43 0.59 0.28 0.11
13.00 18.33 -343.99 -309.52 -309.24 -0.54 0.79 0.99 0.71 0.81 0.26 0.03
14.00 14.13 -569.96 418.20 -146.00 -0.61 -0.51 -0.12 0.56 0.88 0.24 0.74
11.00 25.73 -180.72 -164.31 -613.74 0.67 0.79 -0.39 0.63 0.39 0.16 0.91
21.00 71.45 -82.80 1.12 -95.66 -0.52 0.22 -0.24 0.07 0.43 0.39 0.49
9.00 19.34 5.26 150.92 426.58 0.35 0.56 -0.68 0.35 0.24 0.87 0.32
18.00 36.77 -542.22 -253.12 184.70 0.67 -0.52 -0.38 0.09 0.08 0.03 0.26
16.00 53.17 508.95 -315.61 103.64 0.90 -0.55 0.78 0.18 0.37 0.37 0.79
9.00 7.37 230.11 -635.72 -180.26 0.02 -0.71 0.69 0.85 0.57 0.58 0.31
10.00 9.17 377.16 248.00 80.20 0.74 -0.36 0.24 0.99 0.19 0.01 0.51
11.00 30.58 380.85 -0.19 255.57 0.55 0.53 -0.01 0.66 0.60 0.73 0.48
10.00 20.53 306.20 452.18 125.14 -0.55 -0.97 0.25 0.43 0.22 0.21 0.82
20.00 82.81 -476.33 -353.36 -450.71 0.20 0.87 0.81 0.32 0.11 0.19 0.67
7.00 1.12 733.86 -182.57 221.77 0.03 -0.32 0.63 0.18 0.67 0.94 0.37
5.00 5.03 -307.08 54.14 -697.77 0.99 -1.00 0.87 0.31 0.58 0.80 0.77
13.00 18.93 -789.36 -22.16 98.09 0.14 0.16 -0.23 0.58 0.78 0.22 0.72
5.00 3.40 -414.08 458.04 174.97 0.56 -0.86 -0.36 0.39 0.99 0.29 0.16
6.00 3.50 -418.00 314.09 -368.50 0.92 -0.99 -0.93 0.95 0.06 0.93 0.15
8.00 5.91 281.80 -125.55 -562.09 0.57 -0.40 -0.38 0.69 0.88 0.06 0.01
26.00 156.26 659.39 -136.99 -422.43 -0.03 -0.38 -0.01 0.44 0.63 0.49 0.46
26.00 52.11 316.18 -430.78 315.67 -0.14 -1.00 0.67 0.33 0.14 0.62 0.17
12.00 13.65 -403.14 46.84 -475.56 -0.18 0.86 -0.92 0.63 0.29 0.71 0.27
18.00 15.82 -319.48 -576.94 -287.74 -0.42 -0.52 0.53 0.14 0.05 0.90 0.84
6.00 2.90 -255.94 -353.04 164.44 -0.45 0.55 -0.32 0.70 0.30 0.65 0.21
15.00 11.06 328.41 -208.88 -71.61 0.22 -0.59 -0.50 0.02 0.20 0.06 0.41
8.00 13.50 -375.14 -219.59 358.29 0.18 0.28 0.62 0.43 0.50 0.38 0.96
7.00 0.35 -87.85 -8.88 213.26 -0.46 0.85 -0.20 0.16 0.16 0.02 0.87
10.00 20.47 -695.52 184.18 -29.35 -0.68 -0.11 -0.19 0.29 0.41 0.88 0.55
27.00 189.89 298.12 -194.85 297.64 0.14 -0.36 0.61 0.02 0.17 0.73 0.45
8.00 13.63 -288.64 -382.68 -600.60 0.46 -0.96 -0.78 0.01 0.08 0.65 0.35
9.00 5.59 -47.84 609.36 185.77 0.02 -0.56 0.36 0.03 0.65 0.02 0.71
21.00 19.83 -148.98 -352.14 -387.72 0.58 0.87 0.34 0.60 0.34 0.79 0.59
5.00 0.68 -21.91 457.60 -595.10 0.56 -0.32 0.29 0.11 0.31 0.92 0.94
11.00 16.50 212.28 -320.92 -224.00 0.48 0.18 -0.59 0.33 0.68 0.10 0.29
7.00 5.26 -414.66 177.16 -184.89 -0.23 0.95 -0.52 0.47 0.51 0.06 0.01
14.00 2.26 142.28 -310.88 544.10 0.12 -0.73 0.72 0.59 0.77 0.07 0.28
9.00 16.26 -598.06 -298.29 359.80 0.46 0.78 0.53 0.38 0.56 0.98 0.03
10.00 7.19 -346.42 -367.80 557.96 -0.23 -0.29 -0.09 0.62 0.63 0.72 0.11
5.00 3.40 -147.17 322.04 213.94 0.68 -0.78 -0.29 0.84 0.25 0.78 0.50
12.00 28.01 179.14 -337.75 600.45 -0.89 0.34 0.17 0.28 0.31 0.97 0.54
17.00 74.71 -403.22 -246.86 390.39 0.40 -0.82 -0.43 0.74 0.11 0.77 0.47
10.00 8.18 656.34 -206.23 108.61 -0.30 0.13 0.72 0.38 0.31 0.31 0.41
6.00 6.81 -5.06 407.20 108.53 0.78 -0.85 0.25 0.65 0.88 0.41 0.64
26.00 15.32 699.03 -227.11 215.13 0.50 -0.04 0.20 0.83 0.83 0.95 0.98
7.00 0.16 251.01 151.70 -547.00 -0.36 0.36 0.21 0.86 0.14 0.05 0.81
9.00 10.54 -68.51 583.52 74.24 0.93 -0.98 0.32 0.53 0.47 0.95 0.96
26.00 151.80 185.17 -567.77 -397.99 -0.20 -0.37 -0.59 0.06 0.65 0.04 0.05
16.00 31.51 729.36 -168.15 59.77 -0.41 -0.88 -0.02 0.87 0.31 0.55 0.80
5.00 1.13 238.59 210.91 701.48 0.09 0.85 0.72 0.78 0.66 0.95 0.03
16.00 15.21 -13.55 640.27 -31.05 1.00 -0.88 0.20 0.11 0.28 0.44 0.07
8.00 14.24 -385.73 344.14 525.89 0.82 0.29 -0.12 0.85 0.66 0.59 0.86
6.00 4.42 -310.89 -333.93 346.99 0.72 0.48 -0.72 0.09 0.63 0.52 0.42
6.00 0.10 -206.09 -28.36 12.95 -0.12 0.46 0.58 0.97 0.69 0.46 0.05
8.00 15.94 -270.25 336.81 525.85 -0.86 0.61 0.60 0.05 0.47 0.61 0.93
15.00 23.77 -543.59 5.57 289.04 -0.27 -0.35 0.09 0.12 0.66 0.84 0.84
6.00 0.80 59.98 137.49 199.34 -0.56 -0.92 -0.29 0.56 0.26 0.82 0.77
11.00 22.79 382.85 632.53 -292.15 -0.88 0.33 -0.03 0.49 0.59 0.79 0.80
12.00 6.08 193.78 367.56 369.63 0.98 -0.99 -0.75 0.81 0.79 0.33 0.27
13.00 9.74 -218.86 362.27 424.78 -0.80 -0.95 0.67 0.18 0.48 0.35 0.35
7.00 8.70 -248.15 -126.67 -186.03 0.57 -0.95 0.32 0.04 1.00 0.89 0.50
6.00 5.50 122.79 310.46 474.14 -0.68 0.63 0.89 0.81 0.29 0.99 0.10
12.00 33.75 395.85 257.91 234.06 -0.15 0.06 0.30 0.34 0.67 0.42 0.20
29.00 50.22 -221.55 -631.86 436.05 0.92 -0.75 0.92 0.88 0.36 0.41 0.55
5.00 4.13 129.62 -226.41 -256.00 -0.69 0.60 0.06 0.52 0.79 0.39 0.94
12.00 19.57 -455.35 -470.40 -59.30 0.02 -0.09 -0.05 0.21 0.92 0.32 0.52
26.00 124.10 -239.24 -592.06 -217.69 -0.60 0.97 0.96 0.31 0.28 0.23 0.20
8.00 16.39 -75.31 -214.04 -750.73 0.95 0.97 -0.61 0.21 0.95 0.92 0.14
5.00 3.17 -63.41 -242.55 714.28 -0.41 -0.81 0.88 0.29 0.01 0.10 0.70
33.00 68.38 532.94 -69.12 50.93 -0.06 -0.47 -0.70 0.33 0.04 0.33 0.92
9.00 7.73 -267.71 412.65 486.27 0.70 -0.44 -1.00 0.27 0.11 0.91 0.39
28.00 166.38 -632.96 273.41 101.09 0.04 0.68 0.07 0.58 0.44 0.85 0.10
7.00 10.37 52.31 555.69 -451.03 0.21 -0.50 -0.78 0.88 0.40 0.89 0.61
5.00 5.52 203.93 210.71 505.18 -0.52 0.19 -0.06 0.76 0.87 0.75 0.44
14.00 17.14 303.42 434.30 -574.96 0.94 0.32 -0.73 0.90 0.50 0.69 0.56
12.00 2.89 717.91 -103.55 -182.77 0.53 -0.76 -0.51 0.25 0.88 0.34 0.71
5.00 4.04 -75.17 793.69 13.90 -0.64 0.53 -0.44 0.48 0.49 1.00 0.27
7.00 3.05 477.41 -69.86 -129.62 0.38 -0.48 -0.68 0.19 0.48 0.80 0.55
10.00 17.17 -455.42 385.44 163.71 0.17 0.98 -0.51 0.14 0.10 0.37 0.26
22.00 92.33 15.72 -703.43 308.94 -0.31 -0.94 -0.98 0.31 0.10 0.98 0.81
8.00 1.61 548.41 -145.05 -146.92 0.51 -0.73 0.67 0.21 0.44 0.12 0.78
35.00 232.51 -533.35 -506.90 -100.30 0.75 0.00 0.74 0.12 0.61 0.93 0.20
9.00 1.71 146.62 209.06 485.69 -0.32 -0.60 -0.54 0.11 0.77 0.78 0.24
7.00 0.93 401.15 259.02 476.79 0.93 -0.57 0.41 0.91 0.80 0.84 0.38
8.00 12.40 -286.80 494.84 35.87 0.16 -0.59 0.44 0.77 0.06 0.05 0.20
7.00 13.06 -197.79 -585.61 444.48 -0.15 -0.40 0.02 0.30 0.15 0.96 0.29
5.00 4.49 306.19 387.75 -312.52 -0.30 0.50 -0.68 0.73 0.56 0.07 0.43
15.00 53.15 272.42 -346.81 -219.42 -0.93 0.59 0.19 0.49 0.33 0.81 0.87
11.00 9.18 -383.65 -484.68 369.21 -0.07 -0.37 0.22 0.43 0.43 0.31 0.47
6.00 7.65 281.74 22.49 -410.18 -0.70 0.07 -0.04 0.04 0.13 0.57 0.67
28.00 109.50 -184.47 -364.33 -314.88 -0.04 -0.36 0.57 0.10 0.48 0.82 0.43
26.00 164.21 -645.13 307.38 -177.76 -0.92 -0.86 -0.63 0.15 0.50 0.95 0.87
9.00 2.43 -302.89 659.27 171.87 -0.66 -0.47 0.56 0.20 0.07 0.97 0.03
7.00 7.12 -2.97 769.86 137.73 0.17 -0.43 -0.65 0.71 0.33 1.00 0.51
7.00 5.12 427.25 -25.25 419.53 -0.09 -0.17 -0.75 0.62 0.58 0.63 0.73
20.00 17.89 -324.09 491.66 533.52 -0.63 -0.86 0.34 0.76 0.22 0.52 0.27
9.00 12.78 405.45 -197.01 446.60 0.65 0.03 -0.32 0.93 0.20 0.54 0.46
5.00 5.10 62.05 618.20 -276.51 -0.88 -0.99 0.29 0.26 0.63 0.02 0.11
7.00 7.10 39.52 -166.95 -552.64 0.36 0.89 -0.57 0.19 0.74 0.33 0.37
9.00 1.31 -320.95 -1.29 686.51 0.19 0.05 -0.53 0.33 0.21 0.49 0.79
13.00 24.35 -334.69 -7.29 -226.24 0.36 0.62 -0.61 0.73 0.82 0.29 0.61
11.00 13.93 168.47 -482.39 -490.25 -0.32 -0.09 -0.66 0.26 0.05 0.68 0.63
23.00 97.09 337.81 320.93 -317.64 0.91 -0.65 0.41 0.31 0.70 0.81 0.52
20.00 30.55 748.41 -4.75 119.16 -0.57 0.27 0.07 0.42 0.60 0.52 0.79
18.00 20.63 -170.51 -359.00 -190.57 -0.35 -0.07 0.35 0.63 0.13 0.07 0.94
32.00 79.78 -466.00 529.45 273.58 0.40 -0.34 0.83 0.37 0.10 0.53 0.39
13.00 33.77 380.26 71.42 652.57 0.00 0.79 0.36 0.41 0.37 0.61 0.23
6.00 0.45 -48.83 -437.85 -217.54 0.47 0.75 0.84 0.43 0.85 0.36 0.72
7.00 5.52 479.36 -138.83 -0.21 -0.16 -0.70 0.28 0.31 0.14 0.81 0.93
16.00 63.23 258.68 -321.99 -89.42 0.34 0.44 0.07 0.38 0.73 0.55 0.39
7.00 1.58 474.98 -174.46 19.96 -0.48 -0.62 -0.95 0.61 0.69 0.87 0.80
7.00 11.77 -127.24 696.00 -283.72 -0.27 -0.60 -0.95 0.93 0.68 0.24 0.81
23.00 38.17 67.67 722.36 106.93 0.20 0.28 -0.78 0.25 0.23 0.50 0.08
7.00 10.27 -1.27 -186.46 452.96 -0.07 0.34 -0.09 0.48 0.69 0.92 0.62
6.00 4.69 136.60 -162.73 -178.76 -0.33 0.37 0.89 0.27 0.41 0.02 0.71
7.00 6.29 -168.30 27.74 -524.16 0.16 -0.06 -0.24 0.87 0.41 0.99 0.92
5.00 5.33 78.82 -428.67 -670.42 -0.55 -0.75 0.38 0.84 0.17 0.56 0.61
27.00 84.51 389.26 639.03 -122.54 -0.83 0.10 -0.07 0.03 0.44 0.87 0.69
5.00 6.18 281.26 571.21 -431.90 -0.17 0.20 0.41 0.16 0.99 0.04 0.55
20.00 78.78 207.83 440.62 280.29 0.27 -0.73 -0.80 0.76 0.73 0.97 0.24
13.00 21.44 -337.79 120.23 224.13 -0.24 0.99 0.73 0.51 0.29 0.87 0.92
5.00 0.02 -599.40 41.04 250.39 0.43 -0.42 -0.61 0.93 0.75 0.77 0.97
5.00 5.10 -153.37 112.25 331.29 -0.97 -0.52 0.97 0.33 0.50 0.35 0.31
12.00 35.70 -274.46 202.20 553.68 -0.57 -0.30 -0.16 0.71 0.32 0.57 0.84
5.00 1.25 -206.65 -639.57 197.52 -0.29 -0.82 0.22 0.83 0.41 0.87 0.18
5.00 5.78 -108.86 320.21 625.87 0.27 0.16 -0.06 0.37 0.33 0.18 0.87
12.00 6.40 440.92 -249.01 617.91 0.48 -0.57 0.29 0.20 0.74 0.74 0.33
12.00 22.60 -539.87 374.58 396.68 -0.53 -0.69 0.99 0.05 0.76 0.20 0.42
13.00 20.04 552.99 224.67 -527.40 0.37 -0.00 -0.48 0.20 0.58 0.94 0.64
18.00 37.81 -545.45 34.75 60.52 -0.07 0.68 -0.93 0.07 0.49 0.68 0.72
5.00 5.40 237.15 -374.43 -8.01 -0.15 -0.49 -0.92 0.96 0.79 0.20 0.98
7.00 3.23 402.29 -300.75 618.93 0.46 0.67 0.24 0.88 0.63 0.83 0.39
9.00 6.02 -203.57 -117.06 -593.37 0.83 -0.11 -0.68 0.73 0.64 0.78 0.02
22.00 128.74 -679.02 43.86 29.21 0.09 0.79 0.56 0.05 0.33 0.06 0.08
6.00 8.17 522.88 266.85 -439.74 -0.42 -0.52 -0.65 0.27 0.42 0.81 0.64
6.00 4.59 -6.94 -345.85 -127.81 0.27 0.08 0.75 0.90 0.45 0.53 0.08
14.00 2.00 -318.17 -448.82 121.73 -0.77 0.25 0.94 0.28 0.14 0.41 0.98
8.00 14.41 -395.77 -381.43 229.27 0.17 0.90 -0.76 0.37 0.98 0.26 0.09
17.00 68.29 677.96 390.24 -52.27 -0.06 0.21 -0.13 0.37 0.18 0.31 0.56
5.00 0.86 48.54 105.49 -170.72 0.38 0.54 -0.34 0.48 0.90 0.30 0.55
24.00 33.64 181.12 75.64 -554.40 0.05 -0.71 -0.76 0.64 0.66 0.59 0.09
13.00 25.10 -635.04 -389.64 38.52 0.41 0.27 0.89 0.23 0.93 0.01 1.00
7.00 8.59 568.03 -32.30 196.68 -0.47 0.20 0.83 0.09 0.15 0.61 0.14
24.00 38.91 -163.19 -170.71 120.56 0.26 -0.44 -0.81 0.18 0.18 0.96 0.54
6.00 7.47 -485.19 279.98 -91.91 -0.33 0.41 -0.09 0.66 1.00 0.31 0.07
13.00 28.67 -58.85 98.10 -331.91 0.78 0.61 0.31 0.70 0.84 0.27 0.56
22.00 22.25 521.35 304.58 511.54 -0.30 0.46 0.94 0.50 0.69 0.60 0.79
11.00 13.45 -511.04 -169.96 441.06 -0.77 0.83 0.74 0.58 0.82 0.10 0.63
8.00 13.51 -136.00 -324.93 -466.05 0.86 -0.27 0.85 0.89 0.08 0.04 0.09
9.00 14.76 412.97 -80.79 -74.76 0.58 0.55 0.74 0.30 0.49 0.34 0.84
9.00 11.71 769.20 -48.77 -4.75 -0.90 -0.40 -0.21 0.47 0.69 0.93 0.36
5.00 0.67 -252.77 521.62 188.48 -0.69 -0.60 -0.93 0.73 0.36 0.84 0.23
6.00 1.35 476.77 15.78 -16.97 0.49 0.61 0.46 0.29 0.19 0.68 0.62
25.00 47.31 515.22 201.16 -83.51 -0.79 -0.31 0.69 0.35 0.26 0.07 0.49
15.00 60.35 -219.60 54.62 -428.52 -0.71 -0.53 -0.39 0.96 0.73 0.55 0.41
9.00 20.93 332.32 -161.63 -272.66 -0.35 0.43 0.58 0.88 0.24 0.90 0.35
5.00 0.90 -308.22 -334.16 -523.17 0.72 -0.36 0.93 0.28 0.24 0.59 0.28
12.00 35.57 -617.70 -74.03 -297.50 -0.91 -0.22 -0.28 0.57 0.01 0.52 0.75
5.00 4.89 -25.44 189.93 590.52 -0.35 0.25 -0.25 0.27 0.53 0.32 0.55
13.00 32.88 278.94 300.93 -297.08 0.13 0.99 -0.79 0.88 0.90 0.06 0.07
14.00 42.21 -133.72 -318.98 -700.89 -0.36 0.55 -0.19 0.92 0.07 0.00 0.69
8.00 17.10 -154.06 762.19 106.87 -0.83 0.73 0.59 0.91 0.16 0.86 0.72
10.00 26.75 189.81 -652.62 276.96 -0.58 -0.03 0.40 0.89 0.78 0.70 0.82
12.00 24.71 667.77 269.23 -225.76 -0.83 -0.36 0.37 0.40 0.86 0.00 0.59
32.00 226.11 -215.42 670.93 87.42 0.65 0.77 0.69 0.55 0.61 0.03 0.12
34.00 160.65 -137.38 619.21 4.09 -0.89 -0.37 0.56 0.80 0.24 0.18 0.61
7.00 3.28 254.52 65.59 651.26 0.92 -0.49 0.82 0.14 0.65 0.99 0.27
22.00 48.11 -636.90 -86.97 -137.99 0.58 -0.94 -0.85 0.97 0.84 0.19 0.62
34.00 144.93 249.95 -184.48 -355.63 0.75 0.52 -0.52 0.38 0.37 0.40 0.39
9.00 1.91 -119.54 159.20 -462.26 0.77 0.87 0.20 0.46 0.26 0.59 0.15
14.00 4.67 -251.39 -710.58 -136.28 0.80 0.33 0.22 0.93 0.47 0.30 0.98
19.00 8.02 -213.48 165.65 381.29 -0.76 -0.34 -0.57 0.46 0.81 0.66 0.66
9.00 1.29 -238.82 403.01 -559.67 0.98 -0.64 -0.49 0.85 0.24 0.97 0.57
35.00 159.09 261.71 684.95 -202.55 -0.08 -0.51 -0.36 0.54 0.69 0.52 0.76
5.00 1.10 -45.36 34.59 -183.34 -0.53 -0.06 -0.92 0.00 0.25 0.18 0.77
19.00 25.08 -673.38 52.02 -191.13 0.47 0.83 0.96 0.86 0.19 0.19 0.19
17.00 4.89 -524.96 152.28 -31.12 -0.66 -0.22 0.65 0.22 0.25 0.42 0.73
9.00 12.96 -273.12 518.62 -392.84 -0.38 0.40 -0.49 0.43 0.43 0.26 0.04
5.00 1.02 -132.35 336.62 -456.25 0.31 -0.20 -0.55 0.86 0.47 0.21 0.65
16.00 25.97 -249.12 -119.23 210.25 0.55 -0.68 -0.95 0.91 0.72 0.59 0.44
7.00 1.91 -552.74 169.53 -456.72 0.01 0.11 0.10 0.50 0.91 0.99 0.87
7.00 0.28 108.44 -313.02 -721.40 -0.64 0.11 0.45 0.69 0.84 0.25 0.76
15.00 33.04 -455.95 54.99 -506.17 -0.64 0.12 0.07 0.28 0.68 0.76 0.56
13.00 8.12 527.84 140.11 -374.34 0.84 -0.34 0.56 0.95 0.50 0.08 0.76
5.00 2.44 -440.57 -16.43 440.38 -0.97 0.01 0.68 0.23 0.97 0.28 0.16
36.00 152.60 4.32 255.28 437.89 0.54 0.12 0.69 0.22 0.04 0.07 0.57
10.00 16.34 383.68 -571.03 95.53 -0.95 -0.77 -0.33 0.79 0.56 0.41 0.04
8.00 0.44 -317.22 336.25 -431.39 -0.79 0.30 -0.51 0.15 0.90 0.25 0.17
11.00 20.54 -270.54 -150.50 701.87 0.31 -0.82 -0.77 0.45 0.93 0.86 0.16
16.00 0.46 -629.78 -176.35 -213.78 -0.34 -0.70 -0.32 0.40 0.05 0.06 0.04
15.00 50.50 -331.11 542.18 -393.92 0.90 -0.08 0.38 0.78 0.36 0.58 0.14
8.00 12.52 109.81 203.19 181.47 -0.16 -0.22 -0.90 0.27 0.60 0.58 0.29
5.00 0.77 759.47 136.22 202.99 -0.04 0.85 0.62 0.87 0.68 0.15 0.05
5.00 5.19 -105.70 -393.34 -409.58 0.62 0.18 0.84 0.25 0.22 0.08 0.11
6.00 6.79 33.68 -128.49 512.44 -0.19 0.29 0.82 0.30 0.44 0.54 0.77
7.00 12.61 97.21 118.30 303.68 0.09 -0.43 -0.26 0.94 0.50 0.18 0.63
8.00 15.48 -247.82 18.39 363.52 0.82 0.38 0.99 0.75 0.85 0.02 0.11
17.00 69.73 70.06 -444.66 603.63 -0.36 0.26 -0.37 0.99 0.89 0.66 0.11
5.00 5.08 -212.10 -717.22 122.65 -0.08 0.04 -0.08 0.92 0.31 0.51 0.41
8.00 1.89 -27.18 -607.95 -12.56 0.33 0.94 -0.19 0.42 0.23 0.90 0.74
8.00 1.05 17.87 -45.74 672.01 0.49 0.50 0.86 0.40 0.63 0.81 0.27
28.00 170.19 -262.95 -642.18 347.77 -0.17 0.50 -0.17 0.62 0.94 0.51 0.04
16.00 22.26 -609.62 -365.13 352.04 -0.43 -0.53 0.95 0.53 0.09 0.38 0.83
29.00 47.47 226.91 -259.33 -310.26 0.64 -0.60 -0.73 0.78 0.68 0.13 0.87
16.00 4.22 535.24 -585.36 -41.78 0.65 -0.16 -0.11 0.19 0.42 0.09 0.50
11.00 27.67 58.38 685.09 -8.59 0.11 -0.77 -0.50 0.77 0.10 0.77 0.73
14.00 25.13 432.51 317.24 -207.39 0.27 0.95 0.38 0.93 0.75 0.59 0.74
5.00 3.70 647.00 347.32 139.79 0.38 -0.94 -0.41 0.89 0.36 0.15 0.05
29.00 73.91 -391.51 399.70 92.38 0.17 0.11 0.30 0.94 0.10 0.76 0.01
23.00 123.79 -645.69 93.84 -97.72 -0.98 0.69 0.02 0.57 0.92 0.13 0.57
6.00 3.86 -340.99 215.11 -287.83 -0.91 0.28 0.32 0.31 0.69 0.26 0.70
7.00 7.72 304.13 364.25 -389.47 -0.65 -0.74 -0.01 0.24 0.54 0.69 0.40
9.00 9.36 546.31 96.37 -101.28 0.34 0.10 -0.13 0.34 0.64 0.79 0.69
13.00 3.92 -103.85 -516.29 19.50 -0.13 0.70 -0.83 0.25 0.80 0.36 0.25
17.00 11.37 -126.17 766.77 123.13 -0.57 -0.82 -0.68 0.05 0.50 0.39 0.64
10.00 24.41 -560.02 245.66 280.17 0.94 0.92 0.71 0.43 0.52 0.09 0.51
13.00 36.53 -248.82 583.21 276.73 -0.64 -0.46 -0.22 0.54 0.51 0.02 0.98
8.00 6.63 502.89 -149.24 480.17 0.93 0.70 -0.91 0.07 0.28 0.35 0.14
7.00 13.09 587.68 -213.87 148.64 0.81 -0.36 -0.54 0.44 0.82 0.36 0.34
12.00 37.88 254.72 296.55 -438.99 -0.37 -0.49 0.65 0.16 0.06 0.64 0.03
6.00 2.46 648.46 -119.36 -316.24 -0.82 -0.49 -0.47 0.96 0.59 0.08 0.40
11.00 32.25 -99.14 210.09 -403.86 -0.89 -0.90 -0.33 0.72 0.82 0.05 0.83
5.00 0.74 226.62 51.93 -395.08 -0.37 -0.21 -0.36 0.08 0.25 0.18 0.98
7.00 5.84 -339.39 175.28 -186.23 0.29 0.25 0.44 0.62 0.42 0.81 0.60
15.00 22.54 441.91 -397.02 159.44 0.39 -0.67 -0.52 0.66 0.25 0.91 0.33
11.00 2.17 485.18 112.25 194.99 0.12 0.06 0.77 0.30 0.60 0.56 0.42
22.00 20.01 189.07 -51.91 -359.50 -0.24 -0.47 0.70 0.27 0.78 0.25 0.40
32.00 85.58 493.11 -545.55 124.65 -0.61 -0.83 0.45 0.52 0.48 0.02 0.68
8.00 8.94 46.64 -44.71 66.93 -0.04 0.50 -0.64 0.75 0.28 0.02 0.20
12.00 30.82 356.12 505.12 165.82 0.94 0.09 0.06 0.85 0.77 0.08 0.97
15.00 35.70 4.98 -10.71 637.23 0.29 -0.08 -0.69 0.85 0.84 0.69 0.47
24.00 74.46 -122.69 -108.80 519.89 0.68 0.39 -0.43 0.80 0.65 0.87 0.18
17.00 1.45 261.92 552.07 118.38 -0.36 -0.16 0.33 0.62 0.02 0.34 0.27
12.00 4.07 486.50 581.69 86.25 -0.98 -0.84 0.24 0.89 0.65 0.06 0.05
5.00 0.74 -169.33 -14.53 265.89 -0.15 0.28 0.51 0.34 0.75 0.26 0.95
14.00 29.89 -195.65 -261.62 -332.87 0.55 0.36 -0.07 0.84 0.91 0.65 0.73
5.00 2.26 -69.14 30.16 -708.50 0.17 0.24 0.58 0.39 0.41 0.93 0.72
24.00 8.18 254.20 -295.84 -135.73 0.17 0.27 -0.52 0.12 0.00 0.69 0.79
13.00 4.99 -104.03 97.33 -690.40 0.23 0.16 -0.94 0.40 0.51 0.20 0.46
19.00 77.44 269.48 318.74 225.40 0.82 0.14 0.19 0.67 0.45 0.15 1.00
10.00 13.31 436.48 295.02 154.37 0.28 -0.31 0.30 0.24 0.51 0.22 0.95
16.00 22.22 204.64 -287.67 676.07 0.48 -0.59 -0.19 0.97 0.13 0.96 0.31
5.00 4.07 -262.22 250.41 325.32 -0.87 0.46 0.76 0.23 0.89 0.71 0.98
7.00 8.55 2.60 -460.15 632.51 -0.01 -0.69 0.21 0.44 0.50 0.41 0.78
5.00 5.46 595.61 -384.38 -93.86 -0.66 0.11 -0.91 0.75 0.49 1.00 0.19
25.00 18.15 -277.01 142.61 34.64 -0.05 0.22 -0.14 0.40 0.34 0.35 0.62
12.00 24.60 -2.02 461.78 -48.17 0.57 -0.44 -0.87 0.89 0.05 0.75 0.38
8.00 11.19 -204.66 61.69 692.34 -0.83 0.00 0.85 0.90 0.18 0.85 0.45
10.00 12.07 297.89 -68.11 -707.31 -0.39 0.58 0.13 0.87 0.59 0.11 0.79
16.00 18.00 463.00 75.96 385.69 -0.21 -0.58 0.71 0.41 0.11 0.11 0.55
7.00 0.31 -229.18 -521.45 -75.01 0.93 0.56 -0.22 0.47 0.60 0.85 0.03
11.00 4.27 205.54 34.85 679.98 0.77 -0.81 0.92 0.78 0.75 0.62 0.25
9.00 12.92 -45.18 470.64 -25.22 0.90 0.39 0.49 0.10 0.91 0.89 0.22
6.00 3.76 -156.77 700.18 -166.16 -0.71 -0.55 0.78 0.31 0.96 0.91 0.28
23.00 27.55 -171.11 302.13 -602.72 0.29 -0.93 0.41 0.45 0.44 0.62 0.28
23.00 127.67 -303.59 108.55 -621.98 -0.30 -0.47 -0.09 0.49 0.57 0.75 0.34
11.00 25.62 255.05 -416.62 407.56 0.27 0.10 -0.78 0.17 0.99 0.49 0.12
10.00 5.17 608.10 276.39 290.14 -0.30 0.03 0.89 0.65 0.93 0.23 0.03
25.00 55.06 -746.76 199.54 -52.95 0.49 0.46 0.66 0.18 0.19 0.05 0.36
12.00 21.18 -173.16 -505.28 452.11 -0.73 -0.05 -0.27 0.37 0.83 0.67 0.06
9.00 18.92 -321.09 337.90 -413.48 -0.41 -0.29 -0.21 0.97 0.59 0.50 0.65
6.00 1.29 743.09 -184.96 -214.54 0.49 -0.43 0.63 0.91 0.08 0.98 0.87
9.00 8.85 -217.12 -30.43 429.65 0.84 -0.97 0.59 0.76 0.94 0.70 0.53
27.00 111.08 -120.13 -66.29 -249.88 -0.50 0.55 0.00 0.57 0.06 0.95 0.82
21.00 74.80 376.48 651.75 193.52 -0.66 -0.66 0.19 0.64 0.30 0.06 0.09
6.00 7.36 -469.46 64.35 185.50 0.55 -0.57 -0.30 0.99 0.66 0.23 0.69
16.00 0.06 80.97 -517.94 197.76 -0.97 -0.64 -0.67 0.87 0.31 0.23 0.79
7.00 3.93 176.78 -560.85 -170.21 -0.76 -0.79 0.29 0.92 0.77 0.98 0.00
6.00 2.46 -474.37 337.57 -312.72 0.63 -0.51 0.30 0.42 0.45 0.31 0.76
14.00 42.46 -2.43 207.31 161.25 -0.67 0.79 0.07 0.33 0.99 0.90 0.86
8.00 1.38 380.63 -472.69 347.23 0.98 -0.57 0.34 0.11 0.41 0.83 0.82
21.00 45.22 -207.51 -769.49 -60.44 0.25 0.91 -0.63 0.16 0.57 0.04 0.02
5.00 4.82 -404.79 94.77 -418.20 0.42 0.46 -0.32 0.40 0.92 0.33 0.38
21.00 4.01 206.02 -266.42 163.34 -0.32 -0.91 -0.15 0.85 0.62 0.29 0.99
7.00 10.19 -201.32 71.06 482.56 0.84 0.19 -0.74 0.89 0.04 0.28 0.08
20.00 54.60 281.27 553.83 82.03 0.59 -0.20 0.89 0.50 0.89 0.35 0.95
5.00 5.91 -36.11 -343.37 -582.17 -0.02 -0.64 0.42 0.74 0.04 0.15 1.00
10.00 13.07 -506.31 244.87 -434.85 0.14 -0.83 -0.15 0.01 0.63 0.59 0.98
12.00 10.26 -441.52 119.99 -487.00 -0.56 -0.79 0.95 0.30 0.91 0.10 0.72
10.00 24.68 389.72 330.98 -352.74 -0.53 -0.32 -0.95 0.26 0.34 0.81 0.54
26.00 174.75 181.22 -151.94 -41.87 0.93 0.03 0.30 0.96 0.43 0.31 0.52
9.00 14.27 162.23 47.78 670.92 0.25 -0.57 -0.44 0.81 0.76 0.31 0.70
19.00 19.67 63.49 185.51 551.84 0.47 -0.35 0.39 0.57 0.99 0.37 0.94
12.00 20.66 659.66 195.74 240.22 0.39 -0.57 -0.73 0.79 0.48 0.96 0.30
5.00 6.27 477.34 -492.16 277.37 -0.83 -0.92 -0.22 0.93 0.64 0.09 0.01
6.00 1.03 -267.14 403.32 272.25 0.64 -0.01 0.70 0.07 0.07 0.42 0.26
6.00 8.88 -434.57 -287.41 1.35 -0.94 0.48 -0.94 0.05 0.61 0.27 0.04
20.00 54.87 -95.15 -333.87 306.67 -0.66 0.13 -0.86 0.33 0.86 0.61 0.52
5.00 0.01 143.87 633.81 -122.00 -0.52 0.33 -0.40 0.20 0.73 0.70 0.73
30.00 6.84 -274.09 -23.53 339.23 -0.55 0.88 -0.06 0.93 0.33 0.32 0.26
10.00 12.56 -233.85 335.20 516.81 -0.64 -0.49 -0.51 0.19 0.90 0.89 0.99
5.00 0.33 101.91 -190.91 -394.87 -0.04 0.51 -0.83 0.93 0.84 0.01 0.08
9.00 15.68 -598.15 -362.44 276.94 -0.22 0.03 0.76 0.77 0.16 0.01 0.38
10.00 15.01 -87.38 412.80 415.49 -0.17 0.55 0.29 0.61 0.08 0.73 0.70
13.00 21.11 508.35 -300.70 22.12 -0.06 -0.15 -0.75 0.73 0.95 0.61 0.08
5.00 1.66 -119.95 468.22 352.07 -0.70 -0.32 -0.56 0.48 0.27 0.62 0.14
10.00 16.39 -398.65 270.33 473.16 -0.21 -0.28 -0.31 0.03 0.79 0.95 0.16
5.00 1.42 -286.98 322.03 619.70 0.34 0.04 0.82 0.14 0.85 0.43 0.67
11.00 22.63 589.92 -137.57 485.51 -0.39 0.03 0.39 0.08 0.13 0.65 0.33
6.00 3.48 -268.86 -543.44 81.65 -0.91 -0.85 0.46 0.41 0.80 0.50 0.39
19.00 71.90 95.66 -218.25 307.28 0.75 0.97 0.96 0.30 0.48 0.87 0.94
23.00 7.68 406.38 495.10 283.46 -0.10 0.42 0.66 0.50 0.58 0.15 0.85
6.00 0.57 -389.95 -16.35 -638.41 0.60 -0.88 -0.40 0.75 0.04 0.53 0.10
8.00 15.71 658.95 69.00 162.95 0.03 -0.62 0.70 0.13 0.54 0.39 0.08
5.00 0.70 361.80 -349.83 -376.46 0.05 0.85 0.72 0.49 0.34 0.17 0.12
6.00 7.06 576.40 189.28 384.83 0.17 0.28 0.32 0.98 0.77 1.00 0.52
13.00 31.72 278.40 -348.96 -125.18 -0.01 -0.51 -0.70 0.22 0.93 0.02 0.24
9.00 15.27 354.22 -230.17 -295.16 0.66 -0.34 0.25 0.35 0.42 0.47 0.91
6.00 3.89 572.97 -48.57 98.06 0.81 0.93 -0.74 0.93 0.10 0.59 0.18
11.00 24.51 152.25 -248.15 406.84 -0.26 -0.40 -0.69 0.70 0.74 0.78 0.98
11.00 31.06 -53.84 -96.89 198.51 -0.75 0.41 -0.80 0.16 0.47 0.70 0.81
6.00 1.12 -326.25 616.53 -40.15 -0.77 0.10 -0.32 0.92 0.10 0.29 0.44
25.00 83.95 -100.32 -347.23 -206.69 0.36 0.11 0.07 0.22 0.66 0.21 0.19
8.00 12.65 -215.11 -13.42 127.28 -0.07 0.26 -0.67 0.50 0.78 0.57 0.86
8.00 6.38 572.87 -266.75 -7.45 0.30 0.76 -0.05 0.25 0.19 0.85 0.52
7.00 0.89 60.48 81.25 492.39 -0.74 0.15 0.86 0.65 0.65 0.13 0.55
6.00 0.25 -381.45 170.12 672.84 0.47 0.21 -0.85 0.23 0.30 0.61 0.85
9.00 15.95 449.80 -370.25 410.56 -0.14 -0.36 -0.89 0.64 0.01 0.45 0.36
12.00 19.28 322.26 -7.87 -425.19 0.38 -0.19 0.95 0.54 0.69 0.89 0.14
5.00 4.13 -589.43 292.99 -181.51 0.62 0.39 0.00 0.58 0.05 0.89 0.63
26.00 60.79 633.04 -121.52 241.23 0.70 0.07 0.36 0.27 0.91 0.89 0.35
7.00 1.94 -93.96 184.85 -690.87 -0.06 -0.23 -0.98 0.59 0.91 0.39 0.09
9.00 14.14 121.73 -355.70 339.84 0.96 -0.21 -0.49 0.88 0.39 0.05 0.73
5.00 1.69 -109.23 721.73 17.77 -0.98 0.19 -0.62 0.94 0.61 0.83 0.91
20.00 36.33 141.59 719.44 -284.39 0.77 -0.61 0.21 0.21 0.76 0.41 0.66
15.00 52.23 1.22 730.07 -22.15 0.73 0.07 0.16 0.10 0.60 0.85 0.63
21.00 78.84 -386.03 -187.22 618.02 0.05 0.85 -0.06 0.32 0.16 0.06 0.19
10.00 14.46 227.27 -184.91 -470.87 -0.01 -0.57 0.54 0.15 0.54 0.95 0.17
6.00 3.31 -65.21 -340.26 674.04 -0.94 0.34 0.79 0.91 0.58 0.70 0.69
5.00 6.09 -183.86 552.14 363.92 0.98 0.28 0.60 0.19 0.33 0.02 0.87
8.00 15.84 -70.64 -239.66 -699.09 0.62 0.60 -0.26 0.35 0.59 0.41 0.96
34.00 73.98 117.39 56.27 630.99 0.18 -0.44 -0.05 0.84 0.45 0.55 0.97
5.00 5.51 0.94 -121.23 311.43 0.51 0.67 0.43 0.31 0.86 0.93 0.20
12.00 6.05 251.11 386.49 -145.31 -0.93 -0.51 0.66 0.16 0.55 0.17 0.21
6.00 2.58 -391.15 -1.43 -535.25 -0.12 0.78 -0.63 0.73 0.71 0.93 0.16
18.00 49.21 202.72 -135.68 405.05 -0.42 0.93 -0.09 0.77 0.78 0.64 0.16
8.00 16.52 512.96 86.70 21.74 0.65 0.91 -0.99 0.98 0.77 0.33 0.94
23.00 124.14 123.73 492.53 154.46 0.12 -0.79 0.68 0.60 0.19 0.45 0.10
5.00 1.54 -51.72 -19.65 -24.65 0.67 -0.07 -0.28 0.63 0.29 0.55 0.58
7.00 0.10 36.44 -97.32 304.17 0.12 0.88 0.43 0.55 0.11 0.73 0.31
6.00 7.42 654.66 -282.09 -172.53 0.36 -0.37 0.25 0.97 0.17 0.51 0.70
7.00 1.52 120.76 -543.97 -223.09 0.80 0.77 0.80 0.85 0.18 0.81 0.41
10.00 26.39 39.83 -47.19 -248.56 -0.55 0.60 0.64 0.91 0.34 0.27 0.41
9.00 9.96 -357.55 -225.63 -423.46 -0.35 0.53 -0.22 0.11 0.14 0.44 0.50
12.00 4.60 -549.01 24.99 -537.50 0.23 0.46 0.06 0.44 0.46 0.06 0.74
9.00 17.46 -630.45 300.71 -44.83 -0.41 -0.94 -0.30 0.19 0.65 0.56 0.53
25.00 63.90 -18.33 -47.15 -793.53 0.27 0.22 0.61 0.37 0.64 0.14 0.10
5.00 4.56 56.82 -599.28 373.81 0.70 0.14 -0.97 0.79 0.55 0.41 0.65
11.00 8.23 -70.99 354.86 -213.20 -0.82 -0.83 0.65 0.35 0.54 0.06 0.06
10.00 5.96 766.27 -209.36 -16.36 0.89 0.64 -0.15 0.97 0.57 0.74 0.68
8.00 8.25 -287.31 -679.37 101.69 -0.37 0.86 -0.47 0.96 0.50 1.00 0.66
31.00 100.57 -407.87 -38.49 560.35 -0.35 0.54 0.32 0.31 0.13 0.75 0.22
24.00 74.14 -186.52 -30.56 699.55 -0.72 -0.74 0.23 0.92 0.38 0.84 0.72
13.00 34.49 641.36 199.70 -180.02 -0.43 -0.47 0.63 0.86 0.87 0.97 0.38
6.00 4.60 -283.57 -102.64 408.59 -0.11 -0.85 0.72 0.80 0.70 0.87 0.50
6.00 1.78 8.42 647.02 -383.12 0.46 -0.51 -0.31 0.24 0.76 0.97 0.87
5.00 4.81 -82.54 -63.75 119.83 0.17 0.02 0.12 0.81 0.64 0.90 0.83
10.00 18.85 -411.57 60.73 -164.02 -0.86 0.69 0.98 0.09 0.39 0.70 0.99
6.00 4.47 -487.39 -186.45 82.54 0.93 0.34 0.19 0.76 0.72 0.59 0.75
8.00 4.45 92.11 -749.28 87.55 0.18 0.22 -0.51 0.26 0.89 0.08 0.26
27.00 113.13 124.01 399.29 579.42 -0.21 -0.20 0.75 0.74 0.77 0.81 0.45
7.00 7.69 378.57 309.19 -629.11 0.63 0.58 0.58 0.10 0.48 0.36 0.32
6.00 9.24 -285.13 -400.06 279.51 0.28 -0.45 -0.55 0.33 0.63 0.59 0.58
8.00 8.41 -40.17 316.58 -601.13 -0.85 -0.98 0.73 0.72 0.62 0.30 0.11
8.00 14.20 251.13 -302.59 429.30 -0.95 0.20 0.39 0.20 0.86 0.46 0.93
19.00 40.21 514.32 82.55 -592.80 0.06 0.53 -0.50 0.62 0.88 0.91 0.26
11.00 29.07 -475.11 137.16 242.89 0.54 -0.13 -0.99 0.91 0.35 0.95 0.84
28.00 203.49 -437.99 -276.51 36.38 0.57 -0.73 -0.67 0.69 0.95 0.21 0.43
8.00 10.43 -498.25 529.06 140.50 0.32 0.40 0.21 0.58 0.94 0.15 0.90
6.00 1.82 715.56 -90.53 4.52 -0.43 0.00 0.52 0.15 0.44 0.20 0.70
5.00 6.12 573.01 453.68 -3.32 0.75 -0.55 0.61 0.24 0.92 0.26 0.04
7.00 12.10 164.31 -22.62 306.44 -0.09 0.23 0.40 0.32 0.76 0.64 0.43
11.00 10.53 -242.98 -157.82 -604.74 0.93 -0.97 -0.20 0.48 0.66 0.21 0.39
10.00 18.35 -223.73 311.55 52.26 -0.08 -0.72 -0.37 0.38 0.20 0.24 0.16
12.00 24.95 -116.05 257.68 -204.40 -0.91 -0.51 -0.01 0.13 0.27 0.92 0.32
7.00 8.60 10.68 190.20 28.11 0.17 -0.72 0.60 0.74 0.56 0.18 0.06
14.00 32.50 579.95 -239.05 -84.36 -0.48 -0.09 0.51 0.22 0.68 0.65 0.60
7.00 1.60 -694.57 221.97 -127.08 0.59 -0.27 -0.20 0.83 0.59 0.75 0.42
11.00 26.61 -257.91 -603.56 96.42 -0.67 0.50 -0.28 0.80 0.67 0.51 0.99
14.00 31.31 173.25 -729.14 148.63 -0.37 -0.94 0.06 0.99 0.84 0.37 0.35
16.00 47.71 337.52 -483.17 156.32 -0.46 -0.42 0.54 0.62 0.01 0.59 0.18
5.00 1.07 -71.20 -51.20 -456.89 0.12 -0.82 -0.49 0.70 0.91 0.92 0.81
22.00 116.97 182.60 -667.89 348.36 0.06 0.30 -0.47 1.00 0.90 0.84 0.87
5.00 3.97 -254.05 -397.83 -590.34 0.66 -0.94 0.26 0.39 0.54 0.30 0.82
14.00 9.16 -252.03 192.76 -276.44 -0.77 0.71 -0.38 0.15 0.80 0.89 0.58
11.00 30.58 -464.55 171.14 21.23 -0.64 0.05 1.00 0.43 0.25 0.19 0.82
7.00 1.43 -333.39 -249.56 -123.79 -0.84 0.53 -0.55 0.23 0.37 0.05 0.39
6.00 5.35 -7.27 -93.96 -775.79 -0.18 -0.63 0.04 0.12 0.38 0.33 0.78
12.00 4.62 -113.77 44.22 -105.30 -0.06 0.20 0.65 0.18 0.56 0.68 0.15
6.00 0.53 469.83 -116.21 481.08 0.95 0.54 0.03 0.04 0.07 0.81 0.88
11.00 12.90 -419.29 -539.99 87.64 0.87 0.03 0.51 0.12 0.75 0.50 0.06
5.00 0.35 -266.83 107.31 672.68 -0.94 0.44 -0.89 0.48 0.20 0.11 0.42
8.00 10.06 -92.36 75.70 -311.65 -0.15 -0.66 -0.39 0.24 0.76 0.06 0.15
7.00 8.21 55.36 223.53 119.82 -0.80 -0.59 0.11 0.16 0.61 0.42 0.23
13.00 2.73 430.33 310.96 -344.58 0.77 0.81 0.44 0.71 0.15 0.18 0.90
13.00 33.08 -99.44 -8.10 780.40 0.98 0.04 -0.77 0.32 0.11 0.82 0.75
6.00 8.91 -466.55 29.98 30.17 0.87 0.31 -0.55 0.18 0.44 0.34 0.25
10.00 11.30 -471.51 -47.94 232.76 -0.10 0.75 -0.39 0.60 0.19 0.12 0.55
13.00 26.63 293.09 -14.24 30.06 0.73 -0.93 -0.78 0.99 0.15 0.36 0.13
22.00 14.99 283.89 162.13 728.97 0.56 0.51 -0.50 0.82 0.43 0.98 0.56
32.00 204.86 -208.75 22.93 -569.88 0.30 -0.69 -0.47 0.52 0.90 0.07 0.85
14.00 43.43 156.28 13.92 -610.39 0.86 0.38 -0.74 0.48 0.27 0.41 0.98
6.00 1.67 -728.81 -35.13 24.36 -0.20 -0.64 -0.35 0.13 0.14 0.48 0.62
6.00 7.39 202.23 -459.33 -552.02 -0.84 0.66 0.14 0.10 0.60 0.70 0.69
16.00 26.11 -160.16 352.69 54.35 -0.17 -0.30 0.29 0.78 0.41 0.78 0.18
8.00 0.90 559.64 -277.38 283.87 0.64 -0.59 -0.43 0.60 0.95 0.04 0.56
9.00 1.92 -152.64 -785.10 11.68 0.58 -0.49 0.84 0.91 0.69 0.29 0.39
23.00 8.36 -38.72 507.56 367.81 0.12 -0.02 -0.50 0.55 0.85 0.53 0.61
13.00 0.16 43.02 -46.03 155.47 1.00 0.07 0.03 0.94 0.88 0.26 0.08
8.00 15.43 -113.67 226.85 483.27 0.97 0.54 -0.04 0.68 0.31 0.31 0.02
6.00 0.47 329.13 338.21 413.85 0.28 -0.26 -0.33 0.60 0.44 0.91 0.95
9.00 1.20 78.86 -135.12 24.57 -0.39 -0.51 -0.93 0.64 0.29 0.32 0.36
5.00 3.30 216.55 408.20 -441.37 -0.20 -0.43 0.14 0.49 0.67 0.03 0.77
11.00 22.28 183.11 -464.36 61.81 0.80 0.96 0.02 0.66 0.47 0.42 0.50
17.00 57.81 -56.92 408.62 -446.64 0.33 0.60 0.09 0.51 0.67 0.07 0.02
21.00 40.86 -390.20 131.97 -242.60 -0.35 0.38 0.03 0.41 0.95 0.65 0.67
7.00 4.50 -94.48 -211.59 119.41 -0.50 -0.84 -0.96 0.12 0.37 0.64 0.82
19.00 56.83 -395.45 522.30 -113.09 -0.05 0.00 -0.96 0.36 0.58 0.98 0.92
8.00 2.37 113.02 -432.06 -660.24 -0.08 0.81 0.73 0.14 0.55 0.05 0.29
6.00 5.24 485.38 -312.82 460.62 0.33 0.10 0.03 0.74 0.79 0.94 0.40
9.00 2.62 653.02 -311.48 249.73 0.55 -0.33 0.61 0.18 0.95 0.10 0.91
8.00 5.17 -329.85 250.33 396.79 -0.79 0.42 0.82 0.24 0.09 0.20 0.41
10.00 9.13 -272.49 -240.32 -358.02 -0.65 -0.98 -0.51 0.16 0.12 0.20 0.36
14.00 45.50 507.19 501.85 -256.57 -0.09 -0.26 -0.37 0.77 0.20 0.70 0.34
11.00 21.07 -679.26 394.07 -100.21 0.53 -0.80 -0.33 0.37 0.95 0.09 0.82
13.00 17.69 708.62 -42.81 -146.90 0.33 -0.22 0.62 0.72 0.97 0.32 0.47
10.00 4.52 127.30 429.58 -255.62 -0.65 -0.54 0.95 0.42 0.06 0.93 0.53
10.00 23.85 85.07 -420.12 -220.76 -0.45 -0.30 -0.13 0.87 0.76 0.07 0.65
11.00 15.54 -65.67 442.05 397.82 0.58 0.17 0.56 0.43 0.18 0.56 0.81
19.00 0.92 205.76 -124.75 466.26 0.24 -0.70 -0.84 0.94 0.63 0.50 0.84
7.00 6.87 317.20 666.08 -304.06 0.41 0.12 -0.13 0.91 0.63 0.41 0.11
9.00 8.11 98.39 341.37 -78.71 -0.48 0.59 0.63 0.09 0.82 0.82 0.31
9.00 11.20 65.77 -210.12 286.98 0.48 -0.25 -0.33 0.41 0.94 0.37 0.52
7.00 0.60 -152.56 415.00 -223.88 0.06 -0.72 -0.07 0.35 0.90 0.49 0.60
21.00 102.64 -83.03 -238.96 499.18 0.50 -0.05 -0.55 0.72 0.76 0.37 0.40
14.00 1.60 -708.26 238.83 -99.42 0.04 -0.76 -0.86 0.39 0.98 0.75 0.98
11.00 9.17 -536.29 430.95 -76.39 0.25 -0.05 0.00 0.47 0.69 0.17 0.50
9.00 18.45 142.12 -264.57 540.10 -0.67 0.29 -0.91 0.34 0.43 0.31 0.28
15.00 44.03 -336.39 427.41 -144.68 0.25 0.08 -0.47 0.93 0.44 0.25 0.02
5.00 2.57 -433.68 186.03 103.12 0.22 -0.30 0.87 0.60 0.62 0.70 0.06
5.00 4.96 -620.20 -324.34 146.24 -0.06 0.72 0.31 0.10 0.61 0.56 0.95
6.00 5.21 514.44 251.00 -540.42 0.48 0.37 0.46 0.39 0.00 0.81 0.17
9.00 20.37 336.06 370.69 441.55 0.93 0.56 0.31 0.72 0.90 0.97 0.64
14.00 27.95 467.56 -82.47 -498.89 -0.77 0.07 0.24 0.07 0.80 0.46 0.44
17.00 1.83 -66.53 196.87 -410.51 0.23 0.17 0.71 0.49 0.21 0.95 0.21
5.00 3.26 512.32 -187.58 227.19 0.96 0.57 -0.51 0.06 0.03 0.81 0.17
5.00 2.04 -117.36 -376.77 654.88 0.50 0.33 -0.95 0.68 0.30 0.81 0.78
10.00 2.11 -39.38 -566.41 505.95 0.45 -0.23 0.19 0.81 0.94 0.88 0.82
5.00 6.29 624.89 341.75 20.23 -0.77 0.66 0.40 0.46 0.98 0.94 0.77
23.00 35.30 618.06 -197.01 -365.27 -0.27 0.97 0.87 0.82 0.11 0.15 0.14
5.00 0.32 -210.75 -668.48 181.58 -0.58 0.86 0.94 0.75 0.54 0.11 0.17
14.00 13.08 649.26 -393.70 -146.63 -0.73 -0.77 0.10 0.83 0.24 0.87 0.95
12.00 6.75 -270.89 19.38 -594.54 0.02 -0.24 0.53 0.90 0.83 0.08 0.28
8.00 4.20 -781.81 -37.68 -55.43 0.73 0.06 0.68 0.48 0.32 0.17 0.82
33.00 90.18 248.13 -561.22 -501.11 -0.08 0.15 0.76 0.37 0.13 0.21 0.26
28.00 47.94 435.66 -511.45 130.69 0.61 -0.50 -0.45 0.20 0.72 0.12 0.40
22.00 63.13 -343.08 -338.36 535.69 -0.60 0.49 0.52 0.27 0.99 0.10 0.91
18.00 71.02 160.98 -214.21 -690.75 -0.05 -0.63 0.26 0.19 0.26 0.86 0.40
10.00 23.85 -402.57 337.21 182.83 0.22 0.85 0.64 0.05 0.59 0.49 0.12
6.00 0.17 -234.00 -378.20 602.56 0.26 -0.23 -0.11 0.64 0.80 0.59 0.33
17.00 54.57 83.11 -91.26 110.33 -0.29 0.08 -0.83 0.85 0.40 0.12 0.53
6.00 4.99 277.68 211.68 662.89 -0.78 -0.42 0.81 0.18 0.05 0.62 0.50
18.00 40.27 -234.51 451.25 226.87 -0.35 0.93 -0.49 0.75 0.07 0.31 0.20
15.00 32.21 -212.70 -132.10 -416.12 0.32 0.64 -0.52 0.98 0.34 0.60 0.26
5.00 1.05 -157.93 -37.70 -749.05 -0.59 0.53 0.47 0.95 0.56 0.72 0.88
10.00 3.97 -633.48 131.93 254.36 0.01 -0.10 -0.07 0.23 0.88 0.35 0.04
9.00 7.77 -11.43 -62.66 734.63 0.21 -0.92 -0.88 0.56 0.24 0.92 0.50
11.00 13.02 -362.79 362.25 560.70 -0.51 -0.10 0.52 0.53 0.38 0.59 0.86
6.00 6.66 53.84 614.05 -114.76 -0.47 -0.90 0.71 0.70 0.88 0.86 0.85
12.00 15.09 -164.91 -17.25 220.00 0.03 -0.22 -0.39 0.84 0.73 0.64 0.61
22.00 75.19 15.84 110.62 -265.93 0.83 0.17 -0.74 0.25 0.74 0.12 0.37
5.00 5.81 -618.99 -90.83 59.86 0.84 -0.02 0.27 0.72 0.96 0.63 0.90
11.00 12.51 572.70 109.66 -265.59 -0.35 0.22 -0.35 0.73 0.19 0.40 0.83
10.00 13.85 91.51 8.81 -705.20 -0.70 0.27 -0.36 0.64 0.14 0.00 0.11
8.00 11.35 486.88 399.86 -401.12 -0.08 -0.24 0.19 0.73 0.45 0.67 0.92
5.00 3.99 -193.34 -647.04 -143.46 -0.98 0.15 -0.21 0.08 0.05 0.51 0.18
8.00 11.42 -587.86 -121.75 -50.62 0.16 -0.48 0.92 0.01 0.70 0.66 0.37
6.00 1.59 -263.74 542.60 22.13 0.31 0.76 -0.40 0.54 0.58 0.23 0.56
12.00 8.70 -126.31 -110.93 -776.60 0.80 0.98 0.55 0.69 0.44 0.28 0.99
36.00 7.84 -74.98 342.56 -299.67 -0.02 -0.80 -0.72 1.00 0.67 0.20 0.55
10.00 24.02 -510.72 -128.34 -565.68 0.60 -0.73 -0.70 0.97 0.01 0.48 0.54
5.00 6.54 -614.88 -294.63 -177.02 0.24 -0.99 -0.54 0.86 0.01 0.89 0.55
6.00 8.71 562.96 -315.48 116.06 0.67 -0.19 0.66 0.67 0.01 0.15 0.77
17.00 9.92 19.96 15.42 -231.96 0.40 -0.75 -0.10 0.98 0.13 0.03 0.02
18.00 46.82 136.25 250.46 453.84 -0.26 -0.78 0.30 0.40 0.75 0.67 0.30
7.00 11.36 406.63 582.37 185.83 0.11 -0.49 0.92 0.02 0.22 0.92 0.48
18.00 57.24 69.15 -316.68 81.51 0.18 0.30 -0.97 0.82 0.29 0.55 0.15
31.00 169.54 768.35 -64.33 93.96 0.34 0.65 0.40 0.05 0.67 0.20 0.26
10.00 11.52 -40.54 350.91 -14.13 -0.35 0.08 0.92 0.16 0.28 0.85 0.36
18.00 4.78 -685.70 196.20 -331.59 -0.85 -0.72 -0.15 0.64 0.55 0.55 0.18
13.00 40.24 375.51 473.01 172.15 -0.18 0.37 -0.60 0.34 0.95 0.78 0.05
14.00 13.65 280.11 -353.42 302.23 0.71 0.29 0.77 0.91 0.33 0.82 0.60
7.00 8.62 -302.49 -182.03 137.60 0.90 0.16 0.61 0.71 0.42 0.42 0.49
11.00 23.72 -137.72 512.48 258.29 0.70 0.46 0.15 0.73 0.93 0.81 0.41
5.00 2.45 46.40 -402.21 625.29 0.50 -0.35 -0.79 0.95 0.50 0.96 0.78
5.00 6.18 -188.01 -449.82 350.40 -0.95 -0.16 -0.89 0.19 0.60 0.33 0.63
11.00 12.91 697.00 256.99 123.07 0.38 0.08 -0.30 0.29 0.91 0.76 0.58
9.00 13.44 84.65 276.22 -64.80 0.88 -0.82 0.58 0.75 0.03 0.61 1.00
29.00 94.72 126.04 -588.68 -268.95 0.95 0.95 -0.60 0.94 0.44 0.80 0.31
13.00 34.67 -304.28 -511.88 315.83 0.32 -0.13 -0.26 0.33 0.71 0.78 0.83
11.00 16.39 424.07 -2.73 197.61 -0.50 -0.55 -0.39 0.33 0.56 0.92 0.36
8.00 6.84 -561.61 -4.58 -296.66 0.19 -0.14 0.41 0.53 0.77 0.63 0.71
9.00 12.84 19.68 -387.95 615.18 0.48 -0.91 0.80 0.35 0.69 0.97 0.44
7.00 11.95 -588.62 -285.12 -259.06 -0.85 -0.93 -0.14 0.99 0.85 0.61 0.82
6.00 4.78 -165.41 -436.24 -53.97 -0.04 -0.65 -0.48 0.96 0.72 0.46 0.26
7.00 8.45 251.94 -146.25 555.06 0.25 -0.75 -0.08 0.60 0.99 0.65 0.01
9.00 1.27 -177.90 639.98 -67.21 0.72 -0.08 0.03 0.31 0.86 0.09 0.23
13.00 39.11 -138.04 -249.19 419.57 -0.39 -0.44 0.26 0.70 0.22 0.29 0.59
7.00 10.91 445.74 -82.27 -83.24 -0.22 -0.27 -0.41 0.33 0.85 0.26 0.69
5.00 5.52 193.49 217.56 237.90 -0.79 -0.49 -0.29 0.19 0.44 0.14 0.79
6.00 6.28 313.87 510.30 -301.54 -0.02 0.59 0.56 0.36 0.64 0.19 0.03
23.00 135.23 -363.08 -200.74 -33.69 -0.01 0.69 0.51 0.39 0.31 0.89 0.49
5.00 5.75 52.19 -591.79 89.31 0.29 -0.50 0.92 0.09 0.80 0.52 0.98
9.00 0.52 -73.42 -504.32 -537.67 -0.26 -0.88 -0.24 0.67 0.65 0.51 0.68
27.00 84.94 26.00 137.03 622.16 -0.69 0.37 -0.12 0.76 0.88 0.80 0.80
9.00 12.33 437.37 246.07 330.48 -0.13 -0.54 -0.52 0.60 0.49 0.41 0.74
12.00 33.81 453.92 193.07 95.61 0.14 0.06 0.09 0.94 0.40 0.94 0.52
10.00 6.37 358.99 -400.80 -7.17 0.84 0.90 -0.51 0.45 0.13 0.90 0.36
6.00 5.06 -170.04 -90.11 557.49 -0.61 0.76 0.24 0.37 0.19 0.45 0.42
9.00 5.84 -473.58 -128.77 401.44 0.72 -0.94 -0.60 0.14 0.39 0.61 0.27
6.00 1.20 -165.14 -577.81 -249.37 -0.08 -0.13 -0.74 0.17 0.79 0.39 0.99
7.00 2.64 -108.79 -567.65 287.79 -0.18 0.91 0.69 0.19 0.63 0.86 0.10
10.00 10.36 49.79 -11.27 -716.93 -0.56 0.80 -0.46 0.16 0.12 0.50 0.07
5.00 6.04 -4.17 122.12 388.68 -0.85 -0.39 0.84 0.50 0.91 0.37 0.32
8.00 11.95 463.63 -411.61 490.78 0.33 0.88 -0.46 0.80 0.44 0.47 0.29
14.00 7.70 321.44 -282.22 18.20 -0.06 0.21 -0.10 0.47 0.23 0.58 0.01
6.00 5.07 -490.46 268.02 506.73 -0.60 -0.42 0.50 0.84 0.81 0.39 0.95
9.00 5.53 369.06 59.12 63.17 0.99 0.53 0.35 0.41 0.29 0.16 0.74
25.00 40.08 351.47 -472.51 -539.17 0.37 0.70 -0.20 0.05 0.97 0.35 0.11
8.00 12.23 -161.03 -178.68 -272.71 0.12 0.03 -0.31 0.40 0.60 0.36 0.48
9.00 5.22 -122.83 -285.79 697.68 -0.90 -0.18 -0.85 1.00 0.88 0.08 0.76
12.00 35.82 192.12 396.76 -291.39 -0.65 -0.29 0.60 0.67 0.33 0.70 0.53
16.00 40.51 488.27 16.17 -625.48 -0.72 -0.29 -0.57 0.61 0.01 0.70 0.40
11.00 22.46 -271.86 293.90 -115.91 0.08 -0.02 -0.22 0.43 0.75 0.93 0.54
10.00 10.65 493.63 -363.02 117.66 0.88 -0.85 -0.85 0.39 0.14 0.04 0.11
6.00 8.85 -293.64 37.63 -160.28 -0.21 0.94 -0.67 0.19 0.06 0.59 0.57
6.00 1.06 206.09 404.72 551.71 -0.83 -0.02 0.96 0.49 0.81 0.67 0.06
10.00 22.84 -299.60 553.52 300.59 0.51 -0.40 -0.74 0.97 0.20 0.83 0.68
5.00 2.11 -22.38 82.15 613.85 0.59 0.09 -0.43 0.45 0.25 0.85 0.97
9.00 18.71 -461.05 5.18 -169.17 -0.30 -0.52 0.25 0.59 0.62 0.69 0.78
5.00 5.67 570.24 376.67 98.34 -0.97 0.82 -0.28 0.67 0.62 0.45 0.35
19.00 13.48 362.38 -594.84 53.85 0.81 -0.38 -0.59 0.88 0.18 0.51 0.25
6.00 0.47 -500.53 281.25 -20.36 0.32 0.40 -0.93 0.11 0.78 0.88 0.80
6.00 8.64 381.07 -55.61 231.91 -0.21 -0.73 -0.30 0.77 0.76 0.70 0.56
8.00 10.51 -300.33 429.93 27.97 0.61 -0.05 0.78 0.66 0.15 0.42 0.56
19.00 86.63 -263.33 744.28 -123.51 -0.62 0.81 0.83 0.18 0.29 0.13 0.98
9.00 10.52 220.78 -14.79 -490.85 -0.29 -0.70 -0.48 0.44 0.16 0.68 0.34
8.00 11.18 182.85 635.31 -104.72 -0.56 0.80 0.71 0.70 0.36 0.50 0.22
7.00 3.61 -580.38 -131.48 527.48 -0.90 0.53 0.19 0.01 0.19 0.91 0.02
7.00 5.75 -328.84 -416.82 -299.99 -0.88 0.10 0.81 0.87 0.35 0.34 0.56
12.00 4.46 -360.79 195.11 685.85 0.51 -0.66 0.38 0.68 0.27 0.22 0.46
10.00 4.32 210.87 228.09 212.25 0.03 0.89 -0.69 0.30 0.91 0.04 0.69
17.00 57.61 -513.91 -373.91 -366.83 -0.94 0.74 0.75 0.54 0.32 0.37 0.52
9.00 12.27 64.53 266.50 -83.64 0.69 -0.01 0.33 0.53 0.42 0.83 0.28
9.00 5.45 520.98 -124.07 399.78 -0.09 0.71 0.83 0.85 0.18 0.08 0.84
6.00 9.66 -229.92 -342.29 -130.14 -0.71 0.73 -0.61 0.91 0.48 0.30 0.89
10.00 18.94 626.84 -95.91 195.99 0.41 -0.46 0.73 0.01 0.23 0.73 0.47
7.00 13.04 -46.00 574.66 51.40 -0.60 -0.94 0.40 0.05 0.83 0.76 0.79
7.00 1.32 122.87 377.80 -412.95 -0.56 1.00 0.70 0.94 0.57 0.06 0.27
7.00 1.23 501.86 335.13 -415.23 -0.95 -0.82 0.16 0.38 0.68 0.51 0.41
10.00 16.14 -358.62 -256.58 558.11 0.98 -0.25 0.43 0.85 0.96 0.49 0.20
7.00 3.53 67.04 250.01 593.76 0.09 -0.55 0.73 0.56 0.85 0.18 0.48
13.00 8.67 499.92 392.61 -23.95 0.41 0.65 -0.29 0.90 0.71 0.09 0.99
6.00 3.37 -215.16 -23.94 531.31 -0.72 0.88 0.04 0.87 0.63 0.01 0.87
9.00 3.03 -530.61 -323.25 -226.98 -0.65 -0.65 -0.77 0.06 0.77 0.66 0.34
20.00 83.91 -388.79 -179.78 -191.23 -0.92 -0.01 0.14 0.84 0.52 0.71 0.22
11.00 31.30 131.44 -315.95 -494.96 0.63 -0.02 -0.17 0.76 0.08 0.76 0.15
13.00 0.45 294.38 -235.95 12.27 0.07 -0.12 0.02 0.02 0.50 0.53 0.90
7.00 1.39 -462.02 210.00 -425.90 -0.67 -0.35 -0.61 0.87 0.37 0.50 0.64
7.00 8.56 140.23 39.61 700.19 -0.87 -0.02 0.41 0.32 0.89 0.36 0.67
30.00 107.34 -58.80 -619.66 -229.93 -0.21 0.87 -0.04 0.14 0.50 0.47 0.61
9.00 1.40 96.12 -270.48 456.30 -0.17 -0.93 -0.39 0.61 0.30 0.98 0.47
6.00 2.18 -20.11 167.03 -375.85 0.83 -0.53 0.29 0.36 0.30 0.05 0.99
14.00 5.13 -19.62 9.20 -204.81 -0.85 0.01 -0.44 0.43 0.19 0.17 0.93
8.00 11.81 -71.82 -363.78 122.69 -0.81 0.51 -0.08 0.41 0.83 0.93 0.16
13.00 39.25 -215.06 30.56 -203.55 -0.13 0.60 0.46 0.89 0.65 0.81 0.22
31.00 5.48 379.69 -16.49 168.19 -0.03 -0.31 -0.84 0.75 0.34 0.37 0.16
12.00 19.85 15.81 704.72 -273.17 0.05 -0.78 0.93 0.33 0.69 0.17 0.17
6.00 7.35 369.50 474.71 -42.73 -0.43 -0.62 0.04 0.46 0.18 0.22 0.62
9.00 2.55 295.55 48.60 487.33 -0.18 -0.70 -0.17 0.65 0.28 0.62 0.22
30.00 170.74 450.58 206.28 -452.00 0.23 -0.50 0.25 0.57 0.85 0.07 0.18
10.00 23.72 374.55 -227.54 52.67 -0.50 -0.09 -0.94 0.98 0.86 0.17 0.10
11.00 30.98 122.57 208.79 -160.50 -0.54 0.77 -0.83 0.54 0.19 0.70 0.94
28.00 11.90 -771.48 -50.04 -198.82 0.44 -0.68 0.31 0.31 0.37 0.04 0.51
14.00 18.14 47.07 -143.71 35.90 -0.61 0.88 0.32 0.81 0.57 0.70 0.32
5.00 2.31 -488.52 -211.72 -390.47 0.17 0.73 0.64 0.95 0.65 0.21 0.34
8.00 5.53 576.31 -227.60 277.65 -0.24 0.27 -0.80 0.93 0.78 0.21 0.71
10.00 25.30 -83.95 383.18 654.22 -0.61 -0.53 -0.22 0.42 0.04 0.08 0.64
15.00 56.38 505.39 109.36 -532.87 -0.93 -0.24 -0.70 0.95 0.97 0.68 0.77
10.00 14.97 -123.64 96.88 140.71 0.97 0.03 0.08 0.83 0.93 0.72 0.88
11.00 11.77 -142.74 -343.12 -101.35 -0.04 -0.31 0.93 0.79 0.54 0.62 0.60
14.00 5.03 152.62 -660.36 -39.19 0.75 0.46 -0.44 0.44 0.95 0.96 0.79
7.00 5.76 -129.77 335.51 -309.69 0.28 -0.24 -0.47 0.46 0.10 0.39 0.43
16.00 51.38 354.58 -652.55 -129.61 0.15 -0.55 0.51 0.81 0.11 0.22 0.96
9.00 19.50 688.29 325.26 -198.11 0.28 0.69 -0.45 0.53 0.96 0.41 0.62
6.00 1.38 16.44 -280.09 -86.05 -0.97 -0.08 -0.70 0.77 0.76 0.93 0.74
21.00 21.57 -357.83 88.86 -571.71 -0.49 0.37 -0.82 0.19 0.19 0.29 0.60
18.00 21.95 558.22 129.54 -23.21 0.93 -0.11 -0.60 0.22 0.46 0.42 0.30
25.00 27.11 157.95 -186.47 138.21 -0.07 0.69 -0.17 0.01 0.65 0.85 0.85
5.00 0.18 31.27 -192.10 -343.71 0.83 -0.74 0.35 0.28 0.08 0.71 0.96
21.00 92.45 -344.76 -478.53 536.43 0.25 0.10 -0.84 0.20 0.71 0.40 0.24
13.00 29.09 -108.93 99.68 340.65 -0.85 0.56 0.05 0.82 0.12 0.24 0.91
10.00 26.71 -568.88 269.89 -106.92 -0.45 -0.71 0.92 0.87 0.74 0.40 0.11
8.00 10.84 124.71 72.25 -129.78 0.51 -0.11 -0.13 0.82 0.53 0.44 0.82
7.00 3.54 220.24 -179.60 247.40 -0.60 0.03 -0.14 0.65 0.10 0.76 0.73
5.00 1.54 445.66 224.52 -9.68 -0.33 -0.22 0.48 0.27 0.54 0.65 0.70
6.00 8.53 -332.04 453.74 193.74 -0.60 -0.85 0.67 0.00 0.73 0.46 0.62
11.00 16.37 243.85 607.15 393.06 0.05 0.74 -0.25 0.87 0.04 0.26 0.63
5.00 0.09 133.21 -60.86 -643.36 0.72 0.98 -0.97 0.40 0.20 0.91 0.66
8.00 11.48 -582.16 189.78 -132.64 0.34 0.09 0.22 0.72 0.15 0.31 0.70
21.00 53.84 138.85 -265.21 303.15 -0.37 -0.83 0.16 0.72 0.35 0.76 0.88
10.00 9.54 478.37 -120.68 -301.15 -0.42 -0.15 0.02 0.20 0.91 0.49 0.98
17.00 76.11 425.63 349.92 225.38 0.04 0.07 -0.27 0.17 0.37 0.50 0.79
8.00 1.23 394.30 -82.10 542.68 -0.84 0.76 -0.80 0.55 0.88 0.91 0.36
14.00 32.46 331.23 233.00 -592.02 -0.27 -0.82 -0.88 0.71 0.12 0.03 0.79
15.00 19.26 680.97 -362.38 -47.55 -0.13 -0.96 0.25 0.47 0.19 0.96 0.07
8.00 8.19 85.63 -691.82 -172.46 -0.78 -0.65 0.38 0.43 0.15 0.38 0.34
28.00 197.12 260.21 226.28 215.55 -0.05 0.66 0.51 0.85 0.40 0.16 0.45
8.00 15.70 749.93 -83.14 218.78 -0.92 0.63 -0.15 0.46 0.98 0.95 0.14
18.00 49.39 325.65 -16.88 220.17 0.38 0.29 -0.12 0.13 0.49 0.80 0.27
9.00 12.04 -307.30 -382.52 -98.19 -0.58 0.67 0.91 0.99 0.53 0.34 0.09
9.00 3.02 231.09 -162.15 495.21 -0.83 -0.92 0.17 0.34 0.33 0.55 0.47
10.00 1.21 -152.96 -444.35 -190.77 -0.64 0.70 0.34 0.60 0.80 0.32 0.48
9.00 4.74 278.46 -648.95 -56.09 0.54 -0.93 -0.59 0.60 0.08 0.77 0.95
7.00 0.66 -717.23 126.67 -212.07 -0.23 -0.21 0.93 0.77 0.05 0.01 0.98
12.00 13.32 -456.07 -228.35 326.84 -0.12 0.01 0.02 0.38 0.89 0.02 0.65
12.00 17.06 -423.91 -22.51 423.50 -0.05 0.53 0.93 0.52 0.15 0.79 0.27
14.00 12.82 -102.84 427.24 -371.27 -0.72 0.59 -0.08 0.60 0.07 0.53 0.64
10.00 12.82 -738.28 -241.51 -174.45 -0.67 0.46 0.44 0.56 0.60 0.59 0.27
10.00 8.34 -211.46 -293.63 360.46 -0.18 -0.18 -0.90 0.89 0.32 0.26 0.88
7.00 9.63 96.36 444.96 -554.19 0.25 -0.38 0.82 0.79 0.43 0.94 0.00
10.00 17.36 -500.13 246.89 332.80 0.78 0.37 0.25 0.90 0.28 0.20 0.96
16.00 6.65 -250.20 -465.26 -154.37 0.82 0.80 -0.01 0.08 0.59 0.17 0.78
9.00 16.59 325.67 -78.22 222.94 0.15 -0.05 0.85 0.39 0.11 0.94 0.80
7.00 5.40 -321.85 -639.26 270.44 0.53 -0.72 0.42 0.67 0.01 0.70 0.75
5.00 6.13 140.47 122.53 -263.30 0.81 0.95 -0.57 0.52 0.08 0.86 0.11
9.00 6.05 286.28 234.73 -636.26 0.89 0.81 -0.30 0.67 0.12 0.46 0.23
5.00 5.80 -18.01 307.98 -463.20 -0.77 -0.42 -0.18 0.14 0.70 0.22 0.68
16.00 16.48 427.88 -267.25 -77.77 0.06 -0.09 -0.75 0.43 0.71 0.72 0.53
37.00 23.19 389.33 13.40 -694.89 -0.59 -0.19 0.63 0.68 0.57 0.95 0.28
7.00 1.65 -39.69 173.84 54.57 -0.66 -0.94 0.55 0.44 0.29 0.89 0.23
5.00 0.23 -359.29 -603.76 -68.30 -0.36 -0.39 -0.86 0.82 0.49 0.03 0.64
8.00 5.31 411.38 522.34 -188.00 0.15 -0.41 0.17 0.72 0.13 0.54 0.26
7.00 10.39 305.22 182.01 407.07 0.30 0.97 -0.33 0.97 0.04 0.82 1.00
29.00 139.61 621.46 129.76 -439.48 -0.54 -0.04 -0.42 0.90 0.06 0.17 0.05
5.00 2.89 251.15 -175.83 517.11 0.71 0.06 -0.57 0.11 0.85 0.99 0.85
11.00 30.42 212.38 -519.58 -177.93 -0.33 0.55 0.91 0.56 0.39 0.41 0.47
21.00 63.42 108.77 -597.79 330.14 0.37 0.95 0.31 0.34 0.32 0.56 0.39
9.00 15.22 309.58 -306.94 -331.81 -0.58 -0.79 -0.14 0.40 0.93 0.28 0.34
12.00 9.19 -514.04 73.51 298.56 0.91 -0.94 -0.10 0.58 0.23 0.38 0.84
12.00 3.17 19.74 -722.21 -50.96 0.90 0.44 0.41 0.31 0.29 0.24 0.44
6.00 3.22 171.60 229.17 -555.37 0.10 -0.58 0.68 0.36 0.69 0.89 0.77
7.00 0.26 -40.49 -180.26 119.43 0.77 0.45 0.40 0.49 0.63 0.17 0.08
11.00 10.24 272.78 144.84 459.22 -0.87 -0.72 -0.30 0.80 0.92 0.44 0.03
10.00 13.50 59.63 -276.73 -642.31 -0.99 -0.28 -0.57 0.53 0.37 0.13 0.46
9.00 13.92 -579.15 145.76 195.73 0.91 0.93 -0.37 0.31 0.87 0.10 0.43
5.00 4.87 9.72 395.33 684.31 0.37 0.40 0.82 0.02 0.62 0.15 0.30
6.00 5.89 748.41 178.43 165.79 0.58 0.83 -0.05 0.01 0.51 0.58 0.19
6.00 7.74 331.16 286.22 146.43 0.97 0.38 -0.28 0.33 0.95 0.27 0.89
8.00 9.64 57.95 561.25 459.86 -0.17 -0.29 0.09 0.50 0.76 0.50 0.96
8.00 8.42 -104.20 -380.50 -62.62 0.30 -0.99 0.30 0.26 0.77 0.00 0.00
9.00 13.99 183.00 -645.90 -306.08 0.68 -0.10 -0.18 0.55 0.67 0.28 0.73
6.00 6.03 197.87 -285.52 -59.12 0.93 0.82 0.44 0.13 0.22 0.34 0.42
5.00 6.53 502.07 -203.32 -513.68 0.62 0.60 0.44 0.05 0.04 0.68 0.90
8.00 10.56 97.16 -466.34 -41.59 -0.79 -0.47 0.68 0.33 0.46 0.44 0.61
6.00 8.79 381.43 555.45 202.77 -0.44 -0.34 0.29 0.80 0.31 0.50 0.64
35.00 162.86 69.63 -768.30 207.25 0.86 -0.50 0.98 0.81 0.58 0.79 0.33
8.00 12.32 -305.63 -36.78 -220.01 0.35 0.42 0.20 0.16 0.73 0.82 0.22
12.00 3.01 358.15 -181.65 313.93 0.76 -0.19 0.65 0.79 0.07 0.03 0.70
29.00 87.53 -177.11 -71.93 -543.98 0.98 -0.89 0.95 0.86 0.20 0.79 0.32
10.00 6.08 -317.06 375.51 -445.67 0.00 0.61 -0.30 0.51 0.80 0.88 0.25
6.00 8.28 -268.20 10.53 209.80 -0.77 -0.06 -0.34 0.51 0.42 0.11 0.08
18.00 31.67 542.13 91.65 -241.80 -0.69 0.80 -0.41 0.00 0.72 0.52 0.17
16.00 57.14 -120.45 261.43 235.47 0.68 -0.76 -0.73 0.28 0.69 0.71 0.53
7.00 8.71 483.67 -126.61 623.24 -0.40 0.72 -0.32 0.38 0.39 0.74 0.06
35.00 46.22 -384.92 -484.67 -87.18 -0.62 -0.34 0.73 0.95 0.87 0.93 0.48
9.00 16.72 718.71 -94.31 288.74 0.31 0.81 0.58 0.10 0.13 0.43 0.30
11.00 25.71 654.81 177.76 -421.52 0.11 0.72 0.44 0.53 0.05 0.88 0.62
15.00 22.47 330.97 -627.15 107.02 -0.55 0.19 -0.26 0.55 0.88 0.36 0.32
16.00 64.72 -285.28 -378.25 -383.94 -0.76 0.45 -0.39 0.54 0.90 0.39 0.90
13.00 2.67 -200.16 343.36 6.37 -0.11 -0.49 0.70 0.19 0.02 0.21 0.03
11.00 23.15 -113.38 -177.08 432.77 -0.19 0.72 -0.88 0.09 0.67 0.63 0.78
5.00 2.81 -42.81 -710.91 -250.02 -0.24 -0.09 -0.62 0.01 0.25 0.54 0.49
11.00 14.90 51.97 -278.69 254.25 -0.46 0.65 0.20 0.13 0.83 0.61 0.30
7.00 5.52 449.50 339.72 100.94 0.37 -0.71 -0.89 0.77 0.32 0.98 0.70
6.00 8.75 151.16 69.76 526.10 0.66 -0.07 -0.28 0.42 0.47 0.58 0.64
22.00 2.46 190.39 -230.77 656.95 -0.49 -0.84 -0.56 0.69 0.41 0.94 0.84
14.00 13.84 -85.67 36.62 721.42 -0.04 0.72 0.70 0.01 0.15 0.34 0.35
11.00 13.87 613.77 -132.80 478.72 -0.76 -0.80 -0.68 0.12 0.80 0.31 0.27
5.00 2.74 -0.54 514.31 -166.18 -0.29 -0.04 -0.43 0.60 1.00 0.03 0.44
7.00 2.96 325.41 -82.60 281.70 -0.19 0.55 -0.61 0.32 0.54 0.64 0.90
36.00 126.72 -59.50 -506.63 -599.07 0.46 -0.68 -0.09 0.53 0.88 0.65 0.72
15.00 13.66 -396.85 -179.34 80.02 -0.08 -0.48 0.29 0.70 0.61 0.06 0.17
8.00 16.91 166.94 -533.03 -453.87 0.05 -0.04 -0.11 0.63 0.91 0.82 0.81
8.00 10.21 410.37 601.38 124.24 -0.84 -0.49 -0.79 0.46 0.70 0.64 0.28
6.00 3.72 594.94 399.38 49.78 -0.70 -0.72 -0.25 0.06 0.10 0.11 0.01
15.00 37.15 342.50 -641.51 -302.23 0.17 -0.09 0.91 0.72 0.77 0.99 0.35
6.00 1.30 -567.72 -25.82 -268.37 -0.90 0.98 -0.72 0.75 0.84 0.04 0.12
9.00 11.68 -69.80 683.58 -381.70 0.44 0.04 0.06 0.83 0.29 0.66 0.87
7.00 1.67 -417.17 341.76 537.74 0.76 0.93 0.25 0.89 0.81 0.43 0.23
7.00 8.10 -559.43 -2.27 -408.33 0.62 -0.09 -0.21 0.97 0.02 0.78 0.22
17.00 25.95 -726.90 85.54 -287.31 0.63 -0.45 -0.39 0.35 0.55 0.49 0.10
18.00 20.77 -499.72 -414.31 76.26 0.52 -0.74 0.14 0.69 0.01 0.60 0.67
16.00 54.22 -10.40 -601.45 -426.04 0.97 -0.49 -0.54 0.80 0.87 0.97 0.60
11.00 24.84 563.35 -367.83 -263.52 -0.14 0.18 0.67 0.36 0.93 0.91 0.64
13.00 8.62 -256.85 -390.46 -239.05 0.48 -0.02 -0.34 0.57 0.61 0.23 0.60
14.00 31.72 -115.78 93.59 761.81 -0.35 0.41 0.84 0.69 0.03 0.19 0.32
6.00 0.45 45.13 -182.71 -649.80 -0.63 0.51 0.74 0.94 0.40 0.65 0.70
16.00 2.94 587.84 -72.07 17.03 0.49 -0.75 0.37 0.19 0.23 0.04 0.59
12.00 4.31 -88.30 268.84 -285.91 -0.61 -0.31 -0.97 0.06 0.47 0.05 0.92
26.00 16.51 -142.42 -139.38 -7.99 -0.96 -0.86 -0.14 0.90 0.42 0.13 0.01
11.00 18.23 304.72 -20.88 482.49 -0.24 0.25 0.57 0.95 0.98 0.16 0.61
17.00 63.74 -641.76 146.78 -443.63 -0.69 0.73 0.64 0.49 0.52 1.00 0.76
5.00 2.65 548.91 146.68 -373.53 -0.78 0.27 0.93 0.15 0.90 0.86 0.54
32.00 176.08 251.82 41.02 70.67 0.91 -0.95 0.61 0.88 0.53 0.13 0.09
6.00 6.60 256.44 -516.66 181.73 0.98 0.06 0.59 0.38 0.69 0.43 0.05
31.00 196.87 215.62 -374.20 649.99 0.11 0.38 -0.97 0.89 0.95 0.70 0.13
15.00 22.93 302.11 -407.65 -72.40 0.16 0.25 0.83 0.84 0.97 0.81 0.34
11.00 31.91 -345.33 -89.51 333.48 -0.91 -0.47 -0.53 0.80 0.62 0.53 0.43
9.00 12.06 471.31 -8.00 380.87 0.56 0.58 -0.91 0.85 0.34 0.08 0.86
22.00 31.79 93.73 -427.60 -16.17 -0.20 0.01 -0.31 0.69 0.00 0.46 0.24
29.00 69.32 463.99 420.40 -361.65 0.69 0.20 0.99 0.96 0.24 0.81 0.24
8.00 12.97 -79.07 -191.52 -67.64 0.75 0.22 -0.45 0.54 0.87 0.82 0.92
7.00 1.69 -463.52 -170.77 -400.77 -0.67 0.20 0.05 0.39 0.76 0.02 0.23
8.00 10.52 136.66 -232.75 -747.25 -0.75 -0.69 -0.20 0.06 0.98 0.61 0.70
8.00 7.74 -726.04 -113.27 -93.71 -0.11 -0.65 -0.97 0.06 0.30 0.61 0.31
11.00 25.86 -25.33 -82.31 -228.09 -0.68 -0.39 0.10 0.76 0.82 0.29 0.66
7.00 5.12 -121.70 -360.29 328.25 -0.44 0.37 0.44 0.52 0.40 0.01 0.41
10.00 1.85 570.12 -216.17 -10.81 -0.80 -0.49 -0.22 0.82 0.64 0.37 0.59
9.00 14.39 -98.68 -255.38 553.08 0.46 0.91 -0.84 0.73 0.49 0.81 0.04
12.00 30.99 -244.24 -163.96 51.84 0.17 0.07 0.16 0.94 0.77 0.93 0.69
8.00 16.65 -75.61 -346.49 -99.86 -0.35 -0.08 -0.96 0.18 0.21 0.47 0.93
11.00 9.18 331.64 141.22 397.58 0.64 -0.36 0.52 0.29 0.06 0.21 0.06
9.00 15.96 -592.74 -340.09 286.27 -0.06 0.30 -0.03 0.32 0.67 0.66 0.84
10.00 21.31 -276.34 478.99 455.44 -0.39 0.42 0.15 0.15 0.62 0.84 0.19
7.00 9.00 -544.29 190.69 -516.74 -0.47 -0.42 0.19 0.34 0.41 0.54 0.89
9.00 17.76 -384.03 -297.00 -626.74 -0.33 -0.10 0.36 0.92 0.18 0.57 0.77
6.00 5.71 544.47 -90.25 -389.32 -0.10 -0.43 0.95 0.47 0.42 0.97 0.29
11.00 4.24 144.81 -201.73 -384.33 0.62 0.94 0.08 0.64 0.53 0.76 0.93
6.00 7.24 -554.87 162.36 -413.46 -0.36 -0.72 0.32 0.04 0.49 0.10 0.24
6.00 2.99 456.41 144.76 37.20 -0.75 -0.28 -0.55 0.28 0.88 0.16 0.46
9.00 17.82 -244.82 -18.32 665.66 -0.31 -0.08 -0.25 0.95 0.31 0.98 0.08
6.00 3.48 -159.27 -697.71 -186.20 -0.08 0.92 -0.41 0.76 0.61 0.34 0.32
6.00 9.35 -252.83 322.56 400.33 0.23 0.06 0.62 0.74 0.34 0.92 0.86
7.00 5.83 250.33 -409.78 -109.47 0.40 -0.53 0.95 0.80 0.28 0.58 0.00
6.00 3.73 -306.42 427.88 134.08 0.32 -0.33 -0.78 0.75 0.58 0.47 0.67
16.00 27.29 -537.72 200.00 -29.89 0.99 0.92 0.65 0.59 0.60 0.18 0.66
7.00 0.66 177.32 -31.24 -87.67 -0.76 0.21 0.76 0.90 0.42 0.40 0.61
13.00 20.56 -273.44 749.07 -38.23 0.91 0.60 0.63 0.53 0.48 0.56 0.28
6.00 3.04 43.38 183.40 -592.81 -0.27 0.11 -0.81 0.61 0.50 0.05 0.98
21.00 7.71 312.90 142.55 -373.47 0.14 0.41 0.20 0.43 0.87 0.52 0.11
7.00 10.33 -115.14 398.21 -350.08 0.63 -0.13 0.90 0.54 0.17 0.69 0.87
7.00 8.30 -510.86 -484.42 -262.65 0.35 0.20 0.92 0.02 0.20 0.79 0.66
5.00 4.21 322.80 483.47 394.22 -0.33 -0.72 0.69 0.18 0.86 0.10 0.06
9.00 13.44 19.72 -399.46 68.64 -0.62 -0.65 0.78 0.42 0.60 0.30 0.53
13.00 0.76 -324.52 231.76 96.10 -0.08 0.63 0.28 0.04 0.04 0.23 0.01
27.00 128.24 51.70 313.39 635.73 -0.74 -0.13 -0.85 0.80 0.71 0.03 0.53
9.00 16.60 -117.73 185.70 -615.83 0.80 -0.97 -0.30 0.34 0.90 0.89 0.56
12.00 22.65 -406.55 -438.60 -47.44 0.40 -0.20 -0.88 0.85 0.44 0.56 0.93
7.00 5.03 -195.97 197.61 -60.94 0.40 0.81 -0.75 0.71 0.27 0.21 0.21
16.00 28.65 -67.72 -267.92 -101.40 0.15 -0.61 -0.47 0.42 0.50 0.41 0.01
9.00 13.04 -67.29 -333.32 718.50 0.15 -0.32 0.77 0.74 0.93 0.47 0.86
5.00 5.84 -119.68 -35.93 105.41 0.63 -0.73 0.16 0.83 0.61 0.76 0.27
7.00 8.93 -34.36 211.55 23.52 0.84 -0.59 -0.01 0.24 0.69 0.06 0.62
5.00 4.12 -290.27 -354.91 508.48 -0.67 -0.23 -0.11 0.16 0.00 0.06 0.80
5.00 2.72 -184.02 -222.50 719.89 -0.22 0.95 0.81 0.42 0.53 0.03 0.96
9.00 14.38 539.89 372.59 64.70 0.11 0.49 -0.85 0.54 0.05 0.13 0.63
18.00 73.85 468.21 -336.22 111.04 -0.28 0.43 0.48 0.92 0.75 0.99 0.72
8.00 16.99 -338.71 -128.79 364.25 -0.19 0.27 -0.79 0.69 0.15 0.62 0.03
17.00 61.73 -161.51 696.20 314.63 -0.50 -0.34 -0.75 0.68 0.18 0.77 0.71
8.00 10.85 -580.80 474.23 -61.57 0.18 0.19 0.61 0.12 0.84 0.38 0.17
11.00 15.35 -259.42 249.33 -175.61 -0.04 0.75 -0.34 0.08 0.98 0.81 0.51
11.00 7.58 512.75 265.30 31.76 0.68 -0.06 0.57 0.36 0.03 0.25 0.13
6.00 1.92 -558.68 -480.88 -260.28 0.95 0.82 -0.53 0.67 0.53 0.64 0.65
10.00 17.59 -538.77 5.11 183.14 -0.73 -0.62 0.10 0.48 0.73 0.64 0.28
11.00 17.72 -15.67 67.01 -557.93 0.41 0.82 0.26 0.76 0.79 0.56 0.25
12.00 27.44 -240.48 -550.12 -199.94 -0.78 0.46 0.07 0.76 0.61 0.31 0.55
11.00 11.78 145.38 45.04 -712.21 0.85 -0.52 0.63 0.77 0.59 0.79 0.79
14.00 39.14 -284.15 -399.12 568.36 0.30 0.45 0.62 0.97 0.45 0.91 0.80
18.00 29.51 -55.57 400.03 -155.96 -0.75 -0.79 -0.31 0.93 0.69 0.09 0.58
16.00 59.43 512.29 -182.39 -288.62 -0.84 0.35 0.81 0.41 0.38 0.18 0.56
6.00 8.07 -563.27 171.40 528.38 0.56 0.51 -0.49 0.89 0.68 0.07 0.40
21.00 82.26 -47.44 -343.20 581.48 -0.13 0.56 -0.63 0.76 0.18 0.47 0.94
5.00 1.21 -143.62 155.21 242.09 0.59 -0.66 0.82 0.45 0.90 0.64 0.53
22.00 79.81 282.82 -542.87 72.70 -0.43 0.76 0.58 0.78 0.35 0.47 0.98
8.00 16.84 299.28 -433.81 385.35 0.82 0.31 -0.49 0.62 0.40 0.30 0.64
25.00 48.87 325.81 -611.07 -241.44 -0.76 -0.71 -0.51 0.92 0.12 0.04 0.68
5.00 5.17 -515.39 403.47 407.48 -0.56 0.46 -0.99 0.51 0.05 0.42 0.13
6.00 8.52 -412.60 -302.01 -583.78 0.68 0.52 0.14 0.39 0.33 0.34 0.25
15.00 51.60 435.18 181.73 -162.36 0.66 -0.20 -0.13 0.93 0.65 0.90 0.38
11.00 29.01 -5.83 104.46 470.57 -0.86 0.34 0.85 0.22 0.97 0.07 0.74
6.00 0.07 500.46 212.69 400.24 -0.56 0.53 -0.30 0.17 0.15 0.97 0.35
13.00 5.09 25.12 295.49 -621.41 0.31 0.79 -0.16 0.63 0.88 0.09 0.73
5.00 2.31 -243.84 212.21 88.80 0.03 -0.23 -0.38 0.40 0.08 0.06 0.38
14.00 42.88 -145.03 481.02 -619.51 -0.98 0.02 0.60 0.44 0.96 0.16 0.12
12.00 22.86 -374.99 187.74 381.13 -0.73 0.81 0.22 0.32 0.99 0.57 0.66
18.00 47.90 6.05 670.45 -89.17 -0.34 -0.78 0.12 0.23 0.82 0.74 0.22
21.00 55.42 215.34 297.54 -549.84 0.93 0.16 -0.87 0.76 0.58 0.02 0.69
9.00 0.04 -286.18 -351.91 564.56 0.14 -0.88 0.75 0.63 0.91 0.58 0.89
7.00 9.41 91.13 -0.60 570.03 -0.85 -0.69 0.31 0.27 0.04 0.59 0.71
5.00 5.37 -144.38 -190.93 488.52 0.08 -0.25 -0.35 0.31 0.55 0.55 0.95
13.00 7.89 311.46 -109.78 -395.50 -0.89 -0.95 0.13 0.09 0.22 0.46 0.45
23.00 114.55 566.16 270.14 -55.70 0.13 0.21 -0.63 0.23 0.79 0.54 0.48
5.00 4.71 -315.79 276.64 -337.73 0.05 -0.68 0.28 0.69 0.32 0.88 0.39
21.00 33.17 -253.98 131.27 -128.47 -0.34 0.41 0.36 0.77 0.37 0.12 0.61
11.00 15.77 182.60 440.06 114.43 0.81 -0.87 0.53 0.64 0.93 0.43 0.76
6.00 4.49 127.18 598.44 -175.58 -0.11 -0.33 0.46 0.02 0.61 0.94 0.02
12.00 30.17 371.32 14.57 116.93 0.64 -0.20 0.62 0.37 0.70 0.99 0.19
5.00 5.23 -265.52 251.07 -250.67 0.45 0.01 0.63 0.53 0.47 0.21 0.26
15.00 23.37 -184.27 506.79 -584.77 -0.81 -0.52 -0.31 0.94 0.08 0.69 0.91
6.00 3.63 -268.54 622.20 -156.82 -0.30 0.35 0.83 0.00 0.14 0.91 0.48
33.00 8.28 -411.90 -560.50 379.12 -0.61 -0.77 0.86 0.51 0.68 0.58 0.41
30.00 168.32 -67.24 -224.35 227.44 -0.76 0.53 0.10 0.19 0.51 0.42 0.05
11.00 15.65 -425.83 46.93 -64.93 0.84 -0.05 -0.21 0.19 0.09 0.48 0.16
9.00 3.59 -1.38 -338.90 -206.13 -0.74 0.21 -0.32 0.87 0.60 0.06 0.55
20.00 101.47 -542.51 190.38 423.46 0.21 -0.15 0.88 0.12 0.77 0.67 0.42
24.00 70.96 -442.21 432.89 -157.96 -0.17 0.83 0.85 0.71 0.34 0.66 0.58
13.00 15.81 -290.65 -584.45 144.47 -0.15 0.47 -0.88 0.95 0.48 0.42 0.82
6.00 2.54 -93.28 -682.79 -29.92 -0.89 -0.39 -0.81 0.29 0.82 0.28 0.43
17.00 23.70 -151.27 -712.10 219.67 -0.68 -0.33 0.06 0.76 0.61 0.54 0.91
13.00 30.77 281.16 -377.40 -501.12 -0.89 0.20 -0.67 0.22 0.69 0.86 0.48
12.00 2.49 71.18 540.67 -338.04 -0.92 0.63 0.20 0.11 0.94 0.44 0.83
25.00 26.02 -475.79 -565.98 193.39 0.99 0.89 -0.80 0.60 0.18 0.31 0.96
8.00 4.83 94.10 -510.57 82.48 -0.63 -0.52 0.34 0.35 0.80 0.36 0.19
5.00 2.67 108.44 34.44 523.14 0.91 -0.55 -0.24 0.56 0.79 0.93 0.86
18.00 8.60 87.50 -462.62 26.86 0.23 0.65 0.66 0.90 0.62 0.47 0.20
14.00 17.17 260.12 106.20 86.79 0.40 0.01 -0.62 0.25 0.98 0.78 0.92
35.00 277.65 130.10 -297.61 -274.74 -0.69 0.90 -0.66 0.98 0.36 0.53 0.25
8.00 9.57 246.59 83.91 -595.58 0.23 0.03 0.75 0.03 0.81 0.09 0.70
30.00 39.18 425.27 409.08 152.99 -0.93 0.18 -0.87 0.61 1.00 0.64 0.35
12.00 27.25 -535.60 -185.56 -315.35 0.90 0.62 -0.91 0.26 0.33 0.12 0.62
11.00 32.13 -407.28 -165.54 -564.33 0.37 -0.24 0.14 0.69 0.12 0.02 0.82
8.00 9.51 464.60 195.96 -238.37 0.90 0.47 0.65 0.11 0.95 0.20 0.97
5.00 3.68 -638.44 -403.66 -195.45 0.62 -0.22 -0.79 0.08 0.47 0.98 0.62
39.00 41.09 653.66 336.78 -71.75 -0.11 -0.66 -0.00 0.39 0.93 0.68 0.02
18.00 58.92 -671.55 267.86 -12.57 0.59 0.06 -0.16 0.27 0.62 0.64 0.75
5.00 2.30 543.81 -519.05 -62.68 -0.66 -0.85 0.26 0.78 0.09 0.93 0.36
8.00 15.47 -727.30 -175.04 1.43 0.27 0.14 0.92 0.85 0.30 0.96 0.53
30.00 84.24 -418.06 171.99 -399.52 0.23 0.36 -0.94 0.14 0.74 0.72 0.66
5.00 1.88 110.42 -471.25 138.11 -0.50 -0.66 0.47 0.07 0.35 0.31 0.96
14.00 17.30 348.54 555.30 382.85 -0.95 -0.01 -0.57 0.87 0.86 0.29 0.96
6.00 4.06 103.14 -323.03 672.31 0.74 -0.96 0.17 0.72 0.68 0.14 0.01
7.00 5.18 -464.33 -588.43 -117.04 0.52 -0.77 -0.96 0.59 0.84 0.45 0.10
7.00 11.32 -70.79 -716.28 -128.78 -0.05 0.38 0.90 0.69 0.99 0.79 0.27
11.00 26.03 -156.40 -216.53 -371.92 0.74 -0.24 0.14 0.33 0.67 0.41 0.97
20.00 80.04 232.53 366.81 308.63 -0.66 0.85 0.14 0.35 0.07 0.60 0.39
5.00 4.07 170.36 -487.84 256.95 0.67 -0.73 -0.16 0.18 0.12 0.95 0.11
12.00 38.32 249.19 682.06 166.72 0.54 -0.33 -0.92 0.12 0.35 0.23 0.14
10.00 11.12 -266.53 427.39 361.24 0.58 0.75 -0.46 0.64 0.15 0.37 0.16
16.00 29.62 -460.29 147.48 -341.90 0.65 -0.13 0.83 0.15 0.99 0.34 0.50
19.00 30.82 -390.68 -523.52 -442.53 0.07 -0.02 0.71 0.59 0.54 0.08 0.57
8.00 16.44 390.64 174.89 419.42 -0.58 0.98 -0.67 0.14 0.57 0.41 0.16
8.00 13.01 277.14 62.77 125.45 -0.49 0.05 0.89 0.35 0.84 0.32 0.33
11.00 10.58 -170.47 -224.09 736.76 -0.01 0.55 0.07 0.29 0.87 0.61 0.19
5.00 3.66 274.38 124.94 395.53 -0.97 0.31 -0.29 0.97 0.14 0.41 0.62
6.00 8.77 -157.23 231.69 -746.33 0.56 0.71 -0.56 0.68 0.97 0.47 0.44
16.00 3.06 -433.50 383.61 -403.53 0.71 -0.30 -0.39 0.23 0.65 0.78 0.46
6.00 3.74 -208.65 -323.03 -165.51 -0.90 -0.13 0.48 0.95 0.96 0.33 0.47
29.00 28.52 162.91 257.71 -726.65 -0.84 -0.02 -0.95 0.71 0.50 0.28 0.08
6.00 4.22 -150.38 379.62 -143.44 -0.74 0.44 -0.78 0.48 0.69 0.43 0.84
11.00 23.92 226.30 -127.22 -300.20 0.30 -0.31 -0.90 0.53 0.55 0.79 0.81
5.00 3.52 -29.52 -386.84 502.88 -0.81 -0.70 0.16 0.87 0.22 0.99 0.47
14.00 2.67 -575.22 504.75 5.38 0.83 0.32 -0.91 0.10 0.55 0.88 0.63
11.00 26.66 -83.49 99.01 736.86 -0.97 0.96 0.76 0.92 0.72 0.92 0.74
5.00 3.77 -103.49 679.43 122.29 0.78 -0.64 0.91 0.26 0.94 0.49 0.27
16.00 59.84 -266.10 378.38 222.36 0.46 0.91 -0.77 0.03 0.54 0.40 0.28
6.00 0.52 55.50 -506.78 -354.98 -0.20 0.35 0.89 0.96 0.54 0.62 0.57
10.00 16.13 -198.10 -290.07 392.38 -0.04 -0.70 0.37 0.09 0.95 0.27 0.84
11.00 24.96 238.63 -161.76 333.81 -1.00 0.95 -0.82 0.02 0.08 0.26 0.68
7.00 6.59 -455.08 172.61 629.73 -0.22 -0.29 0.90 0.10 0.69 0.79 0.19
7.00 3.29 227.25 -58.71 695.57 0.01 -0.45 0.89 0.40 0.70 0.57 0.35
8.00 16.45 492.96 -491.70 -115.42 -0.67 0.33 0.00 0.04 0.59 0.54 0.79
14.00 44.20 -392.60 -316.14 360.15 -0.34 -0.55 -0.56 0.76 0.74 0.82 0.05
31.00 198.54 32.39 -309.97 303.24 -0.32 -0.15 -0.83 0.94 0.73 0.97 0.97
14.00 29.72 606.83 414.51 205.02 -0.38 -0.82 -0.96 0.10 0.39 0.82 0.45
20.00 45.48 -251.09 302.86 546.54 -0.04 0.67 0.95 0.90 0.34 0.14 0.04
7.00 10.95 158.72 114.01 -601.72 -0.20 0.36 -0.66 0.66 0.52 0.75 0.21
8.00 5.29 305.98 -396.51 547.10 -0.64 0.38 0.42 0.64 0.90 0.93 0.37
10.00 0.17 132.15 97.34 -183.92 -0.05 -0.05 -0.43 0.28 0.96 0.14 0.55
14.00 43.32 -503.11 -176.23 124.62 -0.67 0.91 -0.52 0.59 0.36 0.93 0.97
5.00 1.20 -89.27 -137.15 -270.62 0.20 -0.32 -0.08 0.32 0.78 0.59 0.30
14.00 0.91 -60.34 -496.85 345.99 0.25 0.68 -0.02 0.73 0.96 0.96 0.57
5.00 5.85 -500.63 220.30 -575.20 0.96 -0.70 -0.82 0.87 0.67 0.06 0.01
8.00 15.24 -336.48 -258.96 -150.07 0.39 0.47 0.75 0.64 0.57 0.84 0.85
6.00 1.76 -175.19 330.44 -644.65 -0.63 0.48 -0.32 0.85 1.00 0.72 0.25
32.00 206.65 210.50 387.07 646.58 0.05 0.16 -0.07 0.38 0.77 0.67 0.88
7.00 12.86 440.44 -452.71 50.90 -0.47 -0.76 -0.83 0.16 0.81 0.91 0.71
13.00 37.23 -246.35 46.48 -609.31 -0.79 0.37 0.48 0.36 0.02 0.79 0.49
20.00 92.75 -180.52 -37.25 115.83 -0.68 -0.13 0.22 0.70 0.56 0.40 0.49
7.00 0.31 -148.56 -318.43 -374.75 -0.64 -0.38 -0.17 0.77 0.78 0.35 0.88
10.00 2.75 -62.13 456.25 -202.80 0.31 0.49 0.71 0.59 0.54 0.56 0.93
12.00 9.85 -115.69 295.30 -38.96 -0.30 -0.28 0.40 0.11 0.41 0.51 0.16
5.00 5.78 128.17 -478.67 481.78 0.24 -0.66 -0.09 0.71 0.66 0.79 0.30
33.00 86.99 -246.22 407.94 -624.71 0.44 -0.32 -0.29 0.36 0.22 0.76 0.52
14.00 21.37 -102.64 -600.30 -191.58 -0.95 -0.41 0.07 0.79 0.05 0.49 0.63
9.00 8.11 787.67 34.25 -118.22 -0.16 -0.22 -0.62 0.40 0.40 0.20 0.46
7.00 4.17 -202.50 491.30 -474.03 -0.13 0.78 0.03 0.56 0.63 0.09 0.51
10.00 17.42 519.22 421.67 55.49 0.48 0.26 0.34 0.09 0.24 0.39 0.23
22.00 20.19 -703.00 -132.76 -289.10 0.27 -0.58 -0.43 0.70 0.09 0.66 0.33
5.00 6.15 -291.91 134.52 243.33 0.47 0.47 -0.64 0.73 0.98 0.87 0.05
29.00 114.41 160.47 -373.99 -191.30 -0.78 0.36 1.00 0.88 0.96 0.97 0.65
6.00 0.32 244.52 408.05 -410.76 0.14 -0.74 -0.63 0.18 0.35 0.96 0.65
16.00 48.53 343.40 654.43 -250.05 -0.18 0.32 -0.03 0.23 0.75 0.92 0.65
5.00 1.90 -235.87 163.03 -104.59 0.68 0.62 0.58 0.38 0.16 0.66 0.22
9.00 13.57 -305.57 -127.41 404.19 -0.69 0.92 0.94 0.84 0.69 0.07 0.32
8.00 12.72 262.37 301.59 549.34 -0.84 0.60 -0.73 0.96 0.70 0.24 0.89
18.00 36.51 -0.86 -221.49 -661.32 0.19 0.23 -0.66 0.17 0.97 0.62 0.52
9.00 10.35 -180.50 439.23 586.34 -0.83 -0.26 0.40 0.83 0.53 0.47 0.88
6.00 5.35 294.35 -200.27 -141.85 -0.44 -0.72 0.21 0.78 0.96 0.17 0.17
11.00 32.10 -507.80 278.22 -99.95 0.52 0.50 -0.72 0.46 0.35 0.15 0.38
7.00 11.70 -145.35 -301.73 -54.35 0.34 0.10 -0.87 0.51 0.52 0.82 0.84
8.00 0.46 63.87 412.77 442.88 -0.90 -0.08 0.53 0.50 0.05 0.92 0.31
5.00 6.35 67.40 -89.12 160.03 0.58 -0.16 0.28 0.38 0.19 0.01 0.13
10.00 26.25 674.37 227.27 220.10 0.44 0.82 0.01 0.85 0.54 0.24 0.41
5.00 2.32 -154.00 -55.57 -276.60 0.91 -0.14 0.33 0.75 0.89 0.49 0.91
7.00 13.11 -368.38 -239.51 -56.59 0.95 -0.07 0.30 0.40 0.63 0.95 0.20
5.00 0.39 551.54 -401.10 128.38 -0.13 0.48 -0.87 0.49 0.83 0.00 0.89
7.00 11.40 -157.56 123.96 -623.24 0.36 -0.65 -0.05 0.83 0.39 0.32 0.79
22.00 3.39 171.56 38.61 733.68 0.85 -0.29 0.86 0.58 0.13 0.04 0.39
17.00 32.45 -77.37 -184.93 492.48 0.26 -0.04 -0.86 0.85 0.54 0.66 0.98
13.00 23.14 88.58 -326.82 141.18 -0.02 0.76 0.87 0.47 0.56 0.51 0.47
7.00 3.47 -547.59 -498.47 -167.71 0.87 0.18 0.18 0.24 0.40 0.03 0.71
7.00 7.64 133.36 -304.30 316.43 -0.35 -0.70 -0.37 0.34 0.08 0.36 0.71
6.00 4.56 237.83 455.81 541.09 -0.55 -0.68 -0.47 0.40 0.93 0.42 0.12
9.00 9.31 -43.73 465.47 151.99 -0.55 0.17 -0.56 0.14 0.26 0.35 0.86
10.00 4.31 452.44 14.99 188.29 -0.19 0.66 0.49 0.99 0.74 0.54 0.52
18.00 9.13 -706.84 -283.04 -72.75 -0.48 -0.74 -0.77 0.92 0.32 0.70 0.97
13.00 16.83 -229.08 -137.31 -209.21 0.60 0.58 -0.64 0.71 0.40 0.32 0.55
9.00 14.47 407.43 383.89 10.98 0.04 0.61 -0.94 0.60 0.29 0.06 0.38
6.00 8.64 517.34 -68.84 325.06 0.05 0.00 -0.48 0.50 0.72 0.97 0.62
5.00 1.00 86.88 275.21 679.39 -0.36 0.07 -0.41 0.18 0.96 0.86 0.89
12.00 23.90 4.25 691.56 119.91 -0.04 -0.77 0.80 0.42 0.08 0.67 0.64
6.00 2.75 -134.16 27.36 -677.77 0.00 0.95 0.91 0.14 0.74 0.05 0.64
20.00 45.40 298.76 373.18 289.87 -0.91 0.84 -0.50 0.23 0.42 0.64 1.00
8.00 13.66 290.99 -74.57 191.30 0.02 -0.08 0.90 0.53 0.19 0.72 0.85
6.00 4.53 472.13 -179.57 -161.42 -0.21 0.58 -0.32 0.65 0.61 0.51 0.38
12.00 15.41 -216.65 -343.85 -157.85 0.18 0.06 0.62 0.30 0.88 0.13 0.32
5.00 6.05 -140.21 -660.25 -158.04 -0.35 0.52 0.51 0.24 0.36 0.61 0.46
11.00 23.38 545.40 -575.39 14.12 0.79 -0.46 0.50 0.20 0.20 0.27 0.64
10.00 4.47 434.10 -176.86 490.30 0.48 -0.68 0.75 0.93 0.49 0.56 0.20
13.00 0.00 708.77 354.73 79.10 0.97 0.31 0.96 0.20 0.64 0.59 0.03
9.00 9.03 527.36 290.83 -453.31 -0.49 0.61 0.21 0.45 0.03 0.63 0.98
20.00 52.09 428.75 -487.27 64.55 0.30 -0.85 -0.09 0.29 0.14 0.16 0.67
21.00 54.65 -332.55 -448.25 -22.66 0.58 -0.95 0.25 0.29 0.29 0.62 0.81
21.00 101.58 466.56 634.49 -18.84 -0.19 -0.95 -0.07 0.46 0.86 0.12 0.75
15.00 43.65 -335.96 -499.82 -334.53 0.67 0.36 -0.89 0.32 0.12 0.84 0.87
13.00 37.36 395.24 -549.09 -381.00 -0.84 -0.31 -0.11 0.53 0.43 0.38 0.24
6.00 0.56 -543.89 219.65 -366.33 -0.45 0.99 0.70 0.69 0.79 0.92 0.85
6.00 2.27 -590.46 -446.88 30.66 -0.22 -0.79 0.49 0.04 0.34 0.54 0.45
16.00 20.88 385.03 329.48 -216.88 0.90 -0.93 -0.68 0.39 0.21 0.60 0.72
16.00 60.56 174.66 -228.50 -508.44 -0.54 0.57 0.87 0.31 0.05 0.61 0.74
9.00 12.59 81.32 369.36 7.11 -0.79 0.71 0.83 0.73 0.18 0.19 0.25
14.00 13.34 -381.76 -395.93 213.08 0.32 -0.96 0.30 0.10 0.63 0.07 0.98
7.00 9.61 -155.57 187.25 -183.40 -0.64 0.23 0.77 0.48 0.15 0.69 0.31
12.00 29.52 -424.18 124.11 23.63 -0.56 0.13 0.43 0.13 0.79 0.43 0.69
13.00 20.16 8.07 -295.87 -645.17 0.33 -0.88 -0.32 0.15 0.40 0.89 0.97
11.00 18.85 -74.34 389.74 -554.24 -0.68 -0.88 -1.00 0.30 0.56 0.82 0.52
5.00 2.85 -82.52 -597.33 -420.78 0.97 0.49 0.67 0.79 0.26 0.79 0.02
5.00 0.18 85.00 -578.06 -2.68 -0.98 -0.10 -0.13 0.46 0.03 0.46 0.05
24.00 106.51 105.62 -574.63 282.39 -0.82 0.93 -0.09 0.33 0.49 0.31 0.61
6.00 7.65 394.14 19.19 624.60 0.79 0.73 0.30 0.26 0.80 0.71 0.26
8.00 11.71 -343.16 75.25 304.15 0.53 0.30 0.24 0.60 0.74 0.26 0.76
12.00 32.30 314.43 -59.93 44.19 -0.82 0.64 0.03 0.80 0.03 0.19 0.36
31.00 154.82 264.05 -69.27 627.52 0.52 -0.91 0.76 0.41 0.80 0.08 0.95
7.00 9.08 294.26 468.02 -353.41 0.00 -0.45 -0.37 0.69 0.66 0.48 0.47
10.00 18.50 -254.49 -82.71 -600.04 -0.29 0.90 -0.50 0.46 0.17 0.03 0.35
5.00 4.81 220.10 -158.83 163.37 0.68 0.11 0.36 0.34 0.12 0.11 0.44
9.00 1.91 -191.51 -146.48 392.77 0.36 0.85 0.25 0.07 0.87 0.92 0.30
5.00 2.92 255.68 210.14 321.95 0.01 -0.48 0.57 0.34 0.01 0.03 0.43
12.00 15.25 621.52 33.88 100.85 -0.08 0.53 -0.79 0.25 0.37 0.47 0.94
7.00 10.76 -58.51 257.65 -584.32 -0.76 0.03 0.65 0.91 0.41 0.09 0.49
11.00 19.05 223.86 -75.97 -477.50 -0.70 0.40 -0.00 0.25 0.95 0.93 0.18
14.00 24.07 273.18 173.50 261.29 -0.15 0.28 -0.20 0.81 0.53 0.80 0.25
17.00 77.62 -66.31 -539.82 480.87 0.58 0.29 0.81 0.49 0.60 0.20 0.23
13.00 29.12 40.52 168.42 239.21 0.34 -0.26 -0.54 0.34 0.37 0.94 0.47
9.00 16.09 311.42 317.51 -176.62 0.85 0.97 0.02 0.40 0.34 1.00 0.52
6.00 5.11 358.85 111.15 -64.11 -0.84 0.81 0.11 0.76 0.59 0.00 0.68
31.00 86.00 -426.02 -12.32 675.74 -0.57 -0.56 0.82 0.09 0.62 0.36 0.21
19.00 6.83 -586.90 -75.83 -525.43 0.50 0.23 -0.02 0.92 0.22 0.30 0.70
9.00 10.64 0.52 -27.22 -400.31 0.37 -0.96 -0.69 0.82 0.10 0.42 0.61
16.00 34.06 -54.84 1.27 671.97 -0.59 -0.84 -0.31 0.74 0.94 0.92 0.07
6.00 3.64 -441.89 149.35 496.49 -0.40 0.06 0.25 0.25 0.69 0.87 0.64
16.00 57.44 -724.48 268.42 -147.50 0.79 -0.43 0.42 0.06 0.77 0.52 0.69
7.00 8.04 350.70 131.84 36.91 -0.15 -0.82 -0.27 0.43 0.93 0.68 0.76
5.00 2.47 264.68 214.57 -686.85 0.58 0.33 0.10 0.49 0.49 0.55 0.58
15.00 7.73 -346.35 -18.29 -325.45 -0.83 0.36 -0.53 0.88 0.48 0.50 0.65
6.00 3.58 -372.58 -666.54 219.82 -0.02 0.55 -0.86 0.86 0.61 0.33 0.26
10.00 3.90 -611.50 -135.56 215.53 -1.00 0.60 0.06 0.19 0.69 0.36 0.27
7.00 10.90 -562.63 108.16 -420.49 -0.72 -0.70 0.22 0.60 0.61 0.27 0.38
15.00 18.88 -124.21 316.61 -280.39 -0.80 0.23 0.11 0.96 0.09 0.62 0.88
12.00 37.98 -399.68 -182.84 -42.10 -0.85 0.74 0.39 0.69 0.11 0.75 0.95
6.00 3.05 -230.43 524.10 466.27 0.27 0.73 0.94 0.26 0.22 0.91 0.08
6.00 9.40 -364.44 -355.82 96.82 0.68 0.75 0.14 0.52 0.72 0.73 0.39
10.00 13.60 14.57 429.85 0.11 0.99 0.94 0.33 0.58 0.48 0.64 0.51
8.00 7.10 -651.17 -376.15 -176.30 0.56 -0.18 0.28 0.15 0.47 0.04 0.18
6.00 4.85 -346.54 118.55 -474.88 -0.55 0.93 0.37 0.60 0.39 0.85 0.15
11.00 27.52 611.04 -110.88 -298.58 -0.02 0.66 -0.52 0.00 0.63 0.26 0.26
7.00 5.80 -204.52 99.85 -386.22 -0.60 -0.67 -0.36 0.69 0.07 0.77 0.24
18.00 0.88 -573.14 304.93 -318.60 0.30 0.65 -0.85 0.67 0.14 0.90 0.54
9.00 11.24 338.46 313.00 490.52 -0.21 -0.95 -0.83 0.05 0.58 0.67 0.68
8.00 2.21 334.83 -679.29 -218.59 -0.36 0.97 0.11 0.08 0.02 0.72 0.70
13.00 36.55 -151.73 550.08 88.20 0.63 -0.06 -0.75 0.03 0.51 0.52 0.90
30.00 156.11 -90.06 239.83 -469.82 -0.03 -0.33 -0.91 0.66 0.37 0.02 0.73
23.00 3.62 -218.30 -39.55 -602.82 0.06 -0.81 -0.44 0.22 0.37 0.35 0.93
13.00 41.45 -536.85 -79.44 -283.72 0.04 -0.55 0.71 0.92 0.18 0.25 0.17
15.00 23.22 -599.02 -18.77 -496.88 0.20 0.80 -0.24 0.70 0.35 0.96 0.96
5.00 4.33 83.44 644.27 357.51 0.64 0.13 0.68 0.67 0.81 0.18 0.15
36.00 133.00 116.23 250.79 -413.05 -0.44 -0.25 0.91 0.67 0.75 0.42 0.72
15.00 37.54 452.24 52.42 183.24 0.10 0.28 0.70 0.28 0.72 0.86 0.50
8.00 0.96 -395.96 -405.38 45.87 -0.14 0.09 -0.74 0.56 0.35 0.79 0.22
14.00 45.00 -597.27 55.62 -38.87 0.05 -0.83 0.05 0.39 0.71 0.37 0.67
21.00 68.49 -361.16 213.78 -643.65 -0.49 -0.63 -0.56 0.56 0.07 0.57 0.10
11.00 8.88 331.44 -286.12 -455.70 0.57 -0.71 0.99 0.86 0.45 0.63 0.90
15.00 56.68 -192.02 -351.41 -10.63 0.97 -0.75 -0.35 0.09 0.34 0.47 0.61
7.00 3.41 -388.97 548.18 192.16 -0.69 0.40 0.41 0.71 0.89 0.71 0.18
8.00 8.98 408.90 200.87 131.52 -0.00 -0.35 0.85 0.90 0.80 0.83 0.56
8.00 3.87 -113.04 -54.62 -28.45 0.12 0.31 -0.60 0.47 0.41 0.74 0.97
7.00 10.07 236.72 -76.38 -711.90 -0.50 0.85 -0.92 0.22 0.92 0.94 0.03
17.00 39.91 -167.27 554.38 42.45 0.78 0.93 -0.47 0.82 0.92 0.00 0.82
9.00 6.55 181.41 -245.27 -197.52 -0.51 -0.86 0.98 0.01 0.58 0.51 0.05
8.00 14.31 -439.86 153.70 528.59 0.81 0.68 -0.47 0.01 0.73 0.63 0.00
11.00 27.48 -604.27 -63.79 -74.59 -0.19 -0.77 0.81 0.87 0.79 0.95 0.02
16.00 21.28 -328.86 560.27 204.91 -0.39 -0.53 -0.76 0.51 0.13 0.46 0.54
5.00 5.96 -202.81 -272.47 448.01 -0.84 0.02 -0.92 0.88 0.59 0.64 0.54
11.00 11.20 290.35 -250.28 -421.16 0.34 -0.67 -0.53 0.89 0.60 0.71 0.38
5.00 6.46 -28.49 -497.16 472.12 0.43 -0.00 0.88 0.25 0.66 0.72 0.54
7.00 3.82 200.55 -427.96 -534.05 -0.95 -0.01 -0.94 0.71 0.25 0.04 0.08
7.00 7.27 -401.35 627.18 198.18 0.61 0.43 0.68 0.99 0.62 0.12 0.06
7.00 3.59 -71.92 -12.36 62.24 0.97 0.02 -0.32 0.12 0.06 0.45 0.37
17.00 4.90 -23.38 -30.02 468.97 0.48 -0.59 -0.09 0.85 0.14 0.69 0.40
8.00 3.38 -26.34 -486.66 -454.80 0.91 -0.19 0.82 0.35 0.61 0.73 0.88
15.00 14.45 -324.78 -322.73 421.36 -0.62 0.98 -0.78 0.13 0.59 0.72 0.95
32.00 17.59 -264.92 -264.85 -48.59 -0.42 0.56 -0.18 0.15 0.21 0.64 0.93
22.00 124.34 -418.40 -37.73 -368.20 0.38 -0.50 -0.62 0.87 0.98 0.73 0.67
9.00 14.39 -304.97 -566.65 -253.41 0.74 0.91 -0.92 0.41 0.31 0.94 0.43
18.00 57.07 487.06 495.16 58.74 0.52 0.15 -0.99 0.47 0.05 0.48 0.98
7.00 4.54 117.71 -8.78 -63.54 -0.86 0.25 0.02 0.57 0.95 0.07 0.59
9.00 15.79 -117.69 92.65 -226.23 0.13 -0.29 0.76 0.51 0.29 0.73 0.97
25.00 80.09 -276.24 -222.69 -232.08 0.20 -0.68 -0.31 0.32 0.54 0.16 0.40
7.00 10.74 -391.46 558.60 -111.18 0.84 0.82 0.12 0.31 0.35 0.20 0.69
14.00 51.31 3.50 -235.05 378.47 -0.21 0.88 -0.62 0.11 0.61 0.56 0.33
8.00 15.25 -267.48 32.37 -111.86 0.84 0.45 -0.05 0.66 0.16 0.36 0.68
5.00 6.58 -390.93 -431.32 -101.81 -0.43 -0.56 -0.42 0.55 0.95 0.99 0.10
34.00 256.10 -149.87 371.25 -31.74 -0.03 0.70 0.46 0.10 0.68 0.44 0.50
19.00 1.20 -312.30 343.72 -340.55 0.49 -0.16 -0.35 0.82 0.35 0.05 1.00
33.00 218.89 448.04 -223.19 208.14 0.91 0.24 -0.99 0.92 0.43 0.26 0.10
10.00 17.82 -536.88 -18.78 193.55 0.35 -0.43 -0.62 0.66 0.19 0.32 0.36
12.00 15.63 577.59 206.31 -490.53 -0.53 0.84 -0.20 0.16 0.29 0.34 0.18
14.00 41.97 -55.97 170.10 -199.95 0.67 -0.78 -0.14 0.48 0.66 0.53 0.11
21.00 43.63 -202.46 -632.40 365.05 -0.74 0.55 -0.32 0.89 0.49 0.67 0.97
16.00 59.42 -558.67 -272.63 279.75 0.59 -0.25 -0.04 0.82 0.16 0.36 0.98
22.00 115.66 -9.30 279.57 743.54 -0.62 -0.44 -0.26 0.74 0.92 0.18 0.20
7.00 4.88 222.63 698.07 218.32 -0.89 -0.54 0.54 0.07 0.88 0.17 0.53
7.00 8.09 80.28 504.71 -54.93 0.90 -0.45 0.75 0.88 0.54 0.63 0.22
7.00 11.79 -160.78 -205.60 171.72 0.63 -0.67 0.96 0.25 0.46 0.88 0.20
12.00 10.41 -630.00 141.88 -275.55 0.97 -0.95 0.87 0.04 0.78 0.16 0.32
38.00 285.64 -557.03 -43.13 -451.34 0.21 0.86 -0.89 0.01 0.69 0.22 0.44
25.00 133.09 346.31 617.96 -80.03 -0.31 0.13 -0.82 0.76 0.78 0.64 0.16
10.00 8.21 437.03 -136.70 433.80 0.24 0.97 -0.61 0.07 0.88 0.38 0.68
10.00 7.63 -479.57 -259.56 384.57 -0.20 0.48 0.17 0.87 0.06 0.47 0.83
11.00 5.21 37.57 -778.28 -70.63 -0.51 0.05 -0.30 0.49 0.22 0.99 0.55
5.00 3.66 -77.66 444.02 258.43 0.64 0.46 -0.74 0.04 0.71 0.50 0.34
5.00 6.33 82.60 -537.54 -118.61 0.41 -0.22 0.67 0.49 0.14 0.94 0.24
8.00 14.88 -277.25 190.71 228.49 0.92 0.81 -0.05 0.63 0.66 0.72 0.05
7.00 6.44 242.26 13.54 282.91 -0.60 0.50 0.43 0.90 0.58 0.19 0.73
11.00 22.25 -1.28 -439.56 -134.54 0.29 0.73 -0.83 0.12 0.56 0.97 0.01
7.00 6.98 127.59 403.04 -391.26 -0.35 0.24 0.54 0.88 0.27 0.55 0.83
7.00 3.20 -323.13 -426.63 360.19 -0.78 -0.23 0.21 0.03 0.92 0.83 0.69
8.00 14.40 -48.28 339.48 7.77 0.24 0.51 0.86 0.26 0.53 0.38 0.91
18.00 54.39 -163.72 -271.46 52.96 -0.05 0.41 -0.75 0.56 0.72 0.85 0.98
6.00 9.43 -633.55 104.80 -310.46 0.03 -0.62 0.43 0.11 0.85 0.46 0.91
5.00 1.48 42.05 32.99 390.46 -0.75 -0.12 0.92 0.13 0.65 0.88 0.16
9.00 19.82 338.97 -616.52 -136.38 0.03 -0.11 0.66 0.54 0.40 0.93 0.55
7.00 11.18 -306.96 592.73 -33.86 0.47 0.72 -0.34 0.62 0.41 0.21 0.37
16.00 52.52 444.98 433.62 30.92 0.54 0.74 -0.02 0.47 0.15 0.00 0.49
11.00 23.31 75.84 356.66 251.92 0.24 0.08 0.44 0.59 0.85 0.23 0.02
15.00 9.02 -142.56 -666.58 -133.43 0.45 -0.23 -0.50 0.72 0.41 0.89 0.85
15.00 40.21 -518.80 70.51 -125.78 0.69 -0.47 -0.83 0.66 0.68 0.32 0.51
7.00 5.09 180.48 564.66 -468.45 0.21 0.18 -0.91 0.07 0.35 0.37 0.61
10.00 15.15 -431.41 -51.88 -84.19 0.11 -0.74 0.89 0.98 0.78 0.64 0.12
11.00 1.43 165.72 497.74 104.83 -0.38 0.72 0.37 0.86 0.83 0.86 0.02
20.00 39.44 -759.15 24.32 66.43 0.43 -0.86 -0.34 0.41 0.85 0.28 0.54
7.00 9.42 -57.83 -230.69 -292.78 0.51 -0.02 -0.38 0.05 0.64 0.84 0.86
8.00 11.57 -501.46 -148.73 68.75 -0.78 0.64 0.37 0.12 0.92 0.98 0.02
8.00 5.03 -141.16 284.41 -650.62 0.18 0.39 0.10 0.94 0.17 0.72 0.74
37.00 56.36 131.36 184.22 -244.97 0.62 0.10 -0.62 0.55 0.88 0.80 0.55
7.00 3.91 583.43 -236.83 -235.13 -0.68 -0.45 0.01 0.64 0.47 0.90 0.22
17.00 61.62 -351.28 -609.39 318.54 0.57 0.15 -0.33 0.99 0.03 0.45 0.95
5.00 4.94 -285.68 403.56 -547.68 0.45 -0.48 -0.61 0.36 0.77 0.90 0.17
9.00 0.72 57.40 -387.44 -75.44 0.56 0.77 0.35 0.69 0.66 0.46 0.37
15.00 17.98 -342.10 -584.72 271.10 0.25 -0.84 0.71 0.61 0.97 0.54 0.12
16.00 60.29 248.30 -492.66 -209.41 0.77 -0.48 0.62 0.33 0.75 0.83 0.93
5.00 3.51 -238.91 -39.75 491.61 0.59 0.44 0.30 0.69 0.27 0.77 0.55
23.00 32.97 447.01 99.07 549.25 0.39 -0.85 0.53 0.53 0.22 0.25 0.45
24.00 142.62 -14.50 509.85 -50.08 -0.93 -0.35 0.79 0.64 0.81 0.15 0.89
6.00 3.03 -73.41 -309.94 -439.77 -0.20 0.19 -0.12 0.80 0.28 0.05 0.43