3.41 1231
16.00 24.07 -596.57 -184.94 148.33 0.36 0.26 -0.12 0.73 0.98 0.76 0.14
13.00 43.74 -218.86 362.27 424.78 0.32 -0.44 0.16 0.46 0.39 0.27 0.83
7.00 11.73 -674.69 233.51 -347.50 -0.84 0.49 -0.25 0.67 0.13 0.12 0.63
11.00 32.25 333.26 -393.20 474.27 -0.63 0.74 0.24 0.22 0.59 0.40 0.58
27.00 187.77 -435.02 87.81 419.30 0.55 -0.82 0.52 0.79 0.71 0.98 0.11
12.00 35.98 62.97 197.45 -577.45 -0.05 0.21 0.94 0.36 0.71 0.06 0.75
8.00 11.69 -15.70 -774.39 189.50 0.41 -0.02 -0.22 0.42 0.83 0.01 0.94
15.00 15.80 47.88 -591.60 -419.42 -0.08 0.16 0.32 0.44 0.30 0.96 0.41
15.00 47.70 -165.59 -21.22 -468.35 -0.21 0.05 0.68 0.16 0.58 0.60 0.40
9.00 14.75 -499.52 486.68 -65.21 -0.78 0.86 -0.21 0.31 0.55 0.58 0.93
9.00 12.16 -296.68 42.34 138.74 -0.49 -0.02 0.16 0.65 0.54 0.28 0.96
10.00 22.24 -277.21 114.58 -50.42 -0.18 -0.40 0.97 0.51 0.86 0.08 0.62
8.00 5.18 -240.29 471.52 335.82 -0.07 -0.35 0.12 0.92 0.32 0.65 0.42
11.00 25.48 -744.91 -70.40 85.73 0.17 0.60 0.62 0.74 0.58 0.42 0.91
11.00 34.14 -87.10 -535.50 -347.31 -0.99 -0.87 0.52 0.62 0.03 0.93 0.89
6.00 0.89 366.38 -207.52 446.54 -0.91 0.99 -0.34 0.85 0.82 0.61 0.55
9.00 1.91 740.30 -179.36 -66.37 0.09 -0.60 0.97 0.81 0.56 0.22 0.87
6.00 4.20 623.83 76.21 143.03 0.27 -0.56 -0.10 0.63 0.38 0.68 0.19
6.00 1.50 387.97 79.76 -386.87 -0.59 -0.11 -0.32 0.36 0.75 0.77 0.48
10.00 2.23 -267.39 -726.04 -73.65 0.30 -0.19 -0.48 0.95 0.02 0.67 0.27
14.00 4.61 150.27 190.01 215.51 -0.95 0.66 -0.16 0.20 0.45 0.31 0.63
9.00 13.61 -182.59 -345.60 -424.99 -0.52 0.45 0.68 0.72 0.62 0.18 0.90
11.00 3.53 -36.63 -303.62 -582.07 -0.30 0.37 0.40 0.49 0.42 0.09 0.93
6.00 0.83 583.27 369.45 30.83 0.34 0.17 -0.56 0.75 0.81 0.75 0.44
9.00 11.12 -492.94 -435.13 -386.18 0.31 0.19 0.99 0.90 0.09 0.98 0.98
9.00 7.41 -257.96 -398.40 277.11 0.11 0.07 0.23 0.85 0.15 0.45 0.57
11.00 27.73 316.20 189.18 291.48 0.06 -0.30 0.91 0.89 0.90 0.02 0.88
6.00 4.30 -130.44 -101.81 -521.25 0.62 -0.30 0.79 0.07 0.45 0.28 0.48
8.00 8.24 150.47 -207.53 368.03 0.80 -0.71 0.67 0.73 0.06 0.17 0.22
14.00 35.24 562.43 218.57 390.07 -0.67 0.88 -0.75 0.88 0.30 0.89 0.65
5.00 5.14 -310.56 135.49 561.31 -0.47 -0.60 0.53 0.03 0.20 0.92 0.49
19.00 65.78 234.25 495.86 -424.07 0.15 -0.97 0.75 0.48 0.08 0.62 0.64
7.00 8.15 -304.75 -442.26 -490.49 -0.17 -0.05 0.67 0.76 0.54 0.51 0.69
19.00 53.97 -572.66 65.88 -389.53 0.28 0.75 -0.04 0.88 0.02 0.11 0.46
20.00 5.07 554.15 240.37 303.38 0.25 0.23 0.39 0.60 0.92 0.87 0.96
15.00 37.55 687.56 106.72 193.02 -0.36 0.79 -0.04 0.89 0.78 0.65 0.73
12.00 36.57 -307.62 -561.96 -373.04 -0.40 -0.69 0.73 0.10 0.15 0.33 0.27
11.00 0.16 427.44 273.62 516.25 0.13 -0.05 0.45 0.92 0.95 0.82 0.42
21.00 37.83 -101.41 -572.53 487.01 -0.08 -0.86 0.12 0.96 0.10 0.22 0.30
6.00 3.64 309.97 50.30 677.16 -0.01 -0.95 0.19 0.91 0.11 0.88 0.98
5.00 2.26 -29.97 610.78 183.91 0.37 0.43 -0.18 0.84 0.91 0.87 0.90
7.00 9.46 -222.31 211.70 226.72 0.11 0.32 -0.89 0.55 0.87 0.80 0.72
15.00 42.87 299.06 197.82 710.89 -0.24 0.10 -0.13 0.79 0.59 0.18 0.03
14.00 13.62 360.50 448.80 -115.00 -0.73 -0.07 -0.91 0.14 0.87 0.63 0.17
11.00 22.62 164.99 744.26 -167.19 0.79 0.84 0.97 0.09 0.46 0.32 0.56
9.00 13.56 452.54 293.04 342.81 0.20 -0.49 -0.92 0.51 0.77 0.05 0.98
5.00 1.18 -211.24 -131.63 -223.83 0.54 0.87 0.99 0.88 0.87 0.58 0.34
5.00 4.66 -95.69 -29.54 487.73 0.05 0.75 -0.32 0.56 0.08 0.05 0.89
21.00 59.39 -46.16 -165.98 -143.37 0.35 0.29 0.11 0.80 0.21 0.93 0.74
10.00 16.31 -571.33 128.45 427.70 -0.16 0.63 0.17 1.00 0.83 0.66 0.73
5.00 6.77 -175.55 224.64 452.79 -0.99 -0.42 -0.75 0.96 0.90 0.70 0.07
24.00 10.75 88.44 146.66 62.82 0.73 0.99 0.30 0.80 0.14 0.24 0.03
16.00 30.15 445.19 30.45 564.98 -0.46 0.15 0.27 0.37 0.55 0.48 0.18
6.00 6.92 129.33 379.87 88.21 -0.15 -0.35 -0.96 0.34 0.82 0.75 0.28
11.00 20.33 -347.94 -183.18 368.30 0.72 -0.39 -0.23 0.72 0.46 0.16 0.91
19.00 35.38 -295.95 381.01 159.09 -0.59 -0.83 0.44 0.73 0.97 0.36 0.29
21.00 94.06 52.92 -614.43 402.65 0.95 0.52 -0.79 0.49 0.92 0.53 0.36
5.00 2.88 118.86 627.30 91.58 -0.30 -0.84 0.53 0.82 0.99 0.29 0.70
7.00 13.47 -307.56 153.23 -411.25 -0.18 -0.48 -0.94 1.00 0.49 0.68 0.21
10.00 22.40 -195.20 -657.99 158.59 -0.14 -0.44 0.14 0.76 0.18 0.93 0.79
10.00 27.47 -48.34 459.99 -69.15 -0.07 -0.66 0.80 0.21 0.77 0.88 0.46
12.00 21.37 396.73 -269.90 -6.32 0.53 0.72 0.39 0.16 0.64 0.33 0.29
9.00 14.69 -358.68 509.02 -56.83 -0.47 0.28 0.14 0.54 0.56 0.14 1.00
13.00 46.57 -23.26 -731.76 -200.76 0.40 -0.95 -0.25 0.47 0.75 0.77 0.76
12.00 3.16 40.81 557.49 224.43 -0.88 0.23 -0.85 0.83 0.10 0.28 0.35
5.00 1.16 515.30 194.77 134.82 -0.46 0.74 -0.99 0.70 0.18 0.96 0.76
27.00 36.26 -534.67 295.29 335.53 -0.67 0.47 0.73 0.58 0.81 0.76 0.20
5.00 4.24 344.18 387.17 518.19 -0.47 0.64 -0.71 0.53 0.26 0.22 0.23
18.00 11.76 456.66 -31.61 320.38 -0.12 -0.55 -0.84 0.34 0.23 0.42 0.26
18.00 1.76 163.36 95.62 776.60 0.01 -0.65 0.07 0.42 0.72 0.28 0.87
15.00 51.58 -328.04 -273.36 22.86 0.49 -0.69 -0.84 0.83 0.98 0.72 0.59
17.00 48.44 216.43 -154.50 753.02 -0.35 -0.48 -0.67 0.89 0.16 0.26 0.99
6.00 8.57 -576.46 -235.91 -327.36 -0.44 -0.48 0.89 0.11 0.14 0.98 0.80
36.00 223.54 558.47 106.20 525.58 0.75 -0.45 0.90 0.93 0.84 0.36 0.72
5.00 0.96 -48.10 -260.36 725.48 -0.13 0.91 0.22 0.89 0.02 0.25 0.09
24.00 40.80 3.09 173.90 -687.84 -0.70 -0.03 -0.85 0.25 0.72 0.61 0.98
7.00 7.24 -306.98 404.05 -65.33 0.20 -0.79 0.81 0.81 0.33 0.32 0.32
6.00 8.51 -517.71 -296.71 -202.63 0.95 -0.39 -0.09 0.82 0.43 0.30 0.95
13.00 42.59 -273.44 749.07 -38.23 0.33 0.61 0.02 0.79 0.49 0.68 0.38
12.00 15.79 -204.04 -686.42 58.70 -0.24 0.14 0.80 0.48 1.00 0.15 0.08
9.00 3.99 -297.86 284.64 -161.18 0.10 -0.23 -0.43 0.34 0.21 0.09 0.86
7.00 8.83 -415.34 133.55 -108.55 0.27 -0.46 0.53 0.30 0.71 0.79 0.53
5.00 3.18 -413.91 241.23 -590.31 0.61 0.94 -0.76 0.45 0.20 0.42 0.12
13.00 5.23 -275.67 61.09 515.98 0.30 -0.84 -0.58 0.95 0.02 0.11 0.25
9.00 13.42 572.63 308.88 -114.68 -0.81 -0.33 -0.82 0.58 0.89 0.34 0.48
11.00 24.23 404.17 -170.55 115.07 -0.08 0.50 0.55 0.39 0.17 0.55 0.73
13.00 43.91 158.84 47.78 189.36 0.06 0.53 0.01 0.15 0.93 0.19 0.45
11.00 20.84 -614.97 -121.98 -223.37 0.79 0.24 0.69 0.90 0.74 0.24 0.09
21.00 110.16 -752.07 115.16 235.03 -0.95 0.01 -0.03 0.98 0.80 0.97 0.35
17.00 80.76 -167.27 554.38 42.45 -0.15 -0.39 -0.24 0.66 0.83 0.54 0.59
11.00 13.27 175.50 555.51 -26.66 0.57 0.66 0.89 0.33 0.41 0.50 0.24
7.00 8.22 -121.70 -360.29 328.25 0.05 0.59 0.39 0.89 0.39 0.47 0.15
20.00 60.86 127.43 -661.25 -219.50 0.64 0.36 0.52 0.01 0.86 0.09 0.41
15.00 36.77 -152.18 325.85 480.97 -0.51 -0.54 -0.06 0.98 0.04 0.31 0.71
7.00 0.44 -340.73 202.55 -230.26 0.22 -0.18 -0.50 0.38 0.47 0.92 0.01
10.00 26.00 -513.55 -191.26 350.05 -0.56 0.86 -0.58 0.61 0.50 0.63 0.71
10.00 18.57 15.44 -337.21 -48.04 0.18 0.62 -0.88 0.68 0.93 0.38 0.81
25.00 129.97 172.36 421.96 -241.77 0.30 -0.23 -1.00 1.00 0.56 0.43 0.04
10.00 0.34 423.80 -565.34 299.32 -0.54 -0.24 0.52 0.41 0.16 0.62 0.79
24.00 149.28 -100.08 -119.45 -581.56 0.91 -0.66 0.14 0.75 0.58 0.13 0.37
11.00 9.60 7.80 -706.33 -237.86 0.02 -0.62 0.65 0.95 0.11 0.26 0.65
5.00 0.48 302.06 180.64 677.69 -0.63 0.59 -0.72 0.33 0.88 0.62 0.81
5.00 3.19 519.72 502.55 77.42 -0.96 -0.34 -0.71 0.40 0.39 0.38 0.49
10.00 1.24 -93.89 167.80 -600.08 -0.78 0.58 -0.96 0.52 0.63 0.24 0.92
5.00 2.90 117.48 -605.59 209.16 0.65 -0.94 0.58 0.59 0.58 0.87 0.21
7.00 8.90 205.58 241.27 -358.36 0.93 -0.19 0.20 0.97 0.85 0.52 0.07
8.00 6.42 507.79 2.47 -152.68 0.54 -0.74 0.45 0.03 0.65 0.98 0.03
7.00 12.31 -229.62 534.56 -262.92 -0.01 -0.83 0.15 0.51 0.96 0.62 0.95
10.00 14.94 69.36 265.85 3.11 0.88 0.74 -0.70 0.43 0.26 0.68 0.44
6.00 0.25 -169.96 581.53 -226.26 0.57 0.49 -0.53 0.74 0.08 0.66 0.67
10.00 2.72 -311.12 -316.10 -652.01 -0.93 0.37 0.55 0.34 0.40 0.12 0.47
24.00 149.65 -563.14 57.07 326.14 0.32 0.71 -0.09 0.72 0.50 0.51 0.52
7.00 0.18 31.24 -531.29 -541.48 0.64 0.16 -0.85 0.89 0.49 0.08 0.87
5.00 3.46 -184.16 -318.86 -165.65 0.93 0.62 -0.61 0.19 0.89 0.86 0.36
8.00 11.24 -568.49 344.36 -278.00 0.53 0.83 0.84 0.19 0.97 0.89 0.74
5.00 6.61 538.32 -269.42 497.96 0.59 0.11 0.10 0.29 0.84 0.89 0.21
5.00 1.05 -69.14 30.16 -708.50 -0.85 -0.26 -0.57 0.85 0.68 0.71 0.19
6.00 8.20 -418.14 333.86 -208.21 0.53 -0.26 0.36 0.35 0.64 0.72 0.06
7.00 9.27 581.59 426.05 196.57 -0.87 0.43 -0.62 0.71 0.21 0.90 0.34
12.00 37.51 -67.93 -212.34 545.53 0.99 -0.26 0.68 0.21 0.10 0.71 0.37
11.00 20.81 164.32 639.13 -403.25 -0.42 -0.15 0.77 0.91 0.80 0.21 0.82
5.00 0.32 -443.59 104.59 530.51 0.33 -0.14 -0.75 0.63 0.47 0.65 0.63
15.00 55.58 -192.02 -351.41 -10.63 0.45 -0.97 0.32 0.03 0.62 0.23 0.86
8.00 9.01 -36.74 253.44 -379.57 0.25 -0.84 0.31 0.37 0.81 0.77 0.14
13.00 23.02 -277.10 77.36 200.61 0.25 -0.79 -0.82 0.49 0.69 0.07 0.04
7.00 3.95 179.83 -279.88 152.80 -0.66 0.37 -0.70 0.52 0.46 0.08 0.16
6.00 0.79 -230.13 -495.14 -117.54 -0.53 -0.81 -0.18 0.17 0.45 0.56 0.93
17.00 44.65 -249.63 308.72 -134.14 0.45 0.31 0.46 0.39 0.01 0.88 0.30
13.00 44.37 -158.76 310.27 -550.67 0.92 -0.16 0.52 0.12 0.10 0.81 0.48
11.00 15.18 -252.27 -310.06 -279.10 0.26 0.10 0.47 0.94 0.11 0.30 0.10
7.00 11.41 259.96 -231.38 127.70 0.54 0.59 -0.99 0.17 0.88 0.21 0.15
18.00 4.46 -319.93 -47.50 248.96 -0.77 0.29 0.11 0.12 0.17 0.10 0.28
9.00 16.76 207.78 -83.52 -684.52 0.27 -0.67 -0.75 0.80 0.68 0.14 0.28
7.00 7.36 -160.78 -205.60 171.72 -0.95 0.79 -0.45 0.50 0.02 0.15 0.93
24.00 11.04 33.25 78.67 450.08 -0.27 -0.46 0.42 0.66 0.46 0.99 0.71
14.00 25.00 149.95 -289.92 -451.04 0.49 0.35 0.86 0.96 0.68 0.91 0.59
5.00 0.13 -366.41 -307.64 337.04 0.14 -0.16 -0.72 0.56 0.68 0.56 0.55
20.00 18.64 -389.91 283.48 -92.57 0.75 -0.14 -0.05 0.16 0.73 0.20 0.20
6.00 6.60 -434.96 248.78 101.91 0.16 0.56 -0.52 0.54 0.47 0.45 0.57
10.00 3.36 -44.04 6.31 -218.00 0.56 0.15 0.99 0.66 0.66 0.90 0.50
7.00 5.23 439.47 -34.20 224.77 0.18 0.69 -0.42 0.32 0.05 0.45 0.85
10.00 12.82 286.83 -718.76 -178.67 0.23 -0.70 -0.28 0.00 0.86 0.49 0.36
7.00 11.96 -306.96 592.73 -33.86 -0.26 0.31 -0.03 0.69 0.04 0.15 0.96
11.00 10.52 459.51 171.45 241.15 0.42 -0.28 -0.32 0.17 0.59 0.10 0.20
9.00 22.99 -432.24 -595.63 -188.15 -0.18 -0.56 -0.15 0.15 0.17 0.58 0.01
8.00 0.98 -454.41 -250.97 194.70 -0.95 -0.54 0.96 0.64 0.39 0.09 0.34
9.00 11.91 120.33 -220.39 -467.70 -0.80 -0.26 -0.35 0.05 0.02 0.80 0.63
11.00 2.69 -165.80 -67.63 -283.93 0.39 -0.27 -0.84 0.47 0.46 0.57 0.01
19.00 0.18 135.78 -479.21 211.40 -0.94 -0.64 -0.76 0.99 0.55 0.15 0.19
5.00 5.09 4.81 -333.83 -591.45 -0.56 -0.79 0.67 0.04 0.21 0.53 0.29
6.00 4.43 69.32 -97.33 282.55 -0.49 -0.25 0.69 0.30 0.19 0.32 0.09
18.00 65.44 -570.93 -403.17 160.91 -0.88 -0.33 0.09 0.83 0.08 0.29 0.12
12.00 9.89 -503.83 -447.19 -423.48 -0.37 -0.14 -0.45 0.47 0.06 0.72 0.19
10.00 9.17 -119.74 -103.40 -669.91 0.96 -0.62 -0.23 0.87 0.68 0.06 0.06
5.00 6.47 282.41 -414.04 -104.64 0.70 -0.59 0.15 0.95 0.55 0.97 0.87
7.00 1.05 362.06 -453.67 520.61 0.12 0.83 0.96 0.28 0.90 0.31 0.23
12.00 40.63 123.72 585.77 364.03 -0.16 -0.89 0.41 0.24 0.66 0.66 0.79
21.00 66.97 -404.29 -557.57 -88.08 -0.74 -0.96 0.55 0.57 0.08 0.63 0.20
9.00 5.75 -9.75 -22.26 548.28 -0.86 0.88 0.01 0.50 0.62 0.76 0.80
9.00 13.86 498.94 -8.74 410.12 0.85 -0.70 -0.61 0.14 0.01 0.49 0.40
26.00 158.58 -274.39 -58.22 273.19 -0.21 0.98 0.03 0.55 0.40 0.75 0.34
12.00 5.71 -201.72 -72.38 274.37 -0.41 -0.08 0.53 0.92 0.58 0.47 0.39
5.00 5.95 716.39 -280.93 205.58 -0.41 -0.98 0.61 0.62 0.37 0.82 0.97
13.00 39.95 -116.25 465.95 -86.99 -0.40 0.73 -0.17 0.40 1.00 0.38 0.88
18.00 17.49 471.39 -60.10 30.32 0.73 0.85 0.08 0.32 0.40 0.58 0.72
8.00 6.91 690.75 -243.13 -198.28 0.13 -0.64 -0.04 0.52 0.25 0.41 0.60
15.00 30.75 315.84 -16.15 332.07 -0.99 0.64 -0.81 0.20 0.18 0.75 0.39
9.00 0.51 -230.49 -136.08 -608.17 0.77 -0.01 -0.46 0.35 0.59 0.18 0.56
5.00 0.57 170.66 -219.26 161.38 -0.93 0.34 0.47 0.32 0.55 0.48 0.89
6.00 1.91 472.13 -179.57 -161.42 0.92 0.22 -0.85 0.22 0.41 0.85 0.39
12.00 40.55 622.13 -164.46 140.53 -0.25 -0.78 -0.23 0.88 0.76 0.58 0.76
22.00 1.80 334.58 132.74 135.05 0.28 -0.16 0.64 0.78 0.34 0.15 0.95
9.00 13.43 345.48 -568.29 252.13 0.22 0.08 -1.00 0.48 0.83 0.91 0.07
6.00 4.99 -71.91 -469.19 0.99 0.76 -0.97 0.89 0.67 0.89 0.66 0.71
13.00 12.83 -608.87 -261.80 -376.41 0.38 0.41 0.94 0.16 0.68 0.84 0.49
15.00 63.46 61.48 -555.47 296.43 -0.96 0.50 0.41 0.02 0.43 0.31 0.47
6.00 2.22 470.63 218.01 109.95 0.23 -0.01 0.71 0.90 0.38 0.60 0.88
7.00 6.31 3.59 568.69 294.91 -0.35 0.73 -0.81 0.82 0.11 0.23 0.32
7.00 6.64 519.27 -8.17 226.03 0.14 0.91 0.89 0.02 0.81 0.28 0.61
9.00 4.62 79.56 -587.36 -241.45 0.42 0.10 0.79 0.57 0.34 0.34 0.95
32.00 169.45 238.98 -361.93 -655.18 -0.20 -0.41 -0.47 0.51 0.92 0.05 0.83
26.00 119.68 -387.12 -86.76 691.66 0.90 0.88 -0.16 0.94 0.21 0.72 0.42
30.00 198.66 233.58 -149.58 -164.92 -0.59 -0.10 -0.38 0.24 0.95 0.54 0.01
20.00 52.62 165.06 -146.31 355.15 -0.55 -0.37 0.20 0.46 0.41 0.57 0.60
18.00 57.29 -254.92 2.26 -345.65 0.34 0.13 -0.79 0.14 0.98 0.55 0.63
31.00 96.27 47.07 -372.23 -230.79 0.45 0.14 -0.76 0.40 0.50 0.91 0.69
6.00 6.36 -20.52 380.88 411.31 0.93 -1.00 0.27 0.12 0.76 0.44 0.70
19.00 55.30 302.92 551.06 -135.55 0.94 -0.65 -0.99 0.11 0.15 0.59 0.39
6.00 3.46 763.69 136.43 65.07 -0.56 0.10 0.44 0.54 0.77 0.03 0.76
8.00 13.17 -593.09 336.27 -145.30 -0.44 -0.86 -0.08 0.91 0.23 0.42 0.42
9.00 13.09 438.02 -85.70 -511.97 -0.56 0.82 0.47 0.58 0.09 0.24 0.60
25.00 79.79 603.99 -25.18 242.55 0.08 -0.83 -0.70 0.16 0.02 0.55 0.62
13.00 21.72 -99.82 670.46 -254.68 -0.53 0.65 -0.45 0.79 0.46 0.26 0.51
11.00 31.61 -170.66 -208.25 150.53 -0.02 -0.36 0.90 0.23 0.43 0.60 0.63
7.00 6.69 -137.97 -112.95 -142.63 -0.73 -0.65 0.45 0.97 0.02 0.19 0.63
21.00 82.24 385.04 144.87 678.01 0.79 0.92 0.14 0.49 0.42 0.91 0.27
5.00 6.24 -464.82 229.55 -6.34 0.23 -0.02 -0.74 0.25 0.33 0.65 0.47
8.00 10.22 66.88 -506.84 -181.69 0.75 0.79 -0.38 0.45 0.12 0.01 0.71
25.00 145.93 -235.88 -534.40 -421.53 0.97 0.08 -0.15 0.30 0.60 0.76 0.61
22.00 99.75 -237.90 -43.47 187.72 -0.27 -0.42 -0.49 0.45 0.74 0.99 0.52
15.00 63.73 641.94 31.18 -2.25 -0.99 -0.21 -0.49 0.32 0.93 0.19 0.85
16.00 25.72 132.86 -102.88 520.32 -0.21 -0.88 0.51 0.36 0.90 0.63 0.25
34.00 267.14 -564.90 415.90 292.94 0.72 0.38 0.59 0.77 0.73 0.00 0.48
23.00 8.77 360.25 364.37 481.93 -0.27 0.83 -0.89 0.52 0.88 0.73 0.31
6.00 1.73 -283.42 381.77 -580.52 0.77 -0.63 -0.12 0.11 0.36 0.38 0.21
7.00 5.93 -459.39 190.62 -186.32 0.91 0.10 0.96 0.77 0.65 0.71 0.35
14.00 8.63 -128.71 157.25 114.59 0.85 0.08 0.67 0.97 0.05 0.22 0.34
12.00 12.36 -162.03 -372.73 477.77 0.66 0.14 -0.80 0.94 0.08 0.74 0.60
9.00 5.64 499.96 381.53 -410.99 0.72 -0.98 -0.46 0.02 0.07 0.69 0.91
5.00 6.02 -321.72 -24.57 60.10 0.16 0.04 0.73 0.84 0.07 0.90 0.77
13.00 21.83 -637.47 -348.44 149.35 0.88 0.07 0.17 0.41 0.12 0.14 0.16
13.00 45.23 -165.79 -561.38 365.56 -0.41 -0.39 0.31 0.99 0.43 0.01 0.59
7.00 12.80 644.76 76.15 337.90 -0.93 -0.13 -0.60 0.67 0.71 0.40 0.17
13.00 10.90 11.61 -589.74 434.13 -0.68 0.02 0.20 0.62 0.89 0.02 0.05
7.00 2.52 185.67 341.27 -610.86 -0.48 0.29 -0.68 0.61 0.63 0.84 0.51
11.00 30.37 345.28 132.48 -683.63 -0.32 0.47 0.32 0.78 0.16 0.39 0.86
16.00 3.57 -145.90 273.53 -502.36 0.73 -0.89 0.44 0.86 0.20 0.52 0.23
22.00 111.65 -366.05 -132.06 565.38 0.37 -0.91 0.70 0.54 0.79 0.89 0.23
9.00 5.07 453.36 18.51 320.45 -0.24 0.36 0.43 0.79 0.33 0.48 0.31
8.00 2.83 -469.07 -520.62 75.73 -0.88 -0.49 0.85 0.28 0.02 0.13 0.91
5.00 2.05 -203.21 -446.45 -18.12 0.52 -0.98 0.46 0.72 0.44 0.93 0.41
5.00 3.89 48.30 456.04 621.60 0.03 0.02 -0.76 0.70 0.78 0.86 0.42
12.00 16.99 254.17 -416.11 -249.84 -0.91 -0.35 -0.25 0.07 0.13 0.07 0.89
9.00 10.15 -519.74 345.73 244.07 0.21 0.23 0.74 0.77 0.70 0.19 0.25
18.00 47.65 44.83 345.38 267.86 -0.07 0.66 0.55 0.15 0.80 0.21 0.59
12.00 1.55 -93.02 -517.83 -319.46 -0.42 -0.90 0.88 0.98 0.99 0.89 0.60
10.00 27.35 -265.60 387.03 288.37 0.13 0.92 -0.47 0.70 0.52 0.93 0.81
6.00 9.08 526.40 217.43 14.53 0.64 0.82 -0.77 0.60 0.35 0.63 0.96
9.00 7.77 574.67 174.61 516.02 -0.86 -0.65 0.46 0.39 0.36 0.79 0.12
15.00 53.75 500.90 248.08 54.60 -0.86 -0.26 -0.62 0.59 0.18 0.34 0.97
9.00 8.39 -750.96 195.26 4.58 -0.19 -0.97 0.22 0.48 0.08 0.35 0.78
7.00 4.10 177.04 45.25 636.56 -0.27 -0.43 0.18 0.15 0.98 0.96 0.84
9.00 20.57 624.69 139.03 235.93 0.13 -0.22 -0.70 0.83 0.98 0.24 0.16
7.00 6.48 506.01 479.52 -160.03 -0.67 0.61 -0.27 0.08 0.12 0.71 0.75
15.00 38.71 -372.10 590.55 270.63 -0.52 -0.42 0.09 0.98 0.50 0.09 0.68
9.00 8.93 -454.07 329.20 -393.60 -0.21 -0.15 -0.58 0.24 0.19 0.18 0.59
5.00 1.57 412.80 196.83 -102.15 0.06 -0.27 -0.53 0.84 0.46 0.08 0.98
7.00 10.84 -412.27 85.13 -411.86 0.01 0.15 -0.87 0.90 0.97 0.92 0.40
21.00 92.13 61.95 -42.13 -0.68 0.10 -0.97 0.48 0.07 0.86 0.09 0.33
7.00 2.75 195.02 -479.61 222.65 0.25 -0.02 0.08 0.85 0.63 0.69 0.88
25.00 8.19 -475.79 -565.98 193.39 -0.47 0.45 0.29 0.09 0.62 0.28 0.97
13.00 44.89 -353.90 695.16 127.39 -0.21 -0.10 -0.61 0.38 0.73 0.91 0.52
18.00 55.59 284.48 333.97 534.01 0.23 -0.12 0.90 0.98 0.14 0.99 0.13
12.00 28.79 240.20 -441.16 13.40 -0.74 -0.74 0.64 0.53 0.86 0.47 0.72
9.00 6.86 -218.67 206.50 431.22 -0.45 0.11 -0.60 0.02 0.90 0.85 0.80
9.00 19.95 395.52 537.28 292.83 -0.82 -0.69 -0.49 0.95 0.34 0.91 0.23
10.00 4.63 202.26 -375.74 -81.22 0.25 -0.52 -0.06 0.43 0.09 0.03 0.72
7.00 7.73 -555.02 5.65 -444.52 -0.78 -0.15 0.36 0.24 0.17 0.68 0.03
5.00 6.83 -406.21 234.96 178.27 0.44 0.08 -0.33 0.23 0.54 0.64 0.30
6.00 3.81 -338.04 239.01 331.47 -0.26 0.59 -0.67 0.93 0.22 0.05 0.80
5.00 2.81 264.68 214.57 -686.85 -0.77 0.06 -0.09 0.63 0.24 0.87 1.00
26.00 77.78 453.36 507.71 -298.33 0.97 0.51 -0.87 0.44 0.35 0.12 0.20
22.00 135.16 -452.83 67.74 644.52 0.12 -0.83 -0.79 0.96 0.88 0.27 0.15
11.00 8.29 -58.76 325.29 566.38 0.15 0.41 0.78 0.39 0.40 0.52 0.55
12.00 10.46 -384.73 -426.18 239.09 -0.04 0.08 -0.33 0.37 0.02 0.77 0.29
19.00 98.76 282.54 657.32 260.72 0.62 0.98 1.00 0.94 0.97 0.42 0.58
9.00 2.63 69.47 39.02 745.42 -0.60 -0.70 -0.09 0.72 0.43 0.06 0.40
18.00 65.57 58.95 542.79 566.51 -0.31 0.14 0.27 0.87 0.09 0.09 0.84
16.00 66.91 346.84 -247.35 506.02 -0.88 -0.25 0.76 0.17 0.13 0.75 0.37
11.00 10.17 455.08 574.42 -49.65 -0.93 0.38 -0.24 0.57 0.44 0.94 0.96
16.00 19.72 98.21 -731.50 146.95 -0.44 0.48 0.30 0.37 0.20 0.00 0.68
7.00 13.60 -552.74 169.53 -456.72 0.91 -0.66 0.87 0.98 0.89 0.66 0.40
21.00 86.54 -293.69 -624.57 -140.62 -0.90 0.02 0.39 0.75 0.05 0.88 0.49
10.00 20.57 -579.33 171.65 133.24 0.96 0.64 0.82 0.04 0.86 0.02 0.56
13.00 36.20 -195.56 198.30 -262.09 -0.99 0.18 0.94 0.60 0.72 0.55 0.88
8.00 12.37 -635.05 207.92 11.83 0.84 0.86 -0.93 0.23 0.22 0.96 0.45
8.00 5.85 -13.51 -79.80 383.75 -0.53 0.25 -0.54 0.97 0.58 0.74 0.47
6.00 5.25 -471.94 -96.40 -585.84 -0.90 0.50 -0.04 0.68 0.26 0.72 0.05
7.00 9.45 150.28 -245.43 -121.73 -0.59 -0.72 -0.42 0.62 0.74 0.38 0.11
6.00 3.66 -103.00 242.30 -620.33 0.48 -0.72 -0.47 0.28 0.55 0.46 0.08
11.00 22.76 526.37 511.70 -302.66 0.96 0.76 0.53 0.05 0.35 0.07 0.46
10.00 17.03 204.21 -300.02 -607.34 0.91 -0.40 0.10 0.29 0.02 0.85 0.72
11.00 31.59 70.65 367.04 -613.05 0.80 0.50 -0.71 0.63 0.18 0.84 0.16
7.00 4.07 612.62 230.73 412.55 -0.90 -0.65 0.27 0.43 0.65 0.50 0.35
6.00 7.27 -689.81 273.49 -174.73 -0.58 0.51 0.45 0.21 0.46 0.85 0.25
7.00 13.22 64.69 707.25 -203.25 0.79 0.69 -0.87 0.89 0.28 0.78 0.66
9.00 2.33 -409.05 130.54 400.17 -0.39 -0.65 0.93 0.78 0.39 0.04 0.75
11.00 5.92 -132.83 215.96 519.30 -0.59 -0.57 0.65 0.19 0.43 0.07 0.52
9.00 22.73 218.05 27.01 -215.92 0.95 -0.46 -0.86 0.15 0.76 0.77 0.30
5.00 3.25 52.30 -680.18 -169.67 0.29 -0.60 0.20 0.42 0.53 0.52 0.09
26.00 139.62 -632.66 105.61 -349.37 0.42 -0.84 0.29 0.89 0.99 0.33 0.63
14.00 41.72 -619.89 -465.59 192.54 -0.80 -0.89 -0.75 0.14 0.81 0.02 0.24
11.00 33.36 720.52 141.12 -94.58 -0.67 -0.87 0.98 0.48 0.46 0.90 0.66
6.00 8.34 -387.24 -504.15 -308.53 -0.38 0.15 0.66 0.40 0.22 0.91 0.57
17.00 77.50 109.36 -335.19 -430.95 0.29 0.72 0.32 0.67 0.01 0.17 0.07
14.00 35.92 -197.86 688.73 191.07 0.36 -0.69 0.06 0.57 0.58 0.19 0.70
10.00 11.55 -174.60 -35.78 -11.92 0.63 0.33 0.08 0.44 0.15 0.18 0.57
20.00 29.39 -280.57 98.44 -496.88 -0.98 0.92 -0.95 0.97 0.71 0.74 0.36
12.00 0.66 244.02 57.00 -643.19 0.96 0.72 -0.83 0.09 0.60 0.67 0.27
9.00 15.37 425.26 -592.31 -219.76 0.41 0.67 -0.63 0.55 0.16 0.99 0.28
7.00 0.32 220.21 32.81 -592.78 -0.66 0.45 0.53 0.69 0.48 0.61 0.54
6.00 7.03 -127.86 248.96 107.36 -0.80 -0.60 0.46 0.07 0.79 0.48 0.35
8.00 2.94 -490.57 -447.88 186.45 -0.19 0.12 -0.95 0.77 0.73 0.57 0.26
5.00 3.15 180.18 326.31 -117.45 0.42 0.31 0.08 0.53 0.98 0.99 0.34
18.00 69.08 236.27 26.46 636.53 0.51 -0.10 0.31 0.31 0.69 0.04 0.44
6.00 9.12 49.32 526.46 -22.00 0.95 0.79 -0.08 0.64 0.05 0.47 0.66
23.00 6.39 511.20 278.15 -102.20 -0.50 -0.56 0.60 0.66 0.09 0.85 0.86
14.00 8.57 291.82 124.97 514.77 -0.16 0.48 -0.18 0.79 0.21 0.96 0.44
12.00 11.80 357.27 147.37 198.38 -0.38 -0.09 -0.74 0.10 0.76 0.92 0.04
5.00 4.78 38.53 527.40 -589.21 0.67 -0.83 0.76 0.10 0.20 0.36 0.12
13.00 9.56 -130.38 520.91 184.88 0.84 -0.27 0.16 0.62 0.16 0.29 0.64
7.00 9.11 -201.44 647.85 34.93 0.16 0.17 0.71 0.23 0.33 0.61 0.59
15.00 22.90 -631.07 -105.46 -462.78 0.85 -0.20 0.78 0.70 0.35 0.01 0.13
8.00 2.17 -75.59 -353.79 -368.77 -0.03 -0.43 0.90 0.88 0.15 0.87 0.81
16.00 34.40 42.30 -76.30 180.29 -0.72 0.84 0.10 0.66 0.01 0.88 0.47
9.00 10.68 497.06 -46.65 237.53 0.25 -0.87 0.76 0.57 0.52 0.37 0.27
7.00 7.23 147.99 582.13 -171.16 0.23 -0.02 0.36 0.24 0.19 0.45 0.77
8.00 10.97 119.76 -589.42 467.01 1.00 0.62 1.00 0.23 0.06 0.10 0.88
5.00 2.67 -366.25 -508.60 -460.75 0.10 0.16 0.72 0.81 0.38 0.61 0.31
6.00 9.21 612.11 -353.93 -48.04 -0.29 -0.33 0.41 0.82 0.61 0.45 0.06
5.00 1.49 -670.25 104.30 -23.77 0.35 -0.29 0.62 0.42 0.18 0.62 0.38
14.00 2.16 284.15 563.73 -11.21 0.50 0.64 0.02 0.31 0.05 0.36 0.56
23.00 10.98 314.60 225.52 485.33 0.25 0.65 -0.34 0.83 0.11 0.79 0.08
10.00 17.83 394.93 459.37 376.57 -0.81 -0.33 -0.18 0.76 0.68 0.97 0.98
6.00 6.76 276.98 672.59 195.92 0.16 0.14 -0.24 0.01 0.41 0.58 0.07
13.00 37.57 -197.86 32.61 469.88 0.43 -0.03 0.83 0.24 0.72 0.04 0.35
9.00 9.36 -49.20 -280.38 671.77 -0.76 0.06 -0.19 0.95 0.94 0.12 0.07
9.00 18.88 -57.74 556.30 567.09 0.38 -0.30 -0.69 0.38 0.48 1.00 0.14
9.00 20.33 -94.32 -208.10 11.33 -0.58 0.54 0.08 0.01 0.39 0.75 0.21
8.00 0.18 148.55 239.77 362.16 -0.11 0.50 0.98 0.94 0.29 0.79 0.02
6.00 6.35 83.83 380.09 408.03 -0.31 0.58 -0.85 0.17 0.42 0.86 0.49
17.00 47.32 516.49 387.36 256.21 0.38 0.55 -0.36 0.80 0.82 0.54 0.67
38.00 330.98 -557.03 -43.13 -451.34 -0.25 0.83 0.68 0.12 0.32 0.71 0.30
10.00 5.43 -383.29 307.91 -363.59 -0.92 -0.71 0.69 0.44 0.10 0.16 0.88
24.00 118.27 209.09 73.94 529.66 -0.21 0.66 -0.37 0.29 0.77 0.95 0.51
12.00 40.61 363.46 -54.09 -635.14 -0.29 0.25 0.59 0.63 0.50 0.40 0.93
20.00 11.78 -7.26 -303.83 -69.46 0.19 -0.13 0.54 0.80 0.16 0.14 0.31
22.00 57.31 88.98 433.65 285.84 -0.53 -0.11 -0.38 0.55 0.37 0.14 0.67
10.00 4.99 -288.22 -433.44 463.56 0.06 0.11 0.18 0.66 0.51 0.57 0.00
15.00 40.64 -117.22 -532.71 54.92 0.35 0.37 -0.64 0.76 0.86 0.20 0.79
13.00 30.18 487.66 -327.90 383.22 -0.97 0.55 0.51 0.78 0.73 0.39 0.82
5.00 5.49 298.27 662.10 34.84 -0.71 -0.14 -0.44 0.22 0.63 0.35 0.33
11.00 0.43 260.50 358.59 141.36 -0.85 -0.63 0.58 0.64 0.79 0.29 0.83
6.00 6.86 -335.76 358.76 368.46 0.68 -0.35 0.53 0.16 0.83 0.40 0.76
6.00 7.54 348.74 -494.81 -465.04 -0.14 -0.40 -0.91 0.52 0.96 0.45 0.77
13.00 14.85 708.62 -42.81 -146.90 -0.25 0.42 0.67 0.68 0.62 0.61 0.75
17.00 77.27 -314.02 253.76 -236.66 -0.63 -0.61 0.02 0.86 0.66 0.38 0.10
20.00 53.72 191.56 -480.06 -582.39 -0.68 0.64 0.63 0.09 0.83 0.22 0.77
8.00 9.19 -285.65 46.99 631.14 -0.06 -0.34 -0.83 0.97 0.34 0.42 0.84
30.00 179.45 339.00 -711.35 -96.77 -0.78 0.94 0.01 0.18 0.40 0.87 0.70
9.00 12.81 -598.15 -362.44 276.94 0.08 0.52 -0.01 0.14 0.34 0.74 0.06
14.00 2.17 -620.20 -49.84 -342.45 -0.95 0.58 0.43 0.48 0.31 0.53 0.71
5.00 2.99 69.60 -38.46 440.47 0.61 -0.18 -0.37 0.53 0.03 0.93 0.92
8.00 15.49 -90.42 -119.74 -410.67 -0.56 0.13 -0.17 0.65 0.74 0.51 0.99
15.00 22.91 -369.73 -471.20 -347.79 0.66 0.21 -0.19 0.74 0.65 0.36 0.41
9.00 8.40 246.69 -337.02 130.84 -0.88 0.74 0.10 0.14 0.74 0.55 0.72
8.00 16.59 52.50 414.00 -670.76 0.77 -0.22 -0.33 0.94 0.26 0.67 0.45
39.00 415.62 -294.73 451.84 -335.33 -0.98 0.55 -0.52 0.58 0.01 0.69 0.82
12.00 27.15 24.98 -560.29 -558.79 -0.25 0.57 0.76 0.51 0.58 0.94 0.45
11.00 24.79 56.01 221.99 -488.94 0.49 -0.07 -0.16 0.91 0.39 0.28 0.17
16.00 52.98 196.60 -498.99 -537.78 -0.33 -0.50 0.55 0.45 0.72 0.41 0.92
24.00 37.98 301.26 351.31 -346.81 0.94 -0.42 0.92 0.78 0.84 0.38 0.99
9.00 7.42 410.46 166.73 -580.51 0.44 0.23 0.74 0.15 0.08 0.16 0.75
20.00 84.07 94.62 -265.71 295.01 0.64 -0.48 0.95 0.21 0.80 0.83 0.95
23.00 35.47 -589.54 6.93 171.90 -0.92 0.11 -0.71 0.71 0.87 0.59 0.01
13.00 9.52 393.49 -32.73 213.84 -0.74 0.66 0.34 0.05 0.79 0.06 0.33
7.00 6.34 449.50 339.72 100.94 -0.73 0.40 0.48 0.71 0.43 0.24 0.65
5.00 2.89 106.49 219.32 -700.08 0.64 -0.47 -0.79 0.38 0.08 0.71 0.11
11.00 9.53 86.86 139.48 205.74 -0.56 -0.89 0.83 0.90 0.35 0.88 0.21
32.00 186.44 -110.74 -373.36 472.89 -0.93 -0.15 -0.44 0.91 0.27 0.12 0.41
5.00 2.54 -440.57 -16.43 440.38 0.19 0.30 0.44 0.72 0.49 0.37 0.26
28.00 166.39 -15.75 -437.87 658.16 0.70 0.05 -0.57 0.06 0.78 0.54 0.70
15.00 32.73 -17.75 490.92 -483.72 -0.38 0.55 0.39 0.61 0.32 0.40 0.61
5.00 6.27 52.06 435.98 597.57 0.37 -0.44 -0.15 0.53 0.13 0.50 0.77
9.00 19.43 160.12 73.58 -29.91 0.25 0.29 -0.90 0.09 0.56 0.69 0.85
10.00 13.79 -35.15 72.27 15.44 -0.09 0.17 -0.26 0.83 0.31 0.55 0.68
7.00 6.08 152.91 -439.07 323.68 0.70 0.44 -0.01 0.19 0.00 0.69 0.51
15.00 52.10 -40.93 -253.65 -38.01 0.93 0.01 0.15 0.26 0.59 0.67 0.22
33.00 6.89 144.50 319.35 714.86 0.53 -0.08 -0.17 0.37 0.25 0.14 0.58
8.00 11.19 -54.13 -61.46 641.89 -0.57 -0.45 0.79 0.81 0.52 0.90 0.03
10.00 0.37 38.54 -95.74 42.29 0.61 -0.57 -0.61 0.10 0.04 0.32 0.53
27.00 203.67 16.12 -257.07 650.04 0.77 0.15 1.00 0.67 0.89 0.14 0.46
5.00 4.09 -138.11 98.86 -282.29 0.87 -0.20 0.32 0.34 0.47 0.42 0.36
19.00 67.22 -61.14 214.74 614.59 -0.55 0.72 -0.42 0.07 0.16 0.88 0.13
5.00 5.39 -319.59 156.43 -403.29 0.06 0.60 -0.70 0.11 0.56 0.19 0.01
37.00 377.52 -525.77 300.97 -155.68 -0.95 -0.89 -0.15 0.63 0.35 0.22 0.45
6.00 3.37 590.44 -201.36 41.42 0.35 -0.44 0.44 0.56 0.07 0.34 0.89
10.00 7.82 31.75 -321.58 -553.58 -0.42 -1.00 -0.82 0.19 0.93 0.95 0.36
6.00 5.37 358.85 340.71 -594.62 -0.71 0.74 -0.14 0.71 0.28 0.78 0.20
6.00 0.73 -288.39 339.12 643.00 -0.95 -0.11 -0.60 0.87 0.39 0.64 0.12
5.00 5.39 -714.72 -45.01 -96.44 0.33 -0.13 -0.44 0.78 0.14 0.25 0.45
17.00 51.64 465.92 -245.92 -289.43 -0.90 0.29 -0.90 0.93 0.89 0.48 0.98
22.00 73.94 -65.12 -206.42 -42.46 0.86 -0.82 0.61 0.14 0.50 0.06 0.18
8.00 12.42 472.24 116.19 233.79 0.89 -0.68 -0.39 0.31 0.95 0.81 0.57
14.00 26.39 54.78 -164.24 588.39 -0.34 -0.77 -0.42 0.96 0.72 0.32 0.51
12.00 15.58 559.89 311.29 343.88 0.27 -0.90 0.43 0.44 0.22 0.65 0.89
7.00 12.65 -116.20 -533.93 171.64 0.57 -0.61 -0.63 0.92 0.92 0.24 0.16
6.00 0.17 660.39 -1.69 137.57 0.06 -0.90 0.62 0.18 0.44 0.92 0.14
10.00 2.05 -610.40 495.95 56.29 -0.41 -0.07 0.23 0.18 0.63 0.05 0.90
14.00 47.41 66.54 -60.02 194.37 0.96 -0.16 -0.51 0.57 0.14 0.03 0.04
16.00 37.61 -272.53 145.10 564.30 0.35 0.16 -0.15 0.84 0.80 0.15 0.17
6.00 3.33 -417.10 306.17 78.18 -0.71 -0.07 0.89 0.28 0.26 0.01 0.44
7.00 6.61 -626.27 404.21 -273.48 -0.15 0.14 -0.95 0.55 0.43 0.83 0.11
7.00 3.77 243.73 -650.45 -92.67 -0.18 -0.42 -1.00 0.34 0.89 0.54 0.94
5.00 1.13 -274.68 240.16 -358.78 -0.04 -0.36 -0.79 0.93 0.46 0.69 0.31
11.00 6.33 195.75 365.45 -441.42 0.22 0.56 -0.85 0.12 0.55 0.09 0.36
36.00 366.69 317.02 -323.69 98.37 -0.92 -0.42 -0.55 0.23 0.84 0.39 0.04
9.00 14.29 -13.60 -63.20 437.66 -0.88 0.51 0.49 0.15 0.01 0.91 0.27
21.00 77.82 -714.73 167.57 279.60 0.02 0.84 -0.35 0.03 0.67 0.73 0.50
5.00 2.90 538.47 313.75 -486.03 -0.44 0.72 0.52 0.40 0.40 0.88 0.14
12.00 5.27 424.84 -75.99 621.46 -0.29 0.26 0.08 0.98 0.54 0.55 0.79
6.00 5.76 6.15 -108.49 380.91 -0.91 -0.96 -0.95 0.51 0.39 0.26 0.43
12.00 38.11 -17.13 303.10 -270.17 0.23 0.94 0.10 0.16 0.06 0.01 0.87
8.00 1.14 -383.77 286.40 479.90 0.43 -0.12 -0.05 0.77 0.44 0.49 0.26
18.00 71.15 -440.61 349.54 -524.41 -0.93 0.50 -0.12 0.60 0.11 0.04 0.87
13.00 1.84 603.44 251.34 -207.26 0.25 0.79 -0.06 1.00 0.23 0.51 0.86
8.00 17.55 398.82 34.02 -43.47 0.09 0.09 -0.11 0.93 0.53 0.31 0.71
16.00 21.07 87.72 8.83 492.08 0.65 -0.45 -0.04 0.92 0.59 0.33 0.87
6.00 3.10 89.75 -368.05 -251.27 0.91 -0.81 -0.19 0.24 0.81 0.87 0.31
15.00 26.32 260.34 -57.54 -482.92 -0.69 0.53 0.33 0.39 0.02 0.61 0.60
7.00 0.08 -45.75 299.45 -588.30 -0.47 -0.10 -0.97 0.17 0.63 0.20 0.92
10.00 25.34 46.94 651.97 -110.11 -0.81 -0.89 -0.57 0.53 0.89 0.70 0.79
10.00 18.61 173.18 -20.03 575.59 0.06 -0.05 0.40 0.40 0.59 0.60 0.75
7.00 3.12 342.86 572.34 207.59 -0.69 -0.47 0.90 0.81 0.63 0.98 0.56
8.00 5.34 218.76 -149.67 -542.09 -0.57 -0.62 0.41 0.31 0.20 0.78 0.70
13.00 23.67 347.24 292.06 -99.23 -0.06 0.42 -0.40 0.58 0.65 0.38 0.46
15.00 25.86 168.97 287.23 -330.76 0.91 0.96 -0.33 0.23 0.04 0.28 0.82
12.00 9.89 -119.66 115.71 744.32 -0.38 0.16 -0.98 0.67 0.52 0.91 0.91
26.00 41.99 -645.13 307.38 -177.76 0.35 0.12 0.21 0.66 0.43 0.66 0.58
7.00 13.33 -27.75 -263.84 -57.27 0.81 0.44 0.41 0.72 0.98 0.48 1.00
12.00 1.61 93.44 -62.29 -728.78 0.13 0.80 0.89 0.45 0.27 0.72 0.47
16.00 60.55 1.87 -245.28 340.11 0.98 0.79 0.12 0.49 0.49 0.63 0.57
24.00 85.79 -670.04 208.09 -258.38 -0.30 0.34 0.22 0.48 0.94 0.72 0.28
7.00 3.18 487.13 62.02 -121.75 -0.97 -0.36 -0.45 0.99 0.95 0.78 0.39
6.00 7.98 42.30 -370.02 394.64 0.40 -0.16 -0.12 0.11 0.22 0.85 0.99
8.00 12.49 147.96 -614.22 264.58 -0.90 0.14 0.45 0.98 0.06 0.12 0.03
16.00 49.61 -358.28 647.12 62.73 -0.79 -0.43 0.62 0.88 0.18 0.15 0.00
11.00 6.85 418.44 -561.26 -233.26 0.30 -0.48 0.91 0.07 0.22 0.43 0.79
6.00 3.62 -229.92 -342.29 -130.14 0.49 0.31 -0.57 0.22 0.42 0.07 0.58
18.00 1.09 -89.61 55.98 -290.42 0.06 0.83 -0.92 0.33 0.98 0.65 0.71
16.00 7.68 84.67 562.99 -469.19 -0.58 0.46 0.83 0.49 0.38 0.94 0.83
5.00 2.95 172.44 -227.84 -348.91 -0.08 -0.36 -0.24 0.11 0.62 0.97 0.65
6.00 4.03 -106.28 -516.35 271.86 0.99 -0.42 -0.86 0.41 0.52 0.71 0.97
11.00 31.77 467.97 -123.77 -341.78 -0.25 -0.19 0.35 0.98 0.32 0.45 0.74
11.00 3.51 66.07 323.16 354.12 -0.66 -0.27 0.10 0.28 0.95 0.89 0.33
21.00 36.22 379.31 129.11 -222.75 0.28 0.55 0.80 0.77 0.86 0.11 0.49
6.00 4.96 -113.41 -200.36 531.72 -0.15 -0.59 -0.73 0.91 0.09 0.02 0.03
6.00 5.86 -526.15 9.87 63.02 -0.09 -0.24 -0.82 0.96 0.59 0.94 0.05
11.00 20.07 -364.96 -375.39 132.23 0.47 0.09 0.33 0.42 0.91 0.29 0.08
22.00 119.61 -160.42 -546.71 67.43 -0.98 -0.42 -0.92 0.16 0.86 0.31 0.71
21.00 56.31 -772.21 -137.93 147.62 0.45 0.42 -0.63 0.79 0.41 0.94 0.88
15.00 34.00 546.57 275.09 441.56 -0.65 0.10 -0.85 0.93 0.36 0.78 0.62
10.00 3.63 149.60 647.36 -4.71 0.23 -0.65 0.78 0.05 0.33 0.66 0.00
13.00 19.39 -374.14 672.88 -42.02 -0.53 -0.73 -0.90 0.10 0.39 0.46 0.24
28.00 60.24 351.47 -522.76 -7.93 0.34 0.34 0.37 0.86 0.90 0.81 0.93
13.00 1.45 -610.99 206.66 -313.48 -0.97 0.87 0.48 0.56 0.50 0.59 0.49
5.00 4.18 170.36 -487.84 256.95 -0.48 0.34 0.67 0.75 0.54 0.65 0.44
6.00 6.04 -218.55 -307.50 82.11 0.24 0.02 -0.25 0.54 0.05 0.80 0.21
8.00 8.80 -584.37 -226.03 -76.25 0.17 0.43 0.61 0.47 0.94 0.14 0.61
15.00 19.36 255.02 -347.18 623.45 -0.42 -0.18 -0.93 0.29 0.99 0.50 0.56
7.00 4.73 515.30 -483.10 53.32 0.86 0.56 0.82 0.65 0.67 0.69 0.99
11.00 29.53 -450.77 -329.43 -11.11 -0.70 0.70 0.28 0.19 0.70 0.43 0.04
14.00 51.10 -3.92 153.59 -498.89 -0.92 -0.45 0.38 0.78 0.83 0.72 0.26
9.00 14.36 332.32 -161.63 -272.66 -0.34 0.75 0.96 0.53 0.35 0.11 0.23
10.00 27.84 533.67 -199.72 -309.26 -0.33 0.00 -0.98 0.17 0.10 0.82 0.54
6.00 7.81 149.22 -649.43 163.55 -0.89 -0.96 -0.99 0.73 0.30 0.62 0.58
35.00 25.47 -159.81 -399.24 211.74 -0.63 -0.11 0.02 0.46 0.02 0.54 0.61
25.00 54.76 21.01 -312.23 -384.31 -0.10 0.60 -0.65 0.20 0.53 0.92 0.18
15.00 18.15 -319.30 451.58 385.66 -0.42 0.11 0.40 0.99 0.49 0.15 0.57
10.00 2.16 383.38 -680.83 34.49 0.22 -0.12 -0.02 0.55 0.38 0.81 0.47
8.00 17.82 749.93 -83.14 218.78 -0.71 0.50 0.31 0.63 0.51 0.38 0.63
19.00 30.61 327.36 -675.57 -25.44 0.56 -0.25 0.08 0.51 0.26 0.83 0.00
13.00 18.77 -242.81 460.74 590.00 -0.68 -0.14 -0.09 0.80 0.91 0.30 0.46
10.00 5.49 589.74 431.49 157.54 0.50 0.63 -1.00 0.27 0.98 1.00 0.59
16.00 9.18 -248.71 473.57 -411.05 -0.85 0.92 -0.95 0.85 0.19 0.19 0.37
20.00 86.61 90.47 258.48 -471.65 0.77 0.31 -0.68 0.93 0.49 0.74 0.78
12.00 2.93 -333.85 -525.49 -385.86 -0.24 0.21 -0.05 0.62 0.76 0.16 0.69
24.00 41.64 -287.53 -166.78 -47.40 0.38 0.05 -0.42 0.11 0.94 0.50 1.00
5.00 1.75 555.03 -163.47 -218.86 -0.54 -0.36 -0.17 0.63 0.79 0.21 0.97
10.00 24.13 5.65 334.62 -154.11 0.02 -0.07 0.30 0.75 0.07 0.86 0.78
7.00 12.26 159.46 -416.27 651.83 -0.93 0.97 -0.20 0.90 0.05 0.76 0.08
12.00 33.85 213.30 -1.24 -305.41 -0.17 -0.19 0.09 0.55 0.63 0.13 0.62
6.00 0.70 -372.58 -666.54 219.82 0.74 0.77 0.26 0.42 0.46 0.40 0.84
15.00 40.72 -277.82 -145.09 84.33 0.66 -0.86 0.73 0.08 0.27 0.19 0.26
17.00 39.00 -606.71 -367.83 315.07 0.91 -0.28 -0.95 0.35 0.89 0.45 0.12
5.00 3.00 41.08 57.49 421.47 0.47 -0.13 0.86 0.54 0.09 0.03 0.07
5.00 0.12 74.87 -728.18 17.72 -0.37 0.73 0.23 0.73 0.93 0.09 0.04
8.00 2.00 -431.02 -317.34 63.77 -0.29 0.69 0.36 0.73 0.99 0.21 0.78
14.00 44.83 103.56 -284.59 -423.91 0.95 0.32 -0.93 0.32 0.76 0.96 0.91
11.00 6.77 177.49 -86.58 -274.36 0.54 -0.04 0.92 0.15 0.58 0.54 0.72
13.00 8.96 -36.08 745.65 252.64 -0.16 0.47 -0.80 0.93 0.02 0.93 0.24
6.00 2.36 345.59 -568.60 -337.70 -0.79 0.06 -0.50 0.19 0.83 0.91 0.75
5.00 6.15 -105.83 123.95 -423.69 0.86 -0.51 0.45 0.43 0.40 0.25 0.88
5.00 2.67 340.49 88.12 245.18 0.87 0.98 -0.90 0.36 0.82 0.13 0.70
9.00 6.37 206.37 -11.27 175.40 -0.41 0.45 0.20 0.88 0.26 0.29 0.58
8.00 16.14 -351.94 69.68 -615.30 -0.05 0.20 0.67 0.11 0.48 0.64 0.15
7.00 8.54 -489.89 -309.16 -417.54 -0.75 0.11 -0.77 0.54 0.87 0.46 0.02
10.00 15.91 628.06 -141.35 -372.54 0.12 0.68 -0.31 0.72 0.21 0.23 0.30
10.00 25.62 -84.36 589.39 279.92 -0.36 -0.46 -0.31 0.81 0.84 0.73 0.70
9.00 15.50 -545.02 24.42 -263.84 -0.43 -0.68 -0.72 0.52 0.34 0.24 0.46
5.00 7.09 740.49 29.47 -19.35 -0.30 -0.30 -0.85 0.50 0.22 0.03 0.32
23.00 45.68 359.94 240.21 268.42 0.59 -0.70 -0.02 0.84 0.73 0.55 0.86
7.00 10.73 322.37 -716.42 -144.83 -0.73 -0.67 -0.80 0.35 0.68 0.80 0.65
12.00 1.18 -434.37 -455.52 120.12 -0.16 -0.31 -0.30 0.46 0.27 0.58 0.32
16.00 36.04 -113.60 375.36 13.11 -0.32 0.23 -0.09 0.98 0.23 0.40 0.92
33.00 196.16 236.43 336.35 375.64 -0.29 0.54 0.39 0.84 0.61 0.01 0.26
5.00 6.84 45.53 482.19 -541.67 -0.57 0.72 0.96 0.44 0.12 0.21 0.53
10.00 25.17 493.52 -170.85 154.91 -0.95 0.83 0.53 0.20 0.42 0.96 0.03
20.00 62.82 79.72 379.77 302.45 0.01 -0.48 0.57 0.11 0.04 0.43 0.18
26.00 54.54 405.31 684.76 -70.58 -0.75 -0.62 -0.66 0.93 0.07 0.20 0.83
15.00 0.58 432.09 223.68 -558.41 -0.45 0.86 -0.92 0.98 0.08 0.91 0.85
10.00 11.64 -178.44 224.37 -329.28 -0.14 -0.53 -0.53 0.24 0.96 0.70 0.69
5.00 1.53 -533.67 532.52 -3.71 -0.39 -0.53 -0.59 0.66 0.95 0.39 0.01
13.00 47.67 544.25 4.54 151.57 0.46 0.87 0.02 0.05 0.85 0.84 0.43
27.00 182.87 -231.69 10.39 543.15 -0.95 0.94 -0.44 0.88 0.08 0.55 0.66
15.00 27.46 -109.76 -61.91 252.28 -0.88 0.40 0.58 0.06 0.33 0.50 0.93
6.00 3.32 -0.68 644.26 -250.79 0.01 -0.59 0.64 0.83 0.98 0.42 0.95
9.00 8.45 -40.21 164.90 566.84 -0.53 -0.66 0.86 0.85 0.08 0.35 0.85
5.00 7.05 -511.43 491.24 203.39 0.34 -0.50 0.90 0.99 0.72 0.95 0.76
9.00 4.53 -212.71 -561.07 280.89 0.83 0.53 0.59 0.08 0.76 0.07 0.65
15.00 17.59 531.54 201.21 310.21 -0.12 0.93 0.32 0.03 0.25 0.43 0.22
5.00 2.46 -83.23 598.59 -372.66 -0.19 -0.84 -0.32 0.57 0.44 0.33 0.84
5.00 0.32 -110.63 -519.80 562.21 0.44 0.05 -0.00 0.56 0.66 0.84 0.21
22.00 76.29 -263.65 -532.00 -234.08 -0.49 0.35 0.25 0.14 0.13 0.17 0.78
8.00 2.52 -400.87 -417.12 -400.89 0.68 0.40 -0.61 0.35 0.00 0.22 0.75
7.00 1.00 -260.50 206.07 -700.92 -0.63 -0.34 -0.34 0.81 0.84 0.82 0.43
12.00 28.79 268.23 540.73 184.17 0.23 -0.97 -0.33 0.80 0.40 0.90 0.41
14.00 30.79 -441.72 527.56 213.77 -0.63 -0.66 -0.85 0.49 0.75 0.65 0.72
27.00 76.06 51.70 313.39 635.73 0.45 0.83 -0.40 0.17 0.20 0.52 0.62
19.00 4.41 62.17 -358.63 91.12 -0.94 0.75 -0.64 0.26 0.99 0.23 0.74
5.00 5.02 -275.32 237.47 -609.30 -0.88 0.83 -0.12 0.84 0.18 0.71 0.49
8.00 2.74 77.10 194.33 647.32 0.60 -0.68 -0.82 0.78 0.34 0.59 0.09
5.00 2.04 -314.78 236.97 119.19 0.33 0.02 0.70 0.65 0.00 0.67 0.13
18.00 53.26 178.00 92.92 271.55 0.42 -0.70 0.65 0.14 0.00 0.33 0.53
5.00 3.76 477.34 -492.16 277.37 0.03 0.32 0.04 0.52 0.72 0.37 0.13
7.00 6.73 226.97 -558.62 -461.54 0.55 -0.07 0.53 0.07 0.22 0.35 0.57
9.00 17.89 -105.91 42.04 767.70 -0.18 -0.65 0.27 0.93 0.19 0.38 0.12
13.00 38.11 152.33 478.39 -530.83 0.29 0.52 -0.60 0.81 0.95 0.94 0.75
7.00 11.27 97.47 512.81 381.10 -0.55 -0.17 -0.61 0.80 0.33 0.69 0.20
13.00 44.32 21.67 -542.56 -80.60 0.95 -0.39 -0.51 0.36 0.92 0.33 0.01
9.00 6.30 -13.48 537.13 122.87 -0.29 -0.66 0.92 0.65 0.30 0.74 0.23
5.00 6.03 378.91 -159.69 -309.87 -0.39 0.76 0.58 0.84 0.19 0.71 0.97
8.00 10.01 -384.13 -28.89 -257.63 0.59 0.30 0.05 0.01 0.72 0.74 0.11
26.00 26.62 218.58 744.09 -191.86 0.04 -0.78 -0.15 0.42 0.89 0.00 0.83
10.00 3.16 482.56 251.59 -277.47 0.90 -0.76 0.65 0.69 0.22 0.54 0.40
7.00 6.91 -19.89 -503.42 -142.54 0.30 0.25 -0.12 0.82 0.27 0.87 0.49
16.00 70.97 229.12 -2.77 -733.58 0.72 0.88 -0.34 0.43 0.20 0.53 0.48
19.00 97.05 245.03 750.33 -87.72 0.61 0.38 0.45 0.82 0.49 0.79 0.34
32.00 182.44 -346.48 -550.74 184.67 -0.74 -0.40 -0.81 0.66 0.73 0.37 0.61
5.00 6.10 108.44 34.44 523.14 0.83 0.07 0.07 0.60 0.74 0.32 0.52
12.00 2.13 -389.95 -56.46 -183.48 -0.14 -0.14 0.10 0.13 0.66 0.52 0.74
10.00 14.83 223.85 350.04 134.79 -0.92 -0.09 -0.16 0.96 0.95 0.42 0.48
5.00 5.96 -178.32 547.74 -326.84 0.30 -0.33 -0.23 0.45 0.98 0.88 0.09
8.00 6.09 479.76 -449.60 326.93 0.32 -0.06 -0.53 0.46 0.86 0.86 0.09
39.00 99.54 301.79 101.41 -546.46 -0.11 -0.64 -0.80 0.82 0.43 0.44 0.97
16.00 48.29 -11.44 -201.10 322.44 0.03 -0.69 -0.83 0.67 0.34 0.94 0.82
6.00 8.46 -100.99 -195.05 119.11 0.28 0.36 0.43 0.19 0.60 0.92 0.48
5.00 2.34 721.28 -271.71 -51.08 -0.75 -0.55 -0.71 0.09 0.11 0.32 0.90
9.00 22.36 420.85 -487.39 229.67 -0.31 -0.63 0.89 0.72 0.41 1.00 0.86
29.00 218.77 543.78 329.57 178.96 0.86 -0.65 -0.66 0.48 0.27 0.90 0.76
7.00 5.30 252.61 349.22 323.15 0.56 0.24 -0.68 0.10 0.08 0.19 0.51
20.00 23.46 196.28 -191.52 -162.87 -0.31 -0.75 -0.38 0.55 0.50 0.97 0.78
12.00 20.93 -68.11 658.15 -105.26 -0.23 -0.35 0.61 0.29 0.47 0.94 0.48
8.00 16.49 382.89 -276.67 -584.91 -0.12 -0.11 -0.73 0.67 0.62 0.37 0.71
5.00 3.52 516.40 195.22 -180.01 -0.52 -0.52 0.09 0.44 0.30 0.48 0.57
17.00 80.90 -334.34 -465.95 152.20 0.87 0.21 -0.45 0.53 0.86 0.57 0.90
7.00 9.94 -52.36 7.31 147.96 -0.09 0.02 0.76 0.94 0.95 0.72 0.25
7.00 3.42 188.53 643.30 313.16 -0.52 0.40 0.70 0.77 0.38 0.57 0.67
10.00 12.77 -268.01 492.94 149.22 0.73 -0.02 -0.22 0.64 0.59 0.22 0.37
7.00 3.95 472.76 458.12 65.88 -0.95 0.98 0.68 0.36 0.06 0.53 0.50
5.00 0.81 101.91 -190.91 -394.87 -0.80 -0.08 0.83 0.79 0.39 0.51 0.72
10.00 22.41 193.42 -336.25 -411.81 0.14 0.70 -0.08 0.01 0.37 0.28 0.08
17.00 63.78 104.83 -580.01 194.70 -0.34 -0.63 -0.26 0.48 0.99 0.75 0.93
13.00 30.31 35.40 -534.34 -151.84 -0.20 0.60 -0.92 0.06 0.36 0.27 0.84
14.00 24.71 507.19 501.85 -256.57 0.76 0.15 0.10 0.74 0.91 0.07 0.89
8.00 9.49 -492.16 -80.98 -527.70 -0.11 -0.44 -0.80 0.63 0.19 0.87 0.99
8.00 6.56 -280.01 101.22 368.74 -0.56 -0.99 0.73 0.85 0.47 0.93 0.65
13.00 28.73 -131.23 2.55 245.27 -0.10 0.42 -0.05 0.57 0.74 0.44 0.50
32.00 10.71 576.77 374.75 347.92 -0.66 -0.23 -0.95 0.74 0.77 0.12 0.59
8.00 13.58 40.65 152.52 41.81 0.61 -0.13 0.12 0.93 0.44 0.48 0.58
15.00 23.29 532.64 183.81 -36.79 -0.32 -0.27 0.77 0.06 0.57 0.88 0.75
24.00 51.26 192.68 179.95 754.97 0.46 -0.56 -0.57 0.52 0.35 0.02 0.24
10.00 27.42 267.80 -402.08 281.26 0.10 -0.29 -0.13 0.36 0.02 0.91 0.25
5.00 5.10 211.66 -105.27 -659.37 0.87 0.23 0.23 0.80 0.11 0.23 0.61
7.00 8.53 406.63 582.37 185.83 -0.10 -0.62 0.91 0.85 0.48 0.18 0.06
6.00 9.75 -176.35 -474.98 -533.25 -0.78 -0.41 0.40 0.88 0.40 0.25 0.91
10.00 26.58 -160.35 -257.53 -472.36 -0.37 -0.40 -0.37 0.28 0.72 0.73 0.88
14.00 36.98 -327.11 72.44 -700.92 0.49 0.79 0.71 0.57 0.40 0.44 0.44
17.00 67.83 -227.02 105.35 147.35 -0.88 -0.69 -0.91 0.16 0.61 0.66 0.35
6.00 5.65 156.11 425.73 -10.97 0.05 0.81 -0.03 0.27 0.19 0.89 0.96
11.00 1.66 -203.01 -167.81 707.14 -0.89 0.27 -0.65 0.01 0.13 0.78 0.01
12.00 12.51 -708.76 -29.41 18.51 0.88 -0.21 0.64 0.02 0.34 0.19 0.02
8.00 15.69 628.10 -244.87 21.78 0.21 -0.13 -0.32 0.91 0.47 0.81 0.39
16.00 40.66 21.52 -275.79 -24.68 -0.24 0.23 0.82 0.41 0.62 0.11 0.64
6.00 7.62 -105.68 -307.27 257.09 0.44 0.30 0.95 0.51 0.62 0.90 0.91
7.00 9.55 -226.79 700.02 268.36 0.18 -0.01 0.13 0.30 0.69 0.10 0.08
11.00 0.34 -80.93 189.19 -179.81 0.68 -0.66 0.71 0.88 0.06 0.88 0.66
18.00 75.04 -545.06 150.05 -528.15 0.31 0.03 0.05 0.01 0.28 0.56 0.87
8.00 1.47 91.38 -398.93 528.40 0.74 -0.52 -0.69 0.37 0.69 0.22 0.42
6.00 0.10 299.61 220.32 -591.03 0.29 0.61 0.69 0.99 0.52 0.31 0.10
8.00 10.65 -445.60 -93.86 -87.23 -0.28 0.80 -0.37 0.12 0.23 0.09 0.70
8.00 12.91 368.96 466.58 -491.03 0.73 0.32 -0.71 0.02 0.20 0.74 0.88
8.00 16.97 -79.99 244.73 640.70 -0.98 0.06 0.70 0.72 0.84 0.47 0.72
9.00 21.29 -294.96 674.71 -11.45 0.26 -0.71 -0.56 0.30 0.30 0.46 0.29
5.00 0.95 -220.44 -245.49 -702.30 0.16 0.71 0.29 0.20 0.64 0.28 0.08
12.00 30.12 110.31 -48.28 651.45 -0.61 -0.65 -0.91 0.79 0.17 0.64 0.28
8.00 11.22 -342.62 164.89 0.11 0.43 0.17 -0.13 0.30 0.23 0.85 0.10
12.00 25.05 -252.77 509.29 239.35 -0.55 0.37 -0.36 0.34 0.82 0.09 0.42
8.00 17.69 196.72 -74.03 -727.31 -0.92 0.11 0.02 0.19 0.96 0.67 0.56
5.00 5.35 -333.35 -197.45 219.99 -0.83 -0.85 -0.75 0.57 0.20 0.64 0.60
11.00 14.35 24.41 -199.87 185.42 -0.68 -0.14 0.95 0.62 0.35 0.75 0.74
16.00 67.38 -442.67 -348.11 248.28 0.90 -0.54 -0.03 0.21 0.14 0.91 0.45
5.00 5.65 53.78 375.35 508.43 -0.99 -0.33 0.12 0.11 0.09 0.03 0.19
5.00 0.83 -325.78 495.14 283.70 -0.43 -0.45 0.71 0.88 0.83 0.81 0.65
6.00 1.90 -4.91 151.16 -732.54 0.56 0.84 0.88 0.02 0.69 0.69 0.46
12.00 27.53 452.31 -132.04 482.82 0.48 -0.50 0.43 0.97 0.28 0.51 0.03
11.00 19.98 222.67 8.18 88.97 0.75 0.13 0.56 0.72 0.75 0.37 0.79
6.00 0.22 285.37 -374.92 358.92 0.10 0.29 -0.99 0.02 0.22 0.76 0.89
11.00 4.83 -205.79 208.07 -687.64 0.14 -0.58 -0.52 0.73 0.08 0.99 0.11
9.00 14.84 353.85 -426.93 123.93 -0.68 -0.07 -0.45 0.07 0.94 0.27 0.28
9.00 19.17 482.54 -21.24 263.49 -0.59 0.30 0.18 0.79 0.52 0.25 0.97
7.00 2.43 -69.39 -477.95 -456.57 -0.06 0.17 0.18 0.61 0.51 0.92 0.87
9.00 16.87 -473.24 397.15 -27.45 0.53 0.22 0.13 0.26 0.23 0.44 0.44
10.00 13.46 -463.89 -607.52 -175.73 0.14 0.23 -0.40 0.59 0.21 0.95 0.98
20.00 64.36 433.87 -277.50 140.25 -0.97 0.97 -0.36 0.18 0.74 0.32 0.45
20.00 29.85 -304.25 -414.70 -5.37 0.91 -0.86 -0.80 0.27 0.22 0.68 0.03
6.00 0.34 -386.46 457.23 122.54 0.88 -0.14 0.42 0.27 0.32 0.01 0.25
6.00 5.39 -189.65 -348.58 586.87 0.34 0.68 0.60 0.91 0.07 0.29 1.00
7.00 0.75 5.29 -42.02 199.78 0.26 -0.78 0.94 0.29 0.63 0.63 0.08
10.00 9.53 -300.28 179.12 341.72 0.10 -0.22 0.59 0.03 0.50 0.86 0.70
20.00 30.02 -233.16 755.63 85.69 0.62 -0.86 0.56 0.22 0.42 0.99 0.11
29.00 4.82 -25.99 248.15 210.47 0.10 -0.66 -0.42 0.85 0.73 0.36 0.55
6.00 7.54 -446.40 -52.24 227.31 0.38 0.18 0.95 0.23 0.49 0.58 0.73
21.00 55.48 539.24 -339.76 46.84 0.66 -0.72 0.43 0.56 1.00 0.63 0.03
10.00 25.21 69.45 730.75 -297.30 0.31 0.92 -0.27 0.57 0.64 0.19 0.21
15.00 35.97 95.04 -118.45 48.24 0.18 -0.32 0.27 0.08 0.39 0.61 0.99
13.00 9.73 117.81 601.69 -439.84 -0.25 0.34 -0.61 0.41 0.52 0.19 0.41
11.00 26.29 453.26 -134.24 -296.62 0.62 -0.39 0.33 0.14 0.59 0.48 0.51
12.00 3.89 236.36 198.37 8.45 0.96 -0.47 -0.23 0.66 0.82 0.31 0.96
9.00 20.07 15.85 -173.56 673.78 0.37 -0.56 0.38 0.89 0.38 0.35 0.10
5.00 0.83 -113.23 -136.38 651.76 -0.74 -0.17 0.15 0.74 0.30 0.55 0.19
6.00 4.61 60.79 -314.71 583.56 0.09 0.83 0.54 0.34 0.57 0.06 0.37
16.00 15.58 -116.03 72.40 4.26 0.47 0.04 -0.35 0.62 0.84 0.11 0.81
6.00 1.49 -56.16 323.93 112.24 0.93 0.60 0.79 0.09 0.93 0.04 0.96
19.00 33.95 545.34 -23.04 236.74 0.83 0.14 0.95 0.99 0.20 0.74 0.28
9.00 19.84 506.82 523.27 -13.25 0.03 -0.20 -0.99 0.45 0.75 0.93 0.78
7.00 6.20 122.87 377.80 -412.95 0.89 0.02 0.08 0.01 0.75 0.46 0.79
8.00 5.13 292.61 -29.46 1.68 -0.51 0.97 0.16 0.26 0.71 0.58 0.23
9.00 20.16 -388.13 -366.27 -102.71 -0.68 0.02 -0.02 0.03 0.87 0.95 0.28
5.00 6.31 91.38 -563.11 -544.28 -0.68 0.44 -0.95 0.05 0.91 0.48 0.40
31.00 70.41 -280.10 -283.64 -521.13 0.49 0.72 0.70 0.29 0.10 0.47 0.66
13.00 6.33 -785.86 -75.93 -124.96 0.99 -0.37 0.58 0.91 0.70 0.62 0.85
14.00 26.86 -56.27 402.10 422.75 -0.47 -0.81 0.09 0.05 0.36 0.70 0.77
6.00 7.85 -285.13 -400.06 279.51 -0.21 0.32 0.11 0.33 0.84 0.63 0.61
5.00 1.77 118.12 129.23 -43.57 0.34 0.02 0.19 1.00 0.93 0.29 0.34
10.00 7.84 92.77 297.46 402.44 0.04 -0.40 0.31 0.92 0.72 0.64 0.32
34.00 157.60 366.48 519.67 -431.63 0.37 0.35 0.29 0.72 0.66 0.14 0.27
6.00 3.79 262.88 -275.94 -416.62 0.50 0.34 -0.92 0.07 0.50 0.29 0.44
12.00 19.29 -234.39 330.16 -411.49 -0.32 -0.49 0.51 0.95 0.72 0.70 0.15
7.00 11.89 -248.33 -166.75 -732.10 -0.44 -0.33 0.42 0.59 0.88 0.14 0.14
27.00 177.65 706.55 29.73 -362.19 0.83 -0.48 -0.40 0.46 0.55 0.89 0.17
8.00 1.93 423.51 471.28 16.00 0.52 -0.55 0.14 0.95 1.00 0.89 0.88
11.00 20.95 -17.63 -57.31 383.14 -0.05 0.26 0.19 0.04 0.61 0.96 0.12
15.00 11.09 -8.20 -610.28 -466.97 0.63 0.04 0.25 0.28 0.71 0.13 0.26
10.00 5.78 -529.45 439.24 332.35 0.87 -0.06 0.35 0.50 0.19 0.05 0.06
7.00 4.21 -0.91 401.13 -266.77 -0.49 -0.03 -0.96 0.58 0.72 0.24 0.26
21.00 119.79 -216.20 -599.35 -274.84 0.16 -0.14 -0.58 1.00 1.00 0.33 0.95
9.00 8.09 -12.16 168.56 -581.54 -0.32 -0.44 -0.87 0.62 0.55 0.45 0.07
7.00 0.44 -136.49 198.12 -26.44 0.38 0.00 -0.03 0.44 0.48 0.19 0.97
18.00 67.07 -73.70 788.89 63.04 -0.93 -0.78 0.50 0.52 0.08 0.37 0.87
14.00 27.03 387.35 574.79 95.18 -0.53 -0.48 -0.25 0.37 0.27 0.20 0.61
5.00 2.86 -305.67 -282.54 334.44 0.16 0.45 -1.00 0.25 0.90 0.56 0.81
10.00 12.83 -440.86 -53.99 125.18 -0.84 -0.14 0.31 0.03 0.34 0.59 0.90
19.00 69.13 -55.11 -437.08 588.72 0.50 0.62 0.74 0.53 0.10 0.38 0.69
14.00 49.48 -88.84 -546.17 528.78 -0.53 -0.28 0.83 0.47 0.05 0.83 0.33
13.00 17.52 229.72 -467.03 397.02 -0.56 -0.33 -0.70 0.68 0.57 0.11 0.26
15.00 50.94 -196.86 369.91 247.15 0.35 0.07 -0.38 0.65 0.23 0.12 0.86
7.00 8.33 -294.02 555.56 318.19 -0.50 0.63 0.58 0.63 0.59 0.08 0.81
5.00 4.83 -364.12 -160.99 -191.78 -0.09 -0.41 0.17 0.57 0.63 0.81 0.34
6.00 0.98 375.75 -32.90 -570.11 0.27 0.42 0.78 0.49 0.45 0.27 0.16
15.00 60.93 519.11 277.84 292.30 -0.22 0.78 0.68 0.17 0.88 0.63 0.32
7.00 8.47 -280.41 -28.71 -451.95 -0.25 -0.01 -0.50 0.77 0.12 0.62 0.64
8.00 10.39 225.94 -455.51 -505.65 0.79 0.49 0.89 0.98 0.78 0.62 0.98
16.00 41.98 -220.35 34.55 -464.79 -0.91 -0.73 -0.35 0.58 0.41 0.68 0.48
17.00 68.66 -318.22 144.55 -676.98 -0.45 -0.52 0.67 0.29 0.57 0.46 0.74
6.00 4.03 83.70 376.78 175.43 -0.12 0.47 0.56 0.20 0.94 0.96 0.38
19.00 66.44 -450.82 -562.85 -281.02 -0.58 -0.57 -0.02 0.25 0.23 0.35 0.12
6.00 7.60 -469.53 -359.29 16.47 -0.42 0.91 0.67 0.29 0.37 0.32 0.50
12.00 1.51 351.08 28.65 -192.86 -0.80 0.08 -0.48 0.30 0.54 0.34 0.99
12.00 0.95 271.98 -303.34 -474.03 -0.48 -0.70 -0.63 0.40 0.37 0.99 0.97
8.00 2.81 -695.14 -333.02 5.58 0.84 0.84 -0.47 0.25 0.55 0.24 0.41
21.00 117.66 409.98 206.60 420.83 0.31 -0.09 -0.31 0.53 0.59 0.55 0.71
16.00 51.97 -307.31 139.08 71.52 0.64 -0.62 0.40 0.60 0.70 0.84 0.17
7.00 6.54 453.70 -152.94 -427.80 -0.96 0.67 0.04 0.80 0.43 0.94 0.52
8.00 5.50 -668.02 99.23 -292.17 -0.24 0.35 0.43 0.95 0.87 0.62 0.98
5.00 2.18 -497.85 381.01 -334.77 -0.44 -0.66 0.59 0.43 0.79 0.14 0.76
10.00 10.21 -152.99 -104.17 -322.33 -0.71 0.75 0.08 0.94 0.88 0.13 0.08
13.00 36.77 30.48 -582.19 227.37 -0.55 0.68 -0.02 0.82 0.22 0.43 0.55
6.00 10.18 155.01 -102.88 194.44 -0.93 0.33 -0.08 0.54 0.11 0.90 0.42
14.00 36.14 288.53 643.71 114.26 0.64 -0.88 0.48 0.68 0.93 0.98 0.97
10.00 19.37 -568.71 31.98 -221.61 0.81 0.35 -0.62 0.67 0.92 0.73 0.32
9.00 12.97 -523.41 -292.07 120.52 -0.16 -0.50 0.53 0.09 0.95 0.29 0.18
12.00 35.92 -17.63 573.11 88.87 -0.68 -0.38 -0.14 0.45 0.99 0.62 0.70
5.00 1.90 -297.86 -7.29 656.00 -0.48 -0.12 0.24 0.63 0.99 0.04 0.60
10.00 1.99 -102.69 -177.98 738.54 0.65 0.87 0.05 0.45 0.49 0.71 0.98
5.00 5.36 328.93 -397.73 -438.54 0.93 -0.76 -0.75 0.98 0.92 0.62 0.27
8.00 14.66 -235.77 340.83 636.36 -0.02 -0.39 -0.63 0.94 1.00 0.76 0.35
7.00 2.84 -158.37 116.06 -199.48 -0.50 0.49 -0.18 0.75 0.06 0.06 0.57
16.00 49.45 444.98 433.62 30.92 -0.29 -0.16 -0.90 0.86 0.24 0.23 0.03
30.00 213.01 -64.33 138.07 442.42 -0.59 -0.64 0.28 0.60 0.30 0.83 0.54
6.00 9.97 277.89 218.55 437.74 -0.85 -0.62 -0.79 0.21 0.30 0.93 0.72
18.00 84.88 678.53 129.18 68.14 -0.97 -0.68 -0.26 0.30 0.04 0.73 0.89
36.00 97.27 366.49 524.68 82.82 0.60 0.90 0.12 0.87 0.48 0.56 0.94
17.00 58.98 254.36 -540.59 228.15 -0.28 -0.22 0.79 0.48 0.40 0.77 0.36
19.00 54.45 -264.08 -566.64 -395.25 -0.93 -0.09 0.61 0.37 0.19 0.36 0.89
5.00 5.38 236.96 -153.64 -55.74 0.84 -0.20 0.08 0.58 0.79 0.41 0.89
6.00 6.20 452.24 483.50 37.80 -0.82 0.09 -0.51 0.97 0.98 0.89 0.25
11.00 28.20 -78.81 -675.29 204.03 0.12 -0.79 -0.99 0.84 0.06 0.84 0.46
8.00 14.58 197.40 460.06 -147.74 0.17 -0.46 0.16 0.54 0.17 0.69 0.17
6.00 9.44 108.25 -671.60 56.56 -0.01 0.20 -0.58 0.24 0.30 0.69 0.02
6.00 8.46 138.22 233.99 587.77 -0.17 -0.73 0.02 0.05 0.63 0.94 0.27
11.00 1.51 -86.06 152.05 -619.93 0.45 -0.83 0.55 0.81 0.12 0.23 0.03
5.00 3.86 -436.78 -80.79 102.50 -0.71 -0.78 0.68 0.96 0.98 0.06 0.35
5.00 0.53 341.17 354.14 -437.90 -0.16 -0.10 0.27 0.53 0.39 0.26 0.90
10.00 23.36 -394.59 338.88 332.27 0.29 0.14 0.01 0.43 0.81 0.46 0.15
7.00 6.51 -722.12 174.68 -14.74 -0.99 0.55 0.97 0.69 0.16 0.99 0.93
8.00 15.74 457.87 -143.55 213.00 -0.92 0.87 -0.38 0.34 0.92 0.37 0.63
12.00 40.74 -405.66 530.32 439.41 -0.48 -0.32 0.47 0.91 0.79 0.31 0.51
5.00 5.22 -105.24 327.67 574.81 -0.36 0.90 -0.63 0.48 0.78 0.58 0.91
14.00 22.27 -151.21 505.12 -169.21 0.92 0.41 -0.93 0.54 0.82 0.40 0.19
6.00 10.06 -332.04 453.74 193.74 -0.27 -0.35 -0.45 0.53 0.36 0.83 0.15
13.00 22.11 531.74 -230.52 -21.55 -0.84 -0.99 0.99 0.66 0.37 0.47 0.59
14.00 7.83 279.38 400.03 506.51 0.51 0.26 0.22 0.36 0.26 0.04 0.93
11.00 28.57 -242.89 -473.60 34.43 0.11 -0.04 -0.73 0.86 0.16 0.07 0.30
9.00 11.04 252.47 -152.95 -470.37 0.61 -0.24 0.57 0.02 0.81 0.05 0.97
15.00 9.26 -586.49 -18.54 -27.50 0.88 -0.51 0.19 0.25 0.99 0.47 0.22
38.00 197.06 -305.31 493.48 -456.33 -0.81 -0.03 0.19 0.94 0.81 0.36 0.19
18.00 65.01 -219.12 -47.16 665.75 -0.98 -0.49 -0.97 0.86 0.29 0.63 0.63
6.00 1.07 -481.83 442.49 138.32 -0.26 -0.65 -0.96 0.63 0.31 0.75 0.52
7.00 4.16 274.88 -281.43 437.84 -0.98 -0.11 -0.93 0.18 0.36 0.19 0.12
26.00 36.32 23.57 684.70 -146.83 -0.46 0.38 0.58 0.31 0.17 0.58 0.72
7.00 3.50 517.63 -501.42 -134.02 -0.18 -0.59 0.31 0.79 0.96 0.33 0.90
7.00 6.92 597.93 -267.41 -267.35 0.66 -0.31 0.04 0.61 0.36 0.83 0.98
8.00 5.54 181.27 350.42 -258.92 -0.80 0.05 -0.55 0.52 0.16 0.54 0.45
6.00 0.82 392.27 529.44 -287.20 0.30 -0.54 0.65 0.12 0.51 0.95 0.99
14.00 14.18 -287.68 -287.10 270.23 -0.37 0.27 -0.57 0.57 0.49 0.28 0.35
18.00 78.32 246.48 -527.30 543.20 -0.01 -0.62 -0.20 0.52 0.41 0.31 0.72
14.00 3.26 482.70 -622.58 33.44 -0.68 -0.08 -0.75 0.17 0.50 0.47 0.13
6.00 8.54 293.00 41.88 113.61 -0.40 0.08 0.41 0.75 0.38 0.59 0.83
6.00 2.62 -211.29 212.25 75.98 -0.56 0.84 -0.52 0.22 0.99 0.74 0.65
11.00 9.97 -167.27 -222.48 -568.18 -0.97 0.38 0.75 0.39 0.67 0.75 0.64
5.00 5.67 -25.77 171.59 242.26 -0.01 -0.79 0.11 0.73 0.74 0.29 0.10
5.00 5.88 190.76 68.88 398.72 0.61 -0.08 0.28 0.90 0.06 0.52 0.48
7.00 10.25 -284.37 432.65 -156.41 -0.32 -0.04 -0.17 0.48 0.11 0.15 0.76
6.00 8.21 91.42 1.90 -285.65 -0.62 -0.42 -0.15 0.14 0.30 0.69 0.15
23.00 102.05 570.79 437.62 261.40 -0.99 0.34 0.53 0.49 0.77 0.60 0.93
7.00 1.09 317.86 -171.28 -134.17 -0.30 -0.92 0.09 0.06 0.68 0.47 0.82
6.00 8.18 480.51 -483.00 -267.72 -0.72 0.32 0.98 0.99 0.54 0.03 0.50
11.00 21.38 544.85 -148.30 294.69 -0.70 -0.12 0.28 0.34 0.87 0.18 0.29
9.00 19.28 -694.80 -98.21 -176.90 0.56 -0.52 0.70 0.08 0.60 0.85 0.88
14.00 18.45 -644.11 -121.34 -280.33 -0.82 -0.01 -0.59 0.21 0.10 0.48 0.77
11.00 7.68 414.14 399.70 291.10 -0.53 -0.89 -0.93 0.72 0.93 0.77 0.94
5.00 3.78 -61.90 120.41 -513.74 -0.95 -0.92 0.57 0.75 0.95 0.72 0.65
8.00 8.94 -489.50 -72.63 111.32 0.30 0.47 0.19 0.35 0.15 0.59 0.15
16.00 56.37 113.73 307.49 -136.88 -0.08 0.06 -0.81 0.52 0.44 0.02 0.62
9.00 19.37 -21.93 157.17 75.63 -0.99 0.74 -0.00 0.74 0.16 0.64 0.92
6.00 0.77 630.07 -72.85 -75.69 0.88 0.91 -0.62 0.62 0.19 0.47 0.34
10.00 9.69 -93.06 -357.57 -168.95 0.37 0.16 0.03 0.77 0.87 0.04 0.65
22.00 88.52 532.34 -415.46 263.34 0.83 0.36 -0.83 0.63 0.97 0.69 0.19
6.00 3.09 446.74 336.49 297.71 -0.38 0.51 0.18 0.23 0.03 0.80 0.90
18.00 62.75 311.49 -561.01 -20.53 0.94 -0.28 0.22 0.78 0.67 0.93 0.52
6.00 3.54 321.66 505.08 -19.65 0.53 0.83 0.39 0.05 0.48 0.48 0.76
16.00 52.02 126.86 -104.52 -685.95 0.74 0.01 0.20 0.07 0.66 0.80 0.79
10.00 7.30 -264.66 -597.82 -383.51 -0.40 0.66 0.63 0.44 0.65 0.55 0.28
5.00 6.76 -54.35 44.95 749.75 -0.46 -0.63 0.28 0.51 0.77 0.75 0.58
30.00 137.89 -208.13 202.05 704.03 -0.24 -0.28 -0.98 0.94 0.65 0.16 0.37
6.00 1.35 -395.78 -151.94 -99.35 0.72 -0.49 0.65 0.87 0.01 0.63 0.14
9.00 7.93 86.21 -275.18 -624.89 0.25 -0.35 0.53 0.09 0.99 0.56 0.67
6.00 1.13 -240.59 -543.65 -263.56 -0.54 -0.83 -0.69 0.17 0.45 0.01 0.36
35.00 91.99 -238.41 296.49 -690.82 -0.82 -0.43 -0.74 0.63 0.34 0.12 0.64
6.00 7.49 644.33 393.01 147.32 -0.96 0.87 -0.82 0.65 0.63 0.59 0.36
7.00 8.64 86.67 131.88 -143.28 -0.76 -0.05 -0.08 0.02 0.81 0.48 0.95
8.00 10.71 356.58 -683.22 -138.25 -0.81 -0.59 -0.77 0.85 0.88 0.94 0.93
7.00 7.28 -22.71 392.76 139.71 0.98 -0.82 0.92 0.98 0.63 0.45 0.88
12.00 40.72 -454.57 -407.46 178.59 -0.45 0.71 0.48 0.96 0.77 0.93 0.84
7.00 0.25 432.27 -583.69 -160.05 0.25 -0.98 0.74 0.48 0.69 0.57 0.34
11.00 27.97 762.09 -156.95 22.36 0.92 0.80 -0.00 0.72 0.34 0.54 0.02
5.00 6.91 -583.94 301.42 326.35 0.55 -0.74 0.07 0.38 0.24 0.91 0.30
6.00 0.10 -161.18 123.59 37.25 -0.01 -0.84 -0.89 0.21 0.18 0.66 0.04
9.00 13.72 -602.91 423.05 131.26 -0.35 0.56 0.53 0.63 0.45 0.09 0.41
5.00 5.96 -265.17 375.43 369.55 -0.64 0.32 -0.25 0.87 0.77 0.50 0.19
9.00 13.30 -539.51 -292.61 357.80 -0.11 -0.59 -0.67 0.29 0.06 0.95 0.49
11.00 17.02 -73.50 -273.29 381.47 -0.53 0.09 -0.14 0.91 0.13 0.38 0.02
7.00 10.71 -205.07 -657.83 217.01 0.58 0.89 -0.11 0.16 0.01 0.96 0.47
26.00 29.91 -772.25 -106.30 -64.95 -0.13 0.64 0.32 0.54 0.94 0.59 0.58
6.00 2.39 692.87 -158.00 -55.32 -0.88 0.14 -0.55 0.81 0.10 0.23 0.00
14.00 7.37 322.94 186.35 -38.21 0.97 0.44 0.39 0.05 0.01 0.49 0.74
18.00 67.12 196.90 -446.37 248.34 -0.98 -1.00 -0.71 0.67 0.90 0.06 0.69
10.00 26.26 -46.96 -578.27 -36.42 -0.53 -0.66 0.59 0.78 0.68 0.44 0.82
11.00 21.26 -36.33 -143.00 342.24 0.54 -0.84 0.55 0.12 0.40 0.30 0.89
7.00 6.68 195.43 360.50 96.01 1.00 -0.03 0.31 0.31 0.14 0.90 0.55
35.00 188.05 130.10 -297.61 -274.74 0.04 0.69 -0.87 0.61 0.88 1.00 0.22
6.00 2.62 221.70 -51.00 -143.70 -0.43 -0.86 0.69 0.37 0.59 0.76 0.35
19.00 92.56 -240.75 562.89 75.47 -0.98 -0.57 -0.18 0.23 0.36 0.90 0.69
8.00 15.04 -140.14 -564.83 215.98 0.23 0.92 0.10 0.51 0.01 0.83 0.46
11.00 23.53 709.58 272.54 20.76 0.46 -0.71 0.33 0.92 0.01 0.09 0.95
8.00 13.62 556.22 378.39 210.88 0.81 -0.07 -0.29 0.80 0.99 0.92 0.45
12.00 24.76 -459.83 200.64 309.14 0.86 -0.45 -0.66 0.49 0.42 0.22 0.51
16.00 38.03 -537.72 200.00 -29.89 0.50 0.58 -0.54 0.15 0.91 0.24 0.75
24.00 160.35 296.39 -528.41 182.71 0.14 -0.59 -0.47 0.86 0.83 0.91 0.79
5.00 5.68 -285.34 -19.66 -37.63 -0.30 -0.30 -0.63 0.07 0.95 0.76 0.06
5.00 3.30 36.69 -190.53 -167.54 0.62 0.96 0.90 0.25 0.17 0.88 0.21
5.00 6.91 31.55 561.40 -206.33 0.00 0.47 0.04 0.66 0.64 0.44 0.06
11.00 1.08 411.76 91.13 361.63 0.93 0.35 -0.19 0.61 0.70 0.80 0.22
5.00 0.13 152.76 -410.66 627.84 0.89 -0.74 -0.14 0.67 0.86 0.39 0.25
6.00 5.87 194.33 580.74 -1.88 0.96 -0.51 -0.37 0.84 0.68 0.93 0.57
12.00 33.59 380.26 319.11 602.39 0.95 -0.07 -0.17 0.70 0.74 0.35 0.72
10.00 20.82 210.87 228.09 212.25 -0.55 0.85 0.78 0.44 0.67 0.66 0.33
5.00 6.44 -572.44 -111.68 213.38 0.08 0.16 0.36 0.17 0.98 0.61 0.83
18.00 35.05 228.13 -24.09 -695.72 -0.25 -0.10 -0.11 0.26 0.59 0.89 0.72
9.00 4.83 -240.19 -379.96 -110.37 0.21 -0.88 0.06 0.36 0.19 0.44 0.24
17.00 56.76 -307.75 341.19 124.94 -0.66 0.25 0.06 0.28 0.99 0.01 0.66
17.00 10.03 -467.77 122.21 -124.21 -0.01 -0.23 -0.74 0.89 0.03 0.50 0.70
5.00 6.82 324.24 -105.64 60.70 -0.05 -0.82 -0.40 0.84 0.25 0.90 0.14
13.00 23.44 -59.02 549.79 -90.78 0.09 0.00 0.71 0.62 0.19 0.66 0.20
10.00 16.76 -199.87 243.71 51.23 0.48 -0.13 0.55 0.14 0.86 0.63 0.51
17.00 2.94 -493.73 228.24 585.41 -0.02 -0.28 0.73 0.65 0.01 0.65 0.39
5.00 4.13 -245.30 680.35 -130.14 -0.91 -0.85 -0.95 0.58 0.54 0.34 0.22
5.00 6.56 -531.56 -337.98 -182.27 -0.49 -0.95 -0.91 0.47 0.15 0.12 0.51
22.00 122.62 -644.56 -38.31 155.11 0.00 0.14 -0.27 0.86 0.09 1.00 0.51
8.00 0.68 -22.87 -136.48 -146.06 0.05 -0.28 0.40 0.94 0.27 0.78 0.50
15.00 59.45 183.70 -649.34 -98.36 -0.35 -0.33 -0.11 0.80 0.20 0.82 0.42
7.00 10.94 522.26 -203.86 -424.38 0.24 0.86 0.74 0.70 0.76 0.57 0.92
7.00 2.97 15.41 468.81 -512.27 -0.68 -0.50 0.72 0.18 0.54 0.24 0.83
10.00 23.80 -217.29 -624.35 -156.30 0.98 -0.97 0.01 0.16 0.14 0.52 0.97
6.00 7.02 1.63 796.71 -19.27 -0.09 0.88 0.14 0.90 0.46 0.17 0.72
15.00 21.31 -400.48 432.56 -479.46 -0.10 0.59 -0.27 0.80 0.25 0.05 0.53
5.00 6.31 266.24 179.91 -20.23 -0.95 0.24 0.10 0.28 0.99 0.32 0.69
10.00 26.95 -559.91 -93.77 -357.11 0.47 -0.35 -0.91 0.20 0.39 1.00 0.83
13.00 6.13 610.25 -392.67 329.53 -0.51 0.67 -0.45 0.69 0.87 0.67 0.54
10.00 17.71 -660.14 290.44 -299.97 -0.80 -0.95 0.57 0.84 0.31 0.89 0.40
9.00 11.77 459.51 167.57 -16.61 -0.35 0.39 -0.11 0.35 0.72 0.67 0.39
35.00 306.76 -403.87 141.29 447.66 0.55 0.64 0.83 0.11 0.27 0.19 0.44
6.00 5.13 193.88 -91.01 -425.79 0.36 0.38 -0.96 0.37 0.03 0.31 0.19
6.00 10.25 677.38 -131.61 -30.29 0.71 0.90 -0.54 0.92 0.87 0.24 0.07
7.00 8.35 501.26 368.67 146.34 -0.57 0.12 -0.36 0.31 0.52 0.09 0.20
22.00 1.18 306.36 -111.03 -304.50 0.65 0.02 0.46 0.75 0.03 0.36 0.42
5.00 4.46 415.97 31.75 575.22 0.71 -0.13 0.69 0.75 0.76 0.49 0.40
16.00 59.91 -540.88 350.09 84.03 0.81 -0.11 0.42 0.25 0.52 0.32 0.17
6.00 3.22 -111.06 -462.51 190.14 -0.82 0.66 0.42 0.90 0.26 0.53 0.97
10.00 7.73 511.33 -218.52 91.10 -0.47 0.47 0.36 0.85 0.83 0.55 0.51
12.00 39.62 42.63 490.44 -11.93 -0.74 0.78 -0.03 0.67 0.24 0.26 0.66
12.00 19.50 699.70 32.31 68.42 0.55 -0.08 0.72 0.31 0.61 0.55 0.00
9.00 4.60 161.35 122.65 -271.96 -0.28 -0.60 0.80 0.91 0.72 0.62 0.91
10.00 8.79 -83.45 -711.32 -154.32 -0.24 -0.57 -0.55 0.54 0.32 0.25 0.63
12.00 22.66 -493.53 -424.69 127.97 -0.55 -0.98 -0.13 0.45 0.30 0.99 0.61
5.00 5.04 31.27 -192.10 -343.71 -0.21 0.07 -0.04 0.96 0.88 0.92 0.64
9.00 15.04 111.81 265.30 520.89 0.75 -0.38 -0.27 0.37 0.41 0.09 0.67
9.00 3.88 141.21 -323.62 -186.43 -0.64 -0.85 0.36 0.32 0.90 0.60 0.44
14.00 26.76 -714.77 -9.97 342.66 -0.37 -0.56 -0.78 0.29 0.66 0.22 0.65
9.00 16.47 -48.52 -465.88 346.19 -0.77 0.64 0.55 0.86 0.58 0.03 0.36
11.00 21.07 -730.93 -206.82 -166.38 0.30 -0.38 0.24 0.03 0.49 0.25 0.89
9.00 2.87 -614.47 -490.80 -41.58 -0.51 -0.80 0.29 0.06 0.94 0.55 0.12
5.00 1.12 627.75 -299.74 -299.03 -0.88 -0.04 0.31 0.02 0.22 0.91 0.26
9.00 10.45 -59.11 -141.40 -675.35 -0.55 0.98 -0.82 0.21 0.81 0.02 0.38
14.00 8.11 -130.83 -511.07 -112.08 -0.14 0.22 0.34 0.72 0.12 0.46 0.37
6.00 5.53 265.23 -16.99 -496.62 -0.69 -0.17 -0.86 0.45 0.58 0.31 0.28
7.00 11.16 402.29 -300.75 618.93 0.33 -0.10 -0.89 0.42 0.02 0.89 0.16
14.00 12.05 -125.47 282.89 -474.00 -0.01 0.32 0.09 0.82 0.59 0.23 0.06
10.00 17.18 177.79 -117.98 577.81 0.39 -0.04 0.00 0.11 0.82 0.74 0.10
22.00 105.50 -437.88 147.88 -140.60 -0.84 -0.99 -0.73 0.53 0.67 0.46 0.75
11.00 30.67 610.19 -255.26 448.01 0.69 0.62 0.54 0.11 0.89 0.66 0.10
13.00 9.90 -187.17 608.22 449.93 -0.90 -0.27 -0.24 0.09 0.88 0.23 0.70
7.00 7.95 314.66 223.89 -313.96 -0.04 0.49 -0.12 0.87 0.36 0.95 0.15
5.00 4.39 91.51 383.50 -317.51 0.99 0.04 -0.65 0.05 0.49 0.92 0.39
8.00 9.03 33.08 -481.08 51.09 0.50 0.19 -0.69 0.68 0.27 0.13 0.84
32.00 174.63 -492.09 424.75 -352.06 1.00 0.72 -0.18 0.85 0.67 0.14 0.28
12.00 20.38 -397.69 -167.16 503.24 -0.94 -0.86 0.88 0.21 0.24 0.62 0.99
8.00 12.16 528.61 -446.38 315.94 0.15 0.50 -0.12 0.16 0.38 0.61 0.62
16.00 52.23 -218.25 -456.15 584.54 0.91 0.34 0.25 0.49 0.82 0.64 0.87
6.00 9.39 -451.63 -364.50 -33.81 -0.05 -0.54 0.27 0.45 0.73 0.52 0.77
11.00 18.02 318.20 651.69 -64.17 0.63 0.50 0.26 0.64 0.73 0.35 0.83
10.00 12.20 589.91 -24.57 -406.86 -0.22 -0.34 -0.96 0.52 0.77 0.22 0.54
13.00 34.68 -655.15 326.94 -131.13 0.12 0.72 -0.16 0.12 0.95 0.63 0.84
12.00 23.03 -189.80 -312.82 -637.55 0.31 0.65 -0.56 0.35 0.80 0.62 0.55
6.00 4.52 199.53 241.25 -34.27 -0.45 -0.59 -0.32 0.10 0.94 0.13 0.09
6.00 8.07 62.47 678.45 215.21 -0.43 0.51 -0.04 0.72 0.26 0.83 0.51
16.00 57.87 -666.31 12.29 337.55 0.86 -0.05 0.10 0.79 0.03 0.20 0.37
12.00 8.82 154.61 214.51 -127.93 0.04 -0.83 0.76 0.95 0.97 0.06 0.08
10.00 2.38 -615.95 -18.16 8.86 1.00 0.59 0.50 0.78 0.29 0.56 0.68
24.00 32.01 266.13 -325.07 354.87 -0.01 0.69 0.09 0.29 0.99 0.06 0.75
27.00 155.75 449.75 -376.57 -27.63 0.57 0.03 0.03 0.17 0.41 0.40 0.64
9.00 20.97 -367.27 -254.84 507.02 -0.60 0.14 0.08 0.46 0.82 0.61 0.22
5.00 4.66 751.89 10.12 -154.98 -0.38 0.45 0.96 0.41 0.11 0.94 0.72
8.00 12.53 99.25 -449.08 463.31 -0.26 0.75 -0.72 0.23 0.24 0.64 0.08
9.00 0.26 -389.12 471.11 -145.25 0.82 0.48 0.30 0.34 0.98 0.12 0.35
12.00 19.57 284.58 435.30 -532.03 0.21 -0.64 -0.60 0.64 0.08 0.96 0.69
9.00 15.66 -117.73 185.70 -615.83 0.97 -0.07 -0.61 0.55 0.34 0.34 0.52
6.00 5.32 639.67 242.48 -115.39 -0.89 0.94 0.22 0.56 0.96 0.72 0.01
8.00 14.36 656.95 -347.02 165.18 0.19 -0.71 0.16 0.53 0.46 0.10 0.52
10.00 1.04 404.88 -161.74 380.91 -0.33 -0.46 -0.79 0.91 0.97 0.67 0.15
11.00 1.85 278.90 -323.25 -33.56 0.74 0.42 0.66 0.38 0.79 0.50 0.26
38.00 69.73 -37.21 -122.91 283.04 -0.76 0.22 0.13 0.02 0.66 0.69 0.42
7.00 10.40 -279.71 -111.77 -512.94 0.76 0.25 0.61 0.57 0.04 0.34 0.91
6.00 3.95 354.75 -442.63 542.28 -0.89 -0.74 0.64 0.58 0.14 0.24 0.32
14.00 40.66 -139.82 254.78 -47.51 0.08 0.91 -0.70 0.99 0.04 0.46 0.35
7.00 2.49 529.38 -79.22 126.14 -0.83 0.41 0.74 0.73 0.60 0.68 0.34
16.00 28.10 367.45 204.05 -102.08 -0.09 -0.16 0.78 0.84 0.24 0.04 0.25
6.00 8.69 -81.76 163.04 -738.16 0.86 -0.35 0.76 0.19 0.57 0.90 0.66
9.00 17.08 656.21 123.05 -174.69 0.48 0.32 0.39 0.37 0.62 0.97 0.19
14.00 40.89 -429.84 -66.46 -561.14 -0.72 -0.22 0.85 0.69 0.44 0.24 0.82
9.00 0.12 -338.06 -620.18 -104.22 -0.33 -0.30 0.61 0.20 0.11 0.66 0.93
9.00 17.06 -280.54 -496.24 353.51 -0.28 0.62 0.56 0.38 0.12 0.80 0.90
12.00 25.58 335.73 -192.02 -643.87 0.21 0.07 -0.52 0.23 0.49 0.49 0.82
24.00 18.93 -190.02 -18.20 -130.22 0.14 -0.11 0.45 0.34 0.02 0.89 0.93
5.00 1.01 155.03 375.59 536.28 0.70 -0.03 -0.70 0.14 0.65 0.11 0.06
14.00 27.80 -181.88 255.38 -353.24 0.42 0.17 -0.57 0.27 0.72 0.40 0.38
6.00 9.07 -75.25 -451.34 -559.36 0.89 -0.03 -0.18 0.43 0.49 0.86 0.82
15.00 53.36 170.16 179.13 -102.75 -0.89 -0.74 -0.83 0.79 0.53 0.58 0.97
21.00 104.31 289.62 -701.60 -252.71 -0.50 0.67 -0.91 0.70 0.32 0.84 0.36
6.00 3.57 351.95 55.32 445.24 -0.18 0.08 -0.13 0.70 1.00 0.33 0.06
20.00 69.19 420.18 -236.96 551.34 0.83 -0.55 0.82 0.09 0.04 0.78 0.78
7.00 9.28 -380.81 187.42 121.35 -0.77 -0.32 0.73 0.30 0.65 0.50 0.14
20.00 21.29 -408.35 -279.16 -287.87 -0.22 0.03 -0.93 0.53 0.14 0.18 0.17
9.00 7.99 -502.56 132.36 144.21 -0.16 -0.57 0.76 0.49 0.72 0.19 0.24
9.00 5.93 116.71 114.54 66.01 0.40 0.67 -0.15 0.82 0.26 0.11 0.81
11.00 33.64 -398.40 246.00 630.75 -0.27 -0.32 0.37 0.26 0.54 0.89 0.21
6.00 0.13 -50.95 403.87 -521.58 0.81 0.96 -0.76 0.39 0.71 0.49 0.51
5.00 7.08 609.49 46.81 220.60 -0.38 -0.66 -0.59 0.21 0.70 0.29 0.26
8.00 3.16 -558.37 -61.70 539.39 0.06 0.59 0.99 0.34 0.29 0.78 0.97
10.00 3.09 234.77 727.94 144.30 0.74 0.96 -0.79 0.50 0.31 0.24 0.76
6.00 8.80 -11.01 14.43 -663.07 0.64 -0.83 0.27 0.14 0.10 0.53 0.20
7.00 10.14 -243.40 -420.11 -409.65 -0.42 -0.02 -0.08 0.07 0.29 0.53 0.94
7.00 7.46 -152.57 47.59 -122.82 0.75 -0.14 0.45 0.15 0.23 0.93 0.67
15.00 1.78 142.44 -506.11 -532.65 0.85 0.71 0.37 0.39 0.42 0.04 0.31
8.00 15.56 566.75 -169.57 305.28 0.57 0.70 0.77 0.67 0.58 0.56 0.50
15.00 25.69 -558.38 -506.60 48.89 0.41 -0.87 -0.84 0.87 0.64 0.11 0.09
6.00 7.60 518.72 -223.10 -440.00 0.15 0.08 -0.70 0.19 0.89 0.56 0.30
11.00 14.17 -181.08 475.34 -165.81 0.79 -0.34 0.36 0.78 0.78 0.01 0.44
5.00 5.31 -288.93 -668.52 56.57 0.10 -0.16 -0.89 0.67 0.40 0.19 0.32
7.00 5.42 -197.24 472.26 474.27 0.79 -0.77 0.92 0.92 0.91 0.70 0.58
14.00 51.48 -506.41 -598.18 3.96 0.36 -0.31 -0.44 0.83 0.90 0.83 0.34
14.00 1.79 383.16 478.87 -149.76 -0.21 0.44 -0.20 0.44 0.59 0.05 0.36
6.00 6.14 -342.93 -322.98 -343.38 -0.54 0.61 0.77 0.55 0.25 0.82 0.28
21.00 7.21 -255.02 -30.43 88.30 0.86 0.42 -0.85 0.48 0.75 0.94 0.78
10.00 0.88 -439.25 138.27 544.09 -0.03 0.57 0.41 0.31 0.34 0.81 0.86
9.00 14.81 -659.95 -346.12 -246.66 -0.01 -0.59 -0.60 0.12 0.77 0.62 0.76
18.00 70.66 296.25 -509.95 32.89 -0.61 0.20 -0.63 0.79 0.28 0.85 0.48
8.00 17.56 -60.21 -24.63 699.06 0.16 0.95 -0.32 0.37 0.02 0.52 0.64
5.00 1.26 -404.90 413.49 -113.08 -0.41 -0.24 0.24 0.11 0.19 0.87 0.60
20.00 99.81 -30.44 252.33 -41.03 0.93 0.54 -0.46 0.15 0.15 0.04 0.56
21.00 4.84 -149.43 423.29 -351.77 0.56 -0.39 0.87 0.32 0.05 0.46 0.28
5.00 6.91 -432.75 -5.73 92.96 0.18 -0.06 0.96 0.52 0.28 0.87 0.43
5.00 4.91 -78.83 -123.64 -461.32 0.41 0.73 -0.42 0.69 0.54 0.07 0.74
5.00 6.26 109.86 -633.32 191.93 0.96 -0.54 0.56 0.83 0.56 0.04 0.17
6.00 7.55 -401.46 -237.54 502.71 -0.91 0.80 -0.29 0.72 0.04 0.62 0.47
31.00 51.71 -443.84 53.63 570.35 -0.48 -0.41 -0.68 0.97 0.05 0.50 0.61
9.00 20.94 153.30 162.63 -539.78 0.56 -0.92 0.44 0.68 0.03 0.20 0.22
16.00 32.10 -70.10 -285.23 -692.83 0.42 -0.27 0.88 0.64 0.92 0.49 0.65
24.00 9.63 -200.04 552.62 -100.79 -0.33 0.35 -0.94 0.85 0.50 0.37 0.67
11.00 17.73 -226.49 252.11 69.69 -0.84 0.41 -0.75 0.96 0.14 0.30 0.63
12.00 39.30 -227.61 -582.76 132.83 -0.05 0.87 0.97 0.38 0.45 0.56 0.41
7.00 8.08 -314.12 -159.93 -131.20 0.54 -0.56 -0.58 0.01 0.21 0.01 0.27
6.00 1.80 268.17 625.73 66.13 -0.96 0.88 0.90 0.37 0.02 0.23 0.72
17.00 77.88 -248.60 517.67 -508.16 0.07 0.89 -0.63 0.52 0.56 0.65 0.87
8.00 16.36 -463.83 -424.29 340.51 -0.71 0.99 0.07 0.05 0.42 0.22 0.85
19.00 6.71 -315.96 435.26 -505.53 -0.00 -0.65 0.43 0.34 0.05 0.89 0.12
13.00 42.07 -426.20 223.27 -262.99 -0.55 0.69 -0.77 0.10 0.92 0.61 0.10
8.00 15.85 -230.61 -297.35 -446.08 0.01 -0.88 0.28 0.47 0.05 0.31 0.07
10.00 20.86 -490.29 -368.05 -254.47 -0.04 0.40 0.30 0.59 0.05 0.07 0.69
5.00 0.29 -106.16 326.60 -224.51 -0.45 0.30 0.21 0.11 0.19 0.42 0.59
32.00 255.47 -191.99 90.16 -655.42 0.33 0.83 -0.10 0.65 0.37 0.67 0.35
12.00 34.63 -313.33 10.64 330.77 0.05 0.11 -0.75 0.10 0.15 0.65 0.64
5.00 5.38 310.22 138.34 -279.01 0.61 -0.02 0.89 0.23 0.22 0.10 0.85
6.00 0.82 455.27 -459.23 -168.72 0.86 -0.10 -0.32 0.82 0.85 0.34 0.37
23.00 89.09 516.29 164.88 384.96 0.99 -0.67 -0.68 0.89 0.89 0.36 0.88
15.00 14.09 1.22 730.07 -22.15 -0.74 0.34 0.53 0.16 0.38 0.27 0.13
8.00 13.72 -526.04 -260.12 -422.52 0.19 0.52 0.76 0.81 0.32 0.20 0.55
5.00 3.93 121.90 -155.62 -210.31 -0.18 0.77 0.97 0.01 0.23 0.08 0.98
6.00 4.49 -84.59 80.03 159.56 -0.23 -0.18 0.36 0.64 0.67 0.83 0.18
10.00 15.79 678.92 -253.58 62.18 -0.77 0.71 0.45 0.99 0.92 0.87 0.36
7.00 2.76 -382.55 553.97 396.19 -0.48 -0.37 -0.18 0.28 0.46 0.82 0.83
8.00 10.83 695.91 -62.97 -134.53 -0.19 0.71 0.88 0.42 0.29 0.23 0.01
10.00 22.97 -65.83 96.16 552.57 -0.33 0.32 -0.90 0.83 1.00 0.83 0.32
6.00 6.59 534.49 234.73 -497.81 0.08 0.46 0.03 0.74 0.40 0.21 0.21
30.00 183.05 466.16 -196.06 -403.97 -0.97 0.26 -0.20 0.13 0.46 0.54 0.70
7.00 0.98 21.84 -520.80 463.16 -0.38 0.52 0.94 0.48 0.89 0.63 0.44
9.00 22.30 51.28 -252.36 -403.59 0.50 -0.74 -0.80 0.63 0.91 0.37 0.71
7.00 1.29 -172.97 3.02 16.16 0.75 -0.40 -0.09 0.01 0.46 0.63 0.21
5.00 6.16 -529.63 -7.86 441.11 0.94 -0.14 -0.94 0.02 0.44 0.50 0.20
7.00 11.30 383.46 509.54 142.57 0.93 -0.72 -0.96 0.09 0.58 0.01 0.96
8.00 8.22 134.88 -387.87 -147.48 -0.83 0.33 0.16 0.03 0.35 0.55 0.20
7.00 9.40 44.81 532.67 -327.63 -0.93 0.97 -0.38 0.76 0.53 0.31 0.45
29.00 115.68 409.81 -91.27 299.50 -0.70 0.56 0.80 0.03 0.34 0.03 0.22
10.00 22.13 28.51 -581.48 359.61 -0.55 0.79 -0.26 0.04 0.39 0.77 0.58
17.00 79.44 199.24 -394.39 512.81 -0.60 0.69 0.72 0.68 0.35 0.21 0.48
10.00 27.14 375.17 128.60 -567.51 -0.99 -0.29 -0.59 0.62 0.68 0.09 0.34
8.00 4.03 182.85 635.31 -104.72 0.23 0.53 0.02 0.58 0.19 0.70 0.72
19.00 72.23 -674.88 90.89 -254.18 0.04 -0.84 0.00 0.57 0.84 0.60 0.46
7.00 8.17 -219.77 -52.32 -8.32 0.99 -0.92 -0.68 0.14 0.02 0.40 0.68
5.00 5.00 222.86 700.09 -266.04 0.68 -0.36 -0.46 0.71 0.41 0.55 0.81
11.00 16.78 75.46 -156.32 -650.06 -0.96 -0.54 0.98 0.34 0.53 0.07 0.27
10.00 3.97 -468.04 105.62 -279.53 0.88 0.99 -0.27 0.68 0.17 0.53 0.59
26.00 120.57 -528.66 -220.38 -33.28 -0.80 -0.03 0.75 0.72 0.83 0.18 0.34
23.00 119.98 -48.99 589.40 134.97 0.52 -0.13 0.20 0.75 0.13 0.70 0.53
18.00 19.29 272.90 507.91 -280.05 -0.32 -0.04 0.36 0.91 0.41 0.68 0.44
13.00 37.05 633.01 -189.64 -401.38 -0.44 -0.36 0.19 0.03 0.54 0.31 0.20
7.00 0.04 -287.89 60.57 608.72 0.86 0.84 0.78 0.78 0.73 0.91 0.83
5.00 4.93 -155.89 186.45 120.51 0.15 -0.92 0.52 0.37 0.92 0.55 0.34
8.00 2.79 219.49 617.14 -243.65 -0.41 -0.82 -0.63 0.29 0.33 0.01 0.88
9.00 9.03 91.75 256.21 -201.44 -0.67 0.44 0.85 0.18 0.10 0.03 0.73
9.00 21.63 -309.15 467.73 565.16 -0.74 -0.56 -0.72 0.09 0.95 0.57 0.57
6.00 7.91 -572.13 340.79 -32.40 0.60 0.05 0.99 0.52 0.57 0.72 0.77
7.00 10.90 26.60 -88.88 90.31 -0.20 0.63 -0.73 0.92 0.87 0.03 0.02
5.00 3.74 -429.18 521.63 75.69 -0.19 0.53 -0.45 0.84 0.60 0.25 0.32
12.00 12.96 -519.69 221.62 127.26 -0.18 -0.57 -0.50 0.66 0.66 0.42 0.39
35.00 316.67 182.11 -17.01 -192.18 0.19 -0.77 0.52 0.79 0.28 0.63 0.01
8.00 4.41 413.33 -106.33 548.96 -0.99 0.15 -0.46 0.32 0.91 0.65 0.20
26.00 160.79 -486.01 -559.32 -17.42 0.71 -0.18 -0.80 0.91 0.86 0.04 0.10
13.00 43.55 -376.60 -161.91 669.13 -0.82 0.02 -0.75 0.95 0.84 0.96 0.16
15.00 19.12 90.86 -11.53 -432.98 0.41 0.68 -0.59 0.60 0.95 0.15 0.79
19.00 83.89 -266.60 238.56 712.34 -0.29 -0.15 -0.24 0.84 0.74 0.07 0.80
9.00 22.21 147.58 -350.77 278.44 -0.62 0.99 -0.64 0.53 0.66 0.55 0.24
5.00 0.97 519.17 -79.46 -98.37 -0.44 -1.00 -0.00 0.28 0.82 0.42 0.98
6.00 1.06 351.99 -543.23 -312.44 0.93 -0.77 -0.56 0.51 0.88 0.41 0.58
5.00 4.42 280.71 41.66 323.65 0.55 -0.81 0.58 0.05 0.94 0.49 0.45
6.00 9.87 -151.55 -206.62 385.30 0.98 -0.99 0.97 0.27 0.35 0.74 0.66
10.00 18.03 -215.39 214.76 -719.11 0.26 0.91 -0.82 0.26 0.75 0.53 0.38
8.00 16.49 424.97 149.53 108.72 0.57 -0.56 0.41 0.39 0.90 0.57 0.35
5.00 1.67 508.33 29.78 366.73 -0.97 -0.91 0.46 0.09 0.70 0.70 0.87
34.00 60.02 -201.86 13.27 -714.58 -0.50 -0.39 -0.97 0.97 0.74 0.92 0.26
8.00 0.26 -58.70 625.12 163.62 0.79 -0.65 0.48 0.14 0.72 0.28 0.07
14.00 18.39 408.03 -654.32 202.34 0.23 0.18 -0.74 0.35 0.47 0.21 0.69
8.00 1.00 646.30 -311.11 72.94 0.41 -0.88 0.37 0.52 0.40 0.21 0.27
19.00 22.75 185.61 -262.39 -675.40 -0.28 0.80 -0.40 0.56 0.50 0.77 0.22
6.00 10.14 43.21 602.81 362.25 -0.48 -0.69 0.83 0.75 0.14 1.00 0.92
12.00 37.19 -46.74 124.92 -533.13 -0.24 -0.17 -0.16 0.80 0.64 0.81 0.11
21.00 33.86 -47.44 -343.20 581.48 -0.68 -0.36 0.57 0.13 0.29 0.64 0.66
17.00 53.95 686.99 70.69 -393.47 0.30 0.33 -0.37 0.64 0.05 0.49 0.29
5.00 3.92 -348.00 421.80 35.84 0.96 0.65 -0.27 0.81 0.90 0.72 0.99
7.00 11.82 112.10 394.82 196.85 -0.51 0.49 0.35 0.46 0.99 0.37 0.96
9.00 12.18 410.98 570.66 47.71 0.36 -0.23 -0.61 0.88 0.75 0.30 0.44
11.00 11.77 -439.44 299.49 27.79 0.98 0.47 -0.95 0.42 0.04 0.82 0.82
14.00 4.01 -245.42 406.88 97.42 0.39 -0.54 -0.84 0.38 0.36 0.94 0.52
10.00 7.45 93.37 -262.39 -739.00 0.13 0.37 -0.38 0.79 0.90 0.03 0.14
10.00 23.68 -482.97 -49.37 -423.15 0.84 -0.30 -0.36 0.05 0.41 0.72 0.84
17.00 24.97 307.09 322.81 -148.90 0.07 0.07 0.05 0.51 0.37 0.70 0.68
9.00 13.50 -28.09 68.02 687.99 0.50 0.20 -0.21 0.25 0.60 0.03 0.73
22.00 75.01 -208.78 -301.59 443.75 0.78 0.96 -0.43 0.80 0.51 0.43 0.22
9.00 7.14 388.61 -275.40 -261.47 -0.99 0.90 0.18 0.65 0.84 0.54 0.24
10.00 12.49 -274.61 -188.41 95.53 -0.86 -0.61 0.87 0.60 0.64 0.24 0.60
9.00 6.53 -530.88 113.98 -253.75 -0.06 0.59 0.09 0.99 0.81 0.89 0.95
11.00 28.91 316.66 -224.57 -412.81 0.24 0.09 0.79 0.90 0.27 0.20 0.33
8.00 1.37 -418.37 202.39 -463.22 -0.34 -0.16 -0.35 0.67 0.93 0.08 0.80
14.00 9.89 321.44 -282.22 18.20 0.47 -0.49 0.82 0.21 0.49 0.12 0.64
8.00 11.28 -752.67 -178.50 0.21 -0.09 -1.00 -0.13 0.60 0.12 0.62 0.03
37.00 177.01 159.43 -271.79 610.19 -0.28 0.64 -0.53 0.51 0.63 1.00 0.13
7.00 8.52 762.12 -225.73 85.24 -0.23 -0.94 0.37 1.00 0.13 0.33 0.07
8.00 1.86 239.98 -309.65 -473.87 -0.98 -0.01 0.99 0.15 0.42 0.13 0.84
26.00 101.22 -151.35 345.84 -496.26 -0.28 -0.77 0.40 0.80 0.49 0.58 0.83
8.00 7.95 -114.50 -412.69 431.79 0.04 -0.02 -0.95 0.06 0.15 0.29 0.59
5.00 3.75 -312.35 -245.97 -386.60 -0.06 -0.90 -0.85 0.97 0.92 0.35 0.74
7.00 7.75 553.42 124.59 -99.55 0.56 -0.79 -0.98 0.10 0.15 0.37 0.40
12.00 16.44 -268.55 286.74 416.99 -0.79 -0.12 -0.65 0.86 0.82 0.28 0.76
35.00 26.27 -533.35 -506.90 -100.30 0.30 0.48 0.84 0.44 0.80 0.94 0.83
8.00 9.87 -370.20 -58.72 -343.76 0.18 0.98 -0.92 0.86 0.83 0.48 0.34
5.00 0.54 361.80 -349.83 -376.46 0.77 0.47 0.10 0.46 0.01 0.19 0.37
10.00 26.96 -456.83 292.98 69.70 0.98 0.33 -0.41 0.47 0.68 0.18 0.96
12.00 2.16 -270.89 19.38 -594.54 -0.54 0.70 0.20 0.88 0.29 0.09 0.47
12.00 33.49 294.04 472.82 -441.20 -0.92 -0.16 -0.71 0.01 0.52 0.93 0.79
14.00 15.38 -319.48 561.63 416.70 -0.98 0.21 -0.50 0.28 0.09 0.57 0.88
10.00 1.05 -467.42 -594.21 8.68 0.19 -0.41 0.68 0.40 0.27 0.19 0.84
11.00 2.22 -485.00 375.72 343.09 -0.55 0.39 -0.91 0.98 0.87 0.03 0.68
18.00 14.18 68.90 482.80 -324.01 0.66 -0.35 -0.80 0.24 0.96 0.42 0.47
10.00 25.39 151.14 456.23 -285.29 -0.56 0.85 0.51 0.65 0.10 0.72 0.78
20.00 57.50 -0.05 475.71 20.91 -0.09 -0.26 -0.66 0.87 0.93 0.56 0.55
16.00 6.87 -454.64 31.22 -532.48 -0.07 -0.46 -0.81 0.92 0.11 0.95 0.33
9.00 0.88 161.35 4.97 -114.91 0.20 -0.55 -0.02 0.75 0.59 0.05 0.15
17.00 20.08 -474.44 -88.78 297.94 0.22 0.00 0.26 0.41 0.18 0.27 0.39
32.00 119.82 2.49 695.24 -393.32 -0.14 -0.85 0.56 0.26 0.17 0.85 0.78
8.00 3.98 -451.86 511.25 -127.64 -0.81 -0.92 -0.76 0.36 0.69 0.90 0.51
9.00 23.00 -500.15 84.18 142.08 -0.10 -0.92 -0.03 0.02 0.94 0.07 0.40
18.00 3.76 -6.79 32.21 -129.64 -0.58 0.77 0.27 0.44 0.28 0.43 0.84
6.00 9.51 159.56 -108.88 -416.93 -0.60 -0.28 -0.47 0.99 0.76 0.81 0.73
14.00 2.45 -632.35 196.27 -402.60 0.32 -0.54 0.43 0.16 0.96 0.50 0.97
22.00 22.99 -617.28 -30.69 205.85 0.33 -0.01 0.86 0.30 0.15 0.45 0.57
5.00 3.68 -478.64 354.38 43.59 -0.14 -0.71 -0.62 0.71 0.59 0.27 0.57
16.00 32.06 -523.86 340.14 -302.08 -0.84 0.03 -0.17 0.69 0.33 0.38 0.48
7.00 9.40 -40.49 -423.26 -303.55 -0.76 -0.48 0.59 0.05 0.85 0.45 0.87
8.00 1.73 -549.26 127.38 379.51 -0.74 0.94 0.10 0.56 0.54 0.50 0.57
5.00 2.52 -170.19 -633.81 90.13 0.47 0.45 -0.58 0.39 0.48 0.46 0.83
21.00 36.82 -417.57 89.69 -104.45 0.96 -0.69 -0.34 0.75 0.76 0.77 0.89
7.00 10.49 -398.18 102.18 581.82 -0.19 0.47 0.82 0.20 0.76 0.26 0.16
9.00 21.67 -181.24 100.37 -551.28 0.70 -0.06 -0.67 0.06 0.14 0.87 0.68
7.00 0.39 368.16 97.94 409.41 -0.11 0.32 0.91 0.69 0.54 0.22 0.29
32.00 227.43 -362.54 -342.07 -52.17 0.09 0.57 -0.43 0.19 0.38 0.11 0.37
20.00 112.68 414.20 -387.11 518.23 0.38 0.49 0.42 0.57 0.36 0.29 0.65
16.00 2.71 -749.09 -25.98 -243.88 -0.52 0.63 -0.89 0.29 0.10 0.25 0.36
14.00 15.18 142.28 -310.88 544.10 0.96 -0.44 -0.07 0.09 0.28 0.44 0.85
28.00 99.91 305.98 498.56 -528.69 0.75 0.89 0.17 0.96 0.39 0.34 0.62
27.00 60.13 424.12 -56.55 -619.59 0.98 0.75 0.77 0.24 0.42 0.70 0.29
5.00 0.30 86.01 554.44 -179.89 0.48 -0.07 0.71 0.57 0.14 0.96 0.29
8.00 4.26 315.81 -304.81 -667.37 -0.01 -0.18 -0.02 0.12 0.48 0.74 0.67
9.00 4.43 277.69 477.22 -201.80 0.25 0.68 0.59 0.90 0.44 0.01 0.24
18.00 86.55 -48.34 479.53 200.70 0.36 -0.94 0.07 0.56 0.02 0.78 0.08
16.00 28.73 -144.39 162.97 -173.96 -0.63 -0.60 -0.97 0.82 0.34 0.23 0.09
16.00 6.31 -2.47 -724.21 -28.65 -0.82 -0.20 -0.15 0.59 0.39 0.15 0.96
15.00 52.22 399.91 513.43 -244.86 -0.70 -0.57 -0.48 0.71 0.79 0.21 0.09
23.00 7.58 270.99 353.48 -611.86 0.28 0.83 0.51 0.67 0.35 0.71 0.87
13.00 2.25 667.92 396.94 -185.75 0.96 -0.67 -0.42 0.69 0.22 0.65 0.59
17.00 12.08 -602.45 -292.14 -237.88 0.40 0.19 0.98 0.43 0.01 0.36 0.56
7.00 6.97 -401.35 627.18 198.18 -0.54 0.01 -0.55 0.04 0.94 0.81 0.04
11.00 1.02 646.33 291.63 -220.99 -0.81 -0.05 -0.23 0.27 0.21 0.57 0.33
6.00 3.83 397.28 610.92 -286.35 -0.53 -0.55 0.69 0.73 0.13 0.98 0.67
6.00 2.78 -453.19 -349.56 502.47 -0.70 -0.88 -0.96 0.08 0.90 0.99 0.23
7.00 5.94 -307.28 44.37 -730.43 -0.13 -0.22 0.62 0.27 0.18 0.57 0.62
8.00 9.64 -609.78 -46.52 -409.39 0.49 0.91 0.22 0.25 0.46 0.42 0.52
21.00 102.69 -156.10 463.20 326.50 0.06 0.10 0.91 0.97 0.62 0.56 0.36
16.00 55.47 -72.29 -450.67 382.55 0.66 0.16 0.22 0.43 0.26 0.26 0.10
14.00 37.04 -261.15 453.89 391.14 0.95 0.79 -0.29 0.25 0.44 0.30 0.53
20.00 0.40 -711.39 133.91 219.66 0.78 0.22 0.12 0.35 0.07 0.03 0.85
36.00 47.36 -50.71 -84.82 793.71 -0.14 0.43 -0.75 0.39 0.07 0.32 0.58
28.00 70.01 -492.88 -9.15 -115.52 0.95 -0.93 0.46 0.12 0.15 0.48 0.96
21.00 73.02 -407.26 -225.74 -554.18 -0.19 0.45 0.77 0.84 0.89 0.67 0.98
15.00 22.45 -521.20 -124.73 25.83 -0.05 0.98 -0.32 0.26 0.88 0.73 0.20
6.00 7.60 72.08 -313.79 -664.39 0.17 0.89 0.84 0.18 0.26 0.53 0.17
6.00 2.79 55.50 -506.78 -354.98 -0.75 0.44 0.11 0.26 0.83 0.74 0.48
12.00 15.64 205.68 536.96 533.23 -0.29 1.00 0.23 0.25 0.61 0.41 0.96
6.00 1.18 -89.66 -435.68 -83.25 0.01 0.46 -0.38 0.12 0.67 0.48 0.30
7.00 9.78 -447.31 -51.33 193.87 -0.96 0.01 -0.64 0.62 0.27 0.90 0.71
25.00 164.44 -493.54 345.00 150.14 0.91 -0.72 0.79 0.02 0.49 0.31 0.51
6.00 2.11 -689.94 9.72 -184.21 0.92 -0.17 -0.28 0.23 0.19 0.00 0.18
17.00 50.04 689.87 -56.72 -388.71 -0.44 -0.06 0.20 0.16 0.30 0.70 0.31
8.00 10.04 -587.86 -121.75 -50.62 0.41 0.87 -0.88 0.33 0.12 0.38 0.02
11.00 21.27 235.80 190.81 -608.72 0.26 -0.39 -0.77 0.17 0.96 0.03 0.37
13.00 47.02 9.95 138.98 -553.31 0.19 0.22 -0.15 0.84 0.58 0.16 0.55
19.00 100.30 39.32 102.28 195.28 0.67 -0.02 0.21 0.56 0.93 0.83 0.24
15.00 58.09 39.28 754.38 -238.96 -0.13 -0.85 -0.90 0.82 0.65 0.20 0.86
13.00 24.26 -56.99 -576.77 -90.95 0.07 -0.78 0.59 0.82 0.39 0.96 0.03
5.00 3.84 -525.02 -571.54 -101.69 0.49 0.84 -0.43 0.31 0.41 0.66 0.31
9.00 19.37 -74.91 -649.26 35.83 -0.26 -0.75 -0.03 0.60 0.17 0.42 0.17
11.00 31.72 -328.78 515.57 -21.32 0.06 0.20 0.74 0.27 0.00 0.84 0.23
8.00 1.92 -305.94 483.91 -79.74 -0.32 -1.00 0.20 0.58 0.64 0.07 0.08
37.00 48.39 -210.30 -662.38 -277.19 -0.72 0.32 -0.21 0.22 0.43 0.54 0.91
29.00 3.58 -584.39 46.45 509.99 0.32 0.93 -0.65 0.06 0.33 0.36 0.86
5.00 4.29 155.24 375.62 615.11 -0.27 -0.11 -0.56 0.89 0.53 0.02 0.67
17.00 23.05 -23.38 -30.02 468.97 -0.11 -0.40 -0.24 0.34 0.42 0.01 0.11
21.00 80.55 431.10 49.59 -525.56 0.63 -0.63 0.51 0.04 0.04 0.68 0.04
14.00 20.57 -11.22 553.23 -157.51 0.99 -0.07 0.96 0.68 0.13 0.75 0.28
8.00 15.95 -113.04 -54.62 -28.45 0.50 -0.20 -0.61 0.77 0.47 0.37 0.42
7.00 7.59 176.78 -560.85 -170.21 -0.83 0.26 0.43 0.23 0.37 0.63 0.54
8.00 14.65 395.57 169.48 -152.80 -0.97 0.70 0.76 0.83 0.67 0.10 0.02
12.00 37.36 -82.50 -697.56 -273.43 1.00 0.02 -0.88 0.74 0.89 0.65 0.81
12.00 24.07 225.82 467.33 441.36 -0.88 -0.01 0.58 0.00 0.02 0.80 0.97
8.00 0.15 138.37 718.96 -317.49 0.78 -0.93 0.82 0.16 0.48 0.49 0.23
6.00 3.21 -11.66 311.72 -319.62 0.59 0.36 0.57 0.08 0.52 0.83 0.38
15.00 57.22 346.29 -170.84 52.50 0.75 0.89 0.50 0.18 0.84 0.47 0.59
5.00 0.12 -610.08 -261.47 -341.96 0.72 0.86 0.99 0.98 0.81 0.77 0.46
11.00 7.80 619.83 231.71 -253.57 0.55 -0.30 0.03 0.39 0.93 0.33 0.13
21.00 74.90 239.91 -168.25 -584.90 0.16 -0.47 -0.74 0.00 0.05 0.10 0.43
9.00 4.12 -615.57 -271.09 305.30 0.39 0.29 -0.69 0.26 0.90 0.14 0.31
10.00 9.45 -24.36 105.18 -304.50 -0.44 0.25 -0.26 0.66 0.19 0.86 0.45
5.00 4.72 -231.20 -351.46 226.38 0.41 -0.93 -0.33 0.72 0.62 0.62 0.05
26.00 31.51 -233.16 -101.58 552.81 -0.33 0.37 -0.67 0.33 0.72 0.98 0.12
7.00 12.57 236.72 -76.38 -711.90 0.40 0.45 -0.31 0.24 0.09 0.88 0.87
12.00 39.48 -644.92 200.15 81.06 -0.81 -0.05 0.66 0.41 0.14 0.44 0.35
9.00 12.48 608.51 -377.37 27.74 -0.40 -0.82 0.33 0.35 0.55 0.19 0.92
9.00 18.42 -225.06 -346.16 -629.48 -0.53 -0.36 0.98 0.05 0.92 0.46 0.65
10.00 5.94 461.49 -50.25 560.93 0.42 0.94 -0.82 0.67 0.51 0.10 0.14
9.00 17.46 88.92 -293.98 457.21 0.65 -0.90 0.35 0.11 0.60 0.45 0.04
7.00 7.70 -73.30 380.04 152.43 0.77 0.68 -0.28 0.14 0.48 0.89 0.33
22.00 44.44 271.59 -241.54 -90.16 -0.87 0.68 -0.70 0.27 0.13 0.50 0.19
17.00 77.09 302.77 182.00 521.21 -0.60 0.34 -0.65 0.87 0.55 0.63 0.13
7.00 9.46 3.57 119.22 -690.67 0.57 0.87 0.14 0.03 0.04 0.15 0.28
7.00 4.16 362.38 -573.99 -399.27 -0.43 0.25 0.50 0.99 0.76 0.11 0.20
13.00 14.73 23.26 551.44 -375.12 0.88 -0.93 -0.57 0.19 0.01 0.62 0.59
22.00 28.71 126.86 -44.90 -151.83 -0.95 -0.44 0.94 0.75 0.50 0.37 0.08
10.00 2.39 616.76 443.48 11.91 0.45 -0.91 -0.22 0.32 0.62 0.57 0.96
10.00 14.99 -573.17 104.60 86.93 0.38 -1.00 0.08 0.03 0.57 0.99 0.65
8.00 5.54 -101.19 -44.82 -166.81 0.10 0.58 0.03 0.01 0.60 0.24 0.30
12.00 0.24 329.51 511.72 40.79 -0.70 0.74 -0.36 0.09 0.31 0.42 0.46
14.00 37.10 8.51 580.67 -267.25 0.03 -0.91 0.51 0.62 0.15 0.56 0.90
5.00 3.43 566.42 224.59 -313.82 -0.07 0.74 0.87 0.00 0.97 0.94 0.06
5.00 1.18 -368.91 521.08 -225.29 0.70 0.27 0.56 0.99 0.52 0.68 0.14
8.00 15.37 -251.11 -629.82 -192.78 -0.20 0.72 -0.28 0.84 0.68 0.24 0.78
11.00 31.26 52.30 -473.87 557.61 0.61 0.94 0.82 0.61 0.73 0.65 0.32
6.00 1.38 -193.51 398.55 -284.37 -0.63 -0.03 0.84 0.49 0.64 0.71 0.97
15.00 40.04 569.62 -432.14 342.50 0.23 0.73 0.30 0.11 0.41 0.11 0.35
5.00 6.20 555.67 472.68 -15.27 0.71 -1.00 0.74 0.91 0.02 0.74 0.03
6.00 7.75 -538.78 231.19 59.47 -0.33 0.47 -0.07 0.68 0.43 0.94 0.54
13.00 34.53 -610.43 185.41 283.12 0.23 0.61 0.40 0.51 0.33 0.87 0.52
36.00 17.32 547.09 33.77 391.84 0.70 -0.32 -0.33 0.55 0.29 0.30 0.98
11.00 3.92 323.24 588.39 429.71 0.62 0.20 -0.66 0.67 0.68 0.33 0.53
10.00 20.79 72.07 -633.58 -405.93 0.55 -0.13 -0.58 0.92 0.11 0.59 0.21
17.00 66.51 72.12 147.76 -569.41 -0.29 0.08 0.45 0.65 0.23 0.02 0.41
15.00 17.63 -150.14 218.86 -433.64 0.67 0.98 0.21 0.54 0.99 0.27 0.44
9.00 5.02 -41.90 -134.67 211.91 0.33 -0.87 -0.70 0.41 0.25 0.49 0.07
6.00 7.32 430.15 -330.99 -68.79 -0.07 -0.26 -0.47 0.76 0.44 0.10 0.00
9.00 18.64 -469.85 323.95 552.13 -0.61 0.40 -0.90 0.50 0.49 0.58 0.90
19.00 80.47 68.17 -535.17 243.68 0.55 -0.66 0.29 0.56 0.30 0.63 1.00
8.00 10.62 370.85 -664.00 -10.91 0.63 0.72 0.33 0.31 0.14 0.88 0.14
9.00 18.41 -26.95 355.81 -241.68 -0.09 -0.50 -0.54 0.86 0.16 0.32 0.01
14.00 36.36 -306.05 724.28 -85.07 -0.52 -0.21 0.44 0.30 0.18 0.11 0.38
7.00 13.41 548.13 -320.15 -350.57 0.76 -0.98 -0.86 0.16 0.99 0.13 0.94
8.00 14.84 85.22 -50.92 -129.42 0.89 0.58 -0.24 0.62 0.41 0.69 0.26
5.00 3.87 221.87 -299.12 -120.88 0.17 -0.95 0.38 0.23 0.89 0.07 0.78
13.00 47.55 475.14 -158.22 493.42 0.93 -0.75 0.69 0.65 0.94 0.25 0.48
15.00 35.93 -280.47 15.08 -53.89 0.03 -0.56 -0.41 0.26 0.83 0.08 0.60
7.00 12.45 -375.23 -552.94 -382.51 -0.91 -0.56 0.86 0.84 0.07 0.09 0.46
16.00 25.00 204.64 -287.67 676.07 0.70 0.76 -0.42 0.97 0.67 0.00 0.69
10.00 23.91 682.82 -257.09 -128.62 -0.64 -0.53 0.78 0.04 0.01 0.54 0.10
24.00 52.36 -62.02 202.14 -110.29 -0.22 -0.81 0.43 0.22 0.21 0.09 0.65
23.00 91.68 -485.97 -562.69 56.49 0.37 -0.57 -0.70 0.83 0.71 0.75 0.54
11.00 8.43 -143.01 638.47 175.68 0.94 0.32 -0.52 0.30 0.75 0.42 0.28
9.00 5.89 -339.24 -221.66 -495.13 0.43 -0.57 0.14 0.54 0.36 0.75 0.81
5.00 4.67 283.07 549.04 -68.63 0.51 0.42 0.85 0.80 0.06 0.79 0.59
9.00 1.28 360.63 287.97 161.63 -0.27 0.39 -0.65 0.20 0.35 0.38 0.54
15.00 20.46 231.17 -113.87 257.90 0.18 -0.60 -0.98 0.10 0.09 0.60 0.96
24.00 4.50 -374.94 101.41 -370.51 0.05 0.37 -0.64 0.27 0.07 0.97 0.88
13.00 33.06 -166.53 -134.94 695.40 -0.28 -0.63 0.12 0.21 0.08 0.50 0.49
9.00 14.85 -63.03 -43.44 -313.26 -0.70 -0.20 0.79 0.54 0.38 0.65 0.16
16.00 45.14 -317.66 -579.19 -417.46 -0.82 -0.78 0.35 0.86 0.83 0.88 0.13
7.00 9.62 -24.50 133.92 617.28 -0.72 -0.44 -0.81 0.30 0.74 0.18 0.68
30.00 56.85 219.26 592.42 142.53 -0.24 0.92 0.96 0.60 0.59 0.18 0.52
10.00 4.50 -435.17 -253.75 613.50 -0.30 0.96 0.37 0.41 0.49 0.96 0.05
32.00 230.19 197.34 514.35 144.03 -0.45 0.21 -0.82 0.18 0.32 0.24 0.75
5.00 0.81 153.06 33.96 57.62 -0.03 0.86 0.92 0.64 0.80 0.71 0.95
12.00 13.82 523.24 -53.55 261.71 0.59 -0.67 -0.34 0.86 0.29 0.45 0.63
16.00 63.00 430.47 195.70 -225.79 0.56 -0.53 0.38 0.84 0.38 0.90 0.49
22.00 70.03 203.75 715.70 185.16 -0.20 -0.22 0.06 0.67 0.47 0.10 0.09
13.00 23.99 -287.89 716.50 -112.23 0.83 0.93 -0.42 0.46 0.48 0.06 0.01
5.00 0.54 -172.82 -602.74 457.34 -0.50 -0.24 0.03 0.42 0.38 0.17 0.69
6.00 0.05 -429.46 -190.38 140.51 -0.69 0.13 0.27 0.85 0.38 0.02 0.89
11.00 14.23 -275.75 370.33 -610.08 -0.22 -0.96 0.75 0.30 0.63 0.38 0.03
5.00 6.11 500.93 293.58 -397.86 0.63 0.64 0.86 0.69 0.99 0.05 0.01
8.00 17.64 -67.92 459.51 -587.23 -0.90 -0.62 -0.92 0.39 0.31 0.37 0.59
6.00 2.17 -155.33 439.57 -218.64 -0.32 -0.01 -0.95 0.75 0.18 0.56 0.25
12.00 12.81 45.96 224.55 -734.10 -0.08 0.02 0.48 0.50 0.91 0.35 0.46
6.00 2.34 -617.01 433.36 58.97 -0.05 -0.29 -0.32 0.34 0.19 0.89 0.41
23.00 88.66 -284.17 377.06 562.89 0.06 0.10 0.51 0.73 0.38 0.32 0.78
8.00 1.61 467.97 415.42 -17.05 -0.70 0.09 0.49 0.39 0.30 0.58 0.21