2.17 1012
8.00 6.56 -594.72 -227.51 336.09 -0.98 0.90 0.66 0.58 0.70 0.10 0.15
11.00 35.58 -178.16 -10.32 -258.82 -0.87 0.95 -0.83 0.74 0.29 0.85 0.53
28.00 154.47 -54.67 378.38 -485.01 -0.44 0.50 0.65 0.56 0.57 0.21 0.28
9.00 1.79 282.95 -156.17 -454.91 -0.06 0.52 -0.41 0.88 0.68 0.09 0.01
21.00 2.51 -70.73 -148.91 -531.55 -0.90 -0.42 -0.94 0.99 0.26 0.04 0.48
6.00 3.50 182.47 207.02 253.00 -0.95 0.71 -0.01 0.79 0.78 0.54 0.60
10.00 9.37 -34.82 -209.54 663.03 0.50 0.58 -0.47 0.47 0.46 0.30 0.21
13.00 31.36 309.19 -502.80 69.11 0.87 0.99 0.79 0.95 0.88 0.52 0.96
14.00 56.16 -508.90 -185.12 64.31 -0.80 0.35 0.55 0.62 0.64 0.60 0.68
22.00 106.02 443.24 -611.79 204.19 0.87 -0.39 -0.65 0.29 0.03 0.72 0.19
5.00 5.31 153.02 -483.77 -430.87 -0.19 0.62 0.42 0.85 0.51 0.68 0.05
5.00 7.42 394.22 -265.59 -632.28 -0.31 -0.21 0.52 0.06 0.47 0.02 0.38
7.00 3.11 247.66 -409.60 -302.58 -0.32 -0.34 -0.98 0.98 0.73 0.73 0.88
6.00 8.36 -180.86 355.61 599.75 -0.55 0.84 -0.18 0.62 0.93 0.74 0.52
7.00 6.15 348.26 -387.54 337.25 0.72 0.61 -0.58 0.10 0.31 0.67 0.47
5.00 2.68 -398.78 -280.94 420.80 0.27 -0.80 0.83 0.85 0.09 0.35 0.03
26.00 169.95 -421.44 98.66 -176.65 0.82 -0.62 0.40 0.36 0.32 0.00 0.17
8.00 12.60 251.13 -302.59 429.30 -0.38 -0.31 -0.72 0.27 0.16 0.82 0.48
12.00 2.48 302.39 254.54 -677.89 0.01 0.70 0.08 0.69 0.38 0.85 0.41
11.00 27.42 459.83 -45.58 402.25 0.26 0.27 -0.81 0.26 0.73 0.05 0.20
5.00 0.71 -269.29 83.65 -747.48 -0.88 -0.80 -0.02 0.82 0.30 0.68 0.72
5.00 3.29 570.54 455.16 322.90 -0.37 -0.64 0.59 0.86 0.45 0.99 0.21
19.00 48.52 -310.73 128.50 451.31 0.91 0.71 0.76 0.54 0.77 0.04 0.99
20.00 88.45 -490.09 -393.48 -480.87 0.98 -0.66 0.55 0.76 0.17 0.39 0.81
9.00 4.16 17.81 -433.98 50.71 0.20 -0.52 -0.62 0.92 0.77 0.32 0.99
13.00 33.01 269.13 -245.42 671.05 0.48 0.37 0.00 0.72 0.39 0.61 0.82
29.00 160.41 590.86 43.88 -240.74 -0.24 0.52 0.57 0.74 0.58 0.24 0.49
6.00 5.10 -283.57 -102.64 408.59 -0.28 -0.85 0.82 0.68 0.36 0.54 0.54
21.00 30.47 78.70 793.86 -35.63 0.57 0.17 -0.27 0.11 0.40 0.84 0.48
13.00 22.52 237.96 145.64 -599.61 0.38 -0.32 0.64 0.97 0.58 0.28 0.51
20.00 54.30 166.24 407.05 -418.49 -0.55 -0.63 -0.99 0.39 0.44 0.79 0.78
13.00 47.20 -231.58 339.31 -84.25 -0.59 0.23 -0.60 0.49 0.22 0.52 0.86
11.00 31.64 239.94 310.54 -278.10 -0.51 0.77 -0.21 0.71 0.80 0.60 0.69
34.00 164.01 -44.69 -482.40 -173.00 -0.53 0.56 -0.75 0.50 0.85 0.14 0.79
6.00 10.52 -490.52 -93.60 58.74 -0.43 -0.28 -0.31 0.50 0.82 0.80 0.48
6.00 3.38 -661.35 -204.82 125.72 -0.44 0.61 0.39 0.56 0.67 0.13 0.92
14.00 2.03 44.99 -172.52 173.41 -0.89 -0.27 -0.40 0.46 0.94 0.29 0.63
12.00 16.36 356.12 505.12 165.82 -0.19 0.92 -0.95 0.51 0.01 0.66 0.73
7.00 0.50 -193.33 -339.55 626.40 0.05 0.39 -0.15 0.83 0.61 0.94 0.09
15.00 31.46 94.22 3.72 457.18 -0.51 -0.94 -0.51 0.03 0.26 0.75 0.28
8.00 4.63 97.16 -466.34 -41.59 -0.18 -0.75 0.28 0.69 0.83 0.53 0.61
7.00 5.85 740.42 40.33 -255.19 0.05 -0.02 -0.83 0.81 0.98 0.45 0.20
12.00 27.78 197.81 60.68 105.99 -0.88 -0.44 -0.78 0.97 0.45 0.28 0.47
5.00 0.86 385.27 578.00 -302.61 -0.95 -0.50 1.00 0.91 0.73 0.57 0.66
16.00 29.93 -254.23 -82.37 714.44 -0.91 -0.50 -0.41 0.06 0.83 0.40 0.02
8.00 5.13 -224.94 594.72 -472.79 -0.90 -0.70 -0.42 0.51 0.85 0.80 0.66
39.00 439.34 -435.03 -653.56 107.24 0.51 -0.59 0.11 0.82 0.16 0.49 0.92
5.00 0.20 275.29 385.84 -386.59 0.07 -0.79 -0.52 0.30 0.83 0.68 0.08
6.00 0.53 47.77 352.11 584.93 0.96 -0.11 -0.13 0.91 0.63 0.52 0.04
5.00 6.01 16.04 212.18 -148.02 -0.11 0.44 -0.85 0.26 0.37 0.69 0.60
6.00 5.23 -156.77 700.18 -166.16 0.99 0.75 0.29 0.15 0.23 0.00 0.40
21.00 132.53 472.60 -438.05 -337.57 0.21 -0.51 0.17 0.46 0.84 0.17 0.69
13.00 11.93 -399.31 523.51 -75.62 0.17 -0.29 0.66 0.77 0.32 0.41 0.53
5.00 1.82 -426.63 -9.90 534.32 -0.86 -0.75 -0.10 0.94 0.55 0.03 0.05
14.00 12.04 -324.48 -440.03 229.53 -0.79 -0.16 -0.51 0.38 0.27 0.94 0.23
5.00 1.07 -169.33 -14.53 265.89 -0.37 -0.44 0.57 0.88 0.61 0.31 0.67
8.00 6.60 231.54 29.30 -651.55 -0.79 0.97 -0.34 0.05 0.27 0.26 0.44
10.00 19.99 -287.24 -315.61 574.45 0.98 0.85 0.63 0.45 0.57 0.13 0.04
16.00 48.12 102.63 207.01 -321.09 0.40 -0.34 -0.03 0.48 0.79 0.31 0.58
8.00 9.49 482.80 210.55 516.89 0.66 0.94 -0.89 0.14 0.60 0.74 0.64
11.00 1.41 -514.87 -488.04 256.01 -0.24 0.70 -0.19 0.71 0.28 0.35 0.52
6.00 8.80 -321.67 -59.64 -690.02 -0.73 -0.01 -0.88 0.47 0.90 0.67 0.87
24.00 2.65 441.60 224.42 294.78 0.48 0.33 0.17 0.10 0.36 0.01 0.49
27.00 49.61 430.79 -3.67 272.53 0.95 0.32 0.32 0.16 0.16 0.67 0.52
7.00 9.85 73.50 167.02 -48.18 -0.45 0.99 -0.64 0.88 0.28 0.58 0.10
8.00 8.82 275.02 -411.40 -307.08 0.10 0.44 0.04 0.86 0.75 0.58 0.34
9.00 17.10 -116.39 -572.59 89.39 -0.81 0.70 0.16 0.00 0.45 0.94 0.70
9.00 7.29 -562.78 372.22 270.86 -0.96 0.82 0.71 0.31 0.70 0.82 0.51
6.00 2.65 359.04 -465.38 135.12 0.17 0.03 0.07 0.99 0.91 0.25 0.03
8.00 2.62 -286.06 -142.34 -162.28 -0.44 0.56 0.30 0.95 0.86 0.93 0.76
6.00 7.16 -22.59 -604.67 -260.79 -0.16 0.99 0.99 0.72 0.79 0.27 0.57
14.00 39.23 135.16 -683.08 66.23 -0.66 0.03 -0.59 0.83 0.60 0.67 0.50
32.00 82.60 -703.89 71.55 -76.99 -0.09 0.02 0.94 0.04 0.23 0.18 0.88
9.00 8.79 -294.45 191.00 668.11 0.66 -0.93 0.78 0.26 0.82 0.48 0.38
16.00 75.42 244.69 583.36 352.23 -0.35 -0.79 0.33 0.93 0.56 0.56 0.55
22.00 32.55 -84.37 317.51 -494.74 0.36 -0.60 -0.51 0.58 0.66 0.33 0.98
17.00 74.56 8.71 554.65 -219.67 0.25 -0.75 -0.32 0.82 0.72 0.66 0.40
21.00 134.65 505.95 87.02 -349.79 0.90 0.76 1.00 0.64 0.60 0.97 0.85
7.00 13.88 108.44 -313.02 -721.40 -0.71 -0.00 0.36 0.52 0.09 0.99 0.19
8.00 12.42 218.76 -149.67 -542.09 0.23 0.33 0.99 0.27 0.69 0.40 0.79
19.00 69.93 68.17 -535.17 243.68 -0.04 -0.68 -0.17 0.78 0.06 0.67 0.99
10.00 8.32 91.64 -464.71 -610.22 0.85 0.12 -0.89 0.13 0.15 0.88 0.57
6.00 1.91 -245.84 -276.82 64.99 0.20 0.48 -0.62 0.85 0.90 0.48 0.61
10.00 14.75 203.96 -70.61 -22.32 0.89 0.12 0.31 0.36 0.40 0.94 0.40
16.00 60.60 635.46 -224.49 418.25 0.11 0.71 0.36 0.82 0.29 0.16 0.09
14.00 24.78 179.13 -684.18 -237.60 0.06 0.28 -0.89 0.74 0.20 0.98 0.61
17.00 8.37 -372.32 85.60 180.47 -0.32 0.69 -0.06 0.30 0.76 0.23 0.15
12.00 27.10 -142.08 303.99 582.72 0.69 -0.62 -0.29 0.58 0.99 0.10 0.20
11.00 27.19 -179.22 -561.92 -83.39 -0.66 0.97 0.04 0.79 0.83 0.51 0.66
28.00 135.24 416.93 -322.13 163.27 -0.35 -0.47 -0.19 0.44 0.78 0.90 0.79
13.00 38.51 -299.84 74.92 -87.92 0.82 0.40 -0.78 0.20 0.14 0.44 0.71
5.00 2.57 -255.83 -94.04 -204.16 0.89 0.39 0.37 0.95 0.97 1.00 0.63
26.00 177.86 76.27 128.83 -466.32 -0.87 0.42 -0.65 0.83 0.83 0.51 0.10
18.00 14.87 -566.59 331.71 450.32 -0.34 0.79 0.91 0.11 0.59 0.15 0.66
9.00 17.38 -280.56 231.17 216.32 0.27 0.06 0.03 0.66 0.15 0.80 0.69
5.00 5.70 -589.43 292.99 -181.51 -0.60 -0.40 0.54 0.40 0.08 0.02 0.43
14.00 13.11 -388.79 374.23 33.65 0.40 0.96 -0.95 0.50 0.95 0.65 0.33
17.00 69.41 165.57 642.09 441.67 0.42 -0.28 0.16 0.64 0.12 0.14 0.67
12.00 28.78 -250.62 -25.78 480.92 0.38 -0.01 -0.04 0.56 0.75 0.48 0.41
31.00 213.14 708.44 216.04 36.72 -0.75 0.14 0.46 0.36 1.00 0.07 0.47
7.00 15.02 -693.30 -5.98 37.77 0.99 0.98 -0.74 0.14 0.27 0.40 0.14
12.00 19.35 -40.62 602.39 -436.86 0.12 0.42 -0.54 0.53 0.98 0.28 0.62
12.00 4.90 -496.08 72.17 492.56 0.78 0.94 -0.12 0.59 0.97 0.31 0.27
35.00 339.75 52.00 -647.86 -226.75 0.39 -0.67 0.99 0.87 0.72 0.96 0.02
6.00 1.56 -33.05 232.21 -143.38 0.82 -0.50 0.05 0.93 0.92 0.57 0.12
33.00 40.04 -639.26 -136.77 354.18 -0.75 0.20 -0.39 0.57 0.25 0.77 0.90
12.00 5.78 656.09 -68.83 217.14 0.69 0.93 -0.54 0.29 0.20 0.30 0.50
5.00 2.13 -700.66 -61.49 -140.56 0.70 -0.47 0.78 0.07 0.39 1.00 0.56
17.00 49.81 -170.59 -241.74 496.44 0.85 0.13 0.02 0.08 0.52 0.19 0.85
28.00 139.55 435.66 -511.45 130.69 -0.45 -0.61 -0.55 0.46 0.63 0.15 0.17
7.00 9.51 -39.70 7.10 65.66 0.57 -0.22 0.32 0.99 0.10 0.24 0.93
5.00 4.04 80.56 723.30 -238.54 0.41 0.97 -0.49 0.72 0.12 0.35 0.53
8.00 6.83 -179.39 -663.91 134.86 -0.82 -0.87 0.08 0.91 0.14 0.75 0.36
36.00 381.17 112.49 200.92 -537.98 0.50 0.91 0.34 0.08 0.49 0.26 0.42
31.00 277.96 -418.25 117.71 -291.81 -0.59 -0.15 -0.08 0.51 0.53 0.54 0.89
23.00 50.66 -387.01 18.23 251.36 -0.55 -0.08 -0.31 0.54 0.17 0.88 0.39
7.00 4.42 85.67 302.08 229.81 0.66 0.51 -0.23 0.97 0.81 0.63 0.77
8.00 20.09 176.65 -744.08 -116.20 -0.99 0.87 -0.31 0.70 0.18 0.32 0.74
5.00 2.97 261.75 -408.34 526.74 -0.65 0.21 0.63 0.78 0.63 0.86 0.27
21.00 101.88 -36.93 331.48 -132.45 0.66 0.57 0.84 0.03 0.49 0.03 0.90
16.00 31.50 -315.62 165.79 242.53 -0.38 0.36 -0.16 0.47 0.84 0.34 0.48
6.00 5.86 394.14 19.19 624.60 0.47 -0.15 -0.08 0.22 0.21 0.92 0.32
17.00 40.23 -122.83 81.50 -299.67 0.18 -0.90 -0.71 0.25 0.74 0.03 0.72
13.00 46.34 223.45 -710.30 226.03 0.57 0.47 0.01 0.59 0.21 0.33 0.42
13.00 52.38 328.94 -86.15 451.48 0.38 -0.29 0.47 0.86 0.35 0.43 0.11
11.00 29.28 -295.86 -78.46 337.63 0.60 -0.11 -0.20 0.78 0.39 0.57 0.16
10.00 6.55 -347.26 -179.17 628.64 0.83 -0.85 0.43 0.40 0.57 0.62 0.34
12.00 13.04 316.64 383.12 -402.21 -0.65 -0.82 0.34 0.76 0.26 0.51 0.94
17.00 43.34 -460.70 420.09 -498.82 0.41 -0.27 0.96 0.08 0.92 0.62 0.96
9.00 25.37 561.49 77.72 339.70 -0.85 0.15 -0.19 0.27 0.90 0.88 0.29
5.00 1.32 -296.94 -415.90 372.79 0.39 -0.87 -0.45 0.02 0.05 0.50 0.47
6.00 4.61 -396.23 414.84 46.41 0.19 -0.13 0.39 0.40 0.43 0.82 0.60
5.00 7.35 521.84 -454.75 -385.12 0.21 -0.13 0.52 0.01 0.15 0.99 0.02
10.00 26.89 -136.22 450.28 -251.44 -0.05 -0.93 -0.83 0.81 0.11 0.30 0.60
17.00 46.56 251.04 540.36 -519.14 -0.99 0.76 0.39 0.84 0.73 0.06 0.65
14.00 51.83 -714.77 -9.97 342.66 -0.11 0.19 0.98 0.67 0.81 0.09 0.52
14.00 53.19 -268.07 -532.23 -523.97 -0.82 -0.84 0.45 0.71 0.68 0.43 0.37
15.00 20.13 -184.34 -255.55 731.19 0.50 0.21 -0.45 0.79 0.57 0.02 0.03
21.00 3.12 -67.72 286.65 211.59 0.67 -0.20 0.39 0.55 0.01 0.61 0.90
5.00 7.13 -211.25 354.55 198.79 0.43 0.25 -0.80 0.46 0.86 0.28 0.84
15.00 54.43 -244.42 -185.45 -127.64 0.50 0.70 -0.93 0.07 0.12 0.49 0.52
5.00 0.97 354.54 417.65 -271.89 -0.70 -0.58 0.30 0.88 0.59 0.60 0.85
6.00 0.26 -95.93 -581.48 227.89 -0.88 0.32 -0.25 0.85 0.92 0.59 0.48
8.00 18.65 -509.92 -533.69 233.40 -0.73 0.90 0.78 0.64 0.90 0.84 0.58
16.00 37.05 -274.38 131.78 425.13 -0.63 0.59 0.34 0.32 0.42 0.25 0.78
17.00 8.89 509.09 515.50 296.19 0.80 -0.52 0.45 0.40 0.58 0.38 0.64
15.00 51.53 119.06 -90.25 661.19 0.40 -0.37 -0.20 0.67 0.94 0.68 0.04
19.00 85.66 608.83 -428.89 -279.71 -0.26 0.92 0.37 0.90 0.62 0.13 0.31
18.00 73.23 -312.97 380.38 -322.16 0.24 0.95 0.33 0.72 0.38 0.61 0.14
12.00 39.86 -145.13 -209.16 -140.08 -0.62 0.01 0.47 0.26 0.84 0.19 0.13
6.00 7.99 -346.30 518.93 461.19 0.57 0.83 0.21 0.24 0.46 0.23 0.06
7.00 0.96 593.49 439.05 -305.76 0.77 0.34 0.14 0.74 0.12 0.32 0.61
6.00 4.09 369.50 474.71 -42.73 -0.63 -0.90 0.10 0.06 0.59 0.36 0.72
16.00 47.79 -395.32 59.28 663.79 -0.55 -0.30 0.65 0.05 0.12 0.58 0.55
9.00 13.32 -41.21 -161.83 -97.54 -0.15 -0.57 -0.65 0.31 0.87 0.54 0.71
15.00 25.38 -324.44 -221.27 186.13 -0.79 -0.30 0.75 0.51 0.65 0.96 0.26
6.00 6.49 433.67 -532.65 294.61 -0.46 0.27 -0.94 0.35 0.87 0.15 0.24
6.00 6.17 -89.66 -435.68 -83.25 0.62 0.11 0.66 0.25 0.81 0.21 0.53
10.00 15.86 -68.42 26.58 -312.27 0.63 -0.21 -0.24 0.93 0.03 0.70 0.34
7.00 0.83 -515.70 -308.79 340.60 -0.72 0.37 -0.89 0.68 0.37 0.40 0.77
11.00 25.61 205.82 180.55 -728.62 0.21 -0.58 0.67 0.84 0.06 0.85 0.65
10.00 11.84 364.93 190.04 77.85 0.64 0.10 -0.09 0.88 0.44 0.09 0.73
13.00 3.05 -71.59 581.34 414.32 -0.03 -0.87 0.41 0.09 0.57 0.51 0.69
9.00 12.18 -297.75 205.56 -487.41 0.21 0.99 -0.07 0.23 0.34 0.41 0.01
25.00 149.22 -163.10 766.94 5.84 0.52 0.60 -0.83 0.15 0.61 0.14 0.54
16.00 1.87 -80.88 -717.71 214.26 -0.53 0.68 -0.23 0.85 0.37 0.93 0.97
5.00 7.34 -16.92 674.98 54.47 0.84 -0.36 0.42 0.74 0.89 0.41 0.79
11.00 12.20 -88.17 283.57 -183.61 0.71 0.53 -0.37 0.82 0.06 0.14 0.79
13.00 31.31 -94.08 -129.32 -22.62 -0.98 -0.24 0.19 0.47 0.05 0.46 0.16
8.00 1.67 463.63 -411.61 490.78 -0.82 0.84 -0.39 0.06 0.70 0.53 0.10
5.00 5.51 -258.74 441.34 -259.68 0.92 -0.14 0.27 0.67 0.12 0.99 0.65
14.00 27.07 -184.39 433.14 -552.96 -0.82 -0.50 0.61 0.13 0.84 0.14 0.69
10.00 1.08 328.41 -266.42 103.71 0.65 0.51 -0.32 0.37 0.63 0.85 0.30
8.00 18.41 -251.95 11.92 479.00 -0.08 -0.29 -0.03 0.06 0.73 0.52 0.20
10.00 14.58 -343.52 -47.09 -329.66 -0.29 -0.01 0.89 0.72 0.71 0.65 0.15
7.00 7.09 470.62 462.48 -417.94 0.06 0.61 0.43 0.10 0.25 0.43 0.34
21.00 96.12 459.72 -115.63 -211.84 -0.58 0.61 -0.24 0.10 0.17 0.80 0.28
6.00 9.96 -320.62 -402.42 -323.10 0.21 -0.59 0.47 0.11 0.11 0.93 0.62
14.00 24.05 -186.42 369.14 -165.74 0.62 -0.76 -0.77 0.70 0.48 0.70 0.66
9.00 13.56 -173.55 52.26 493.12 0.23 -0.11 0.90 0.05 0.28 0.97 0.72
11.00 18.28 453.56 281.74 -549.17 -0.28 -0.49 -0.24 0.27 0.95 0.81 0.92
24.00 73.39 242.18 -703.54 -43.28 -0.02 0.29 0.01 0.04 0.19 0.08 0.58
7.00 6.99 -590.06 -107.71 -68.96 -0.92 0.05 -0.08 0.39 0.21 0.82 0.94
10.00 24.06 593.48 -61.40 -262.98 -0.06 -0.43 -0.42 0.61 0.04 0.12 0.98
8.00 10.66 205.55 -291.42 342.01 0.31 -0.43 0.27 0.16 0.46 0.30 0.43
6.00 0.69 37.95 -212.94 -439.54 -0.90 -0.46 -0.09 0.50 0.91 0.95 0.69
7.00 7.99 352.60 -528.89 -77.40 -0.49 -0.85 -0.49 0.81 0.68 0.54 0.66
14.00 25.09 54.78 -164.24 588.39 -0.35 0.64 -0.16 0.49 0.76 0.81 0.33
29.00 92.08 -256.09 -611.06 2.49 0.73 -0.46 -0.17 0.60 0.20 0.55 0.89
25.00 129.40 -235.88 -534.40 -421.53 -0.15 -0.19 0.73 0.50 0.36 0.79 0.80
7.00 8.71 485.03 129.97 -453.90 0.99 -0.50 0.88 0.36 0.18 0.77 0.35
12.00 36.55 229.08 573.89 33.47 0.41 -0.19 0.95 0.19 0.28 0.37 0.39
10.00 31.37 32.51 496.03 -380.64 -0.05 0.80 -0.92 0.32 0.17 0.41 0.96
18.00 8.74 -731.25 -182.89 233.34 0.09 -0.32 -0.51 0.66 0.98 0.15 0.16
33.00 197.91 251.61 -53.76 -372.81 0.61 0.76 0.25 0.38 0.63 0.05 0.87
21.00 112.99 -133.69 -138.79 -418.43 -0.34 0.24 -0.41 0.61 0.77 0.77 0.35
6.00 9.77 106.14 675.82 -210.00 -0.63 0.91 0.66 0.36 0.45 0.83 0.93
14.00 20.54 -147.28 -575.72 -119.32 -0.44 -0.24 -0.07 0.59 0.24 0.42 0.11
6.00 4.34 -280.98 -328.79 -600.57 0.78 0.86 0.11 0.21 0.85 0.79 0.45
6.00 5.05 -463.43 -638.32 48.87 0.36 -0.30 0.11 0.44 0.50 0.21 0.90
6.00 3.19 136.60 -162.73 -178.76 0.08 -0.74 -0.40 0.18 0.06 0.67 0.39
13.00 34.30 6.46 -215.45 94.66 -0.35 -0.71 -0.85 0.98 0.61 0.66 0.33
37.00 126.52 -19.18 -646.84 -295.01 0.06 -0.46 0.35 0.99 0.82 0.60 0.16
21.00 134.56 68.60 -110.14 396.53 -0.30 0.26 0.53 0.99 0.65 0.60 0.75
19.00 89.86 207.95 -394.02 469.84 0.90 0.94 -0.66 0.19 0.18 0.99 0.07
24.00 28.94 -324.29 53.42 173.24 -0.42 -0.49 0.31 0.17 0.38 0.22 0.80
5.00 5.86 -747.97 45.16 179.71 -0.59 -0.64 0.72 0.29 0.79 0.86 0.92
6.00 4.01 321.49 -365.87 325.27 0.31 0.21 0.16 0.02 0.70 0.80 0.08
13.00 39.44 248.33 677.23 -105.84 0.34 0.22 0.88 0.70 0.70 0.49 0.69
12.00 44.60 -153.16 -565.77 238.98 -0.06 0.44 -0.60 0.81 0.06 0.54 0.21
7.00 1.72 -353.44 -527.93 -264.16 -0.18 0.13 -0.78 0.88 0.64 0.34 0.77
9.00 23.31 -517.07 -4.01 -312.75 0.25 0.93 0.55 0.32 0.47 0.06 0.89
8.00 2.95 500.80 532.03 -134.11 -0.67 0.45 0.60 0.49 0.89 0.19 0.36
12.00 21.32 -392.13 564.51 42.48 0.05 -0.34 0.36 0.90 0.86 0.84 0.07
16.00 51.70 -370.04 -386.24 -302.42 0.39 -0.27 -0.53 0.59 0.96 0.35 0.46
10.00 30.69 252.17 77.05 -295.04 0.68 -0.41 -0.57 0.61 0.89 0.14 0.00
8.00 0.19 -606.22 446.51 45.09 0.19 -0.02 0.95 0.02 0.23 0.48 0.08
8.00 17.16 468.31 74.40 125.25 -0.72 -0.88 -0.80 0.55 0.04 0.44 0.61
12.00 44.87 -65.00 560.94 365.25 0.61 0.79 -0.09 0.82 0.43 0.17 0.22
12.00 21.52 -286.92 54.17 -321.81 -0.80 0.30 -0.01 0.90 0.78 0.81 0.83
7.00 7.75 -287.35 638.13 -225.64 0.49 -0.88 -0.79 0.44 0.28 0.03 0.55
10.00 4.15 -296.64 497.88 456.29 0.48 0.01 0.18 0.48 0.22 0.07 0.40
17.00 2.31 -53.04 328.75 -231.96 -0.03 -0.64 -0.06 0.96 0.13 0.01 0.77
14.00 15.30 556.87 -143.88 -415.00 1.00 0.40 -0.40 0.82 0.62 0.77 0.69
17.00 22.09 -49.00 -684.26 -83.51 0.34 -0.09 -0.22 0.88 0.77 0.56 0.85
9.00 22.11 20.78 554.81 535.71 0.34 0.53 0.23 0.82 0.25 0.65 0.60
5.00 5.95 724.16 -16.73 -147.45 -0.28 -0.29 -0.70 0.26 0.30 0.97 0.60
7.00 4.90 -601.02 -355.11 -125.33 0.72 -0.32 -0.30 0.66 0.61 0.53 0.64
5.00 1.47 48.30 456.04 621.60 0.12 -0.42 0.26 0.80 0.47 0.46 0.36
5.00 5.45 42.28 240.06 -53.89 0.04 -0.19 -0.86 0.61 0.19 0.43 0.68
7.00 1.14 -185.22 -219.71 -471.12 0.93 0.83 0.07 0.61 0.38 0.83 0.61
6.00 1.04 233.93 400.47 36.52 0.75 -0.06 -0.29 0.45 0.29 0.74 0.72
9.00 23.95 -72.88 -37.64 -48.83 0.96 -0.20 -0.91 0.96 0.74 0.95 0.69
7.00 4.42 228.95 509.37 -56.03 0.30 0.05 0.59 0.20 0.29 0.81 0.12
5.00 7.76 217.67 -1.52 38.18 -0.88 -0.89 -0.29 0.80 0.32 0.54 0.90
5.00 2.65 199.01 326.49 -251.83 0.53 -0.63 -0.99 0.91 0.61 0.24 0.83
11.00 20.43 -565.75 241.43 -74.30 0.37 0.99 -0.01 0.66 0.00 0.96 0.21
5.00 1.69 -299.83 -135.86 374.44 0.57 0.76 0.56 0.61 0.12 0.68 0.30
23.00 148.38 -257.25 -118.92 -672.79 -1.00 0.28 -0.42 0.44 0.31 0.45 0.15
7.00 8.19 252.90 340.09 674.39 -0.84 -0.60 -0.30 0.33 0.72 0.41 0.28
16.00 9.24 -639.17 123.80 -400.01 -0.53 0.02 0.94 0.97 0.85 0.56 0.72
33.00 98.11 -289.09 -174.24 194.45 0.34 0.86 0.88 0.56 0.90 0.74 0.40
28.00 206.11 210.56 -575.01 143.49 0.13 -0.60 0.20 0.97 0.14 0.91 0.07
5.00 6.36 -464.82 229.55 -6.34 0.31 0.01 0.70 0.01 0.78 0.00 0.55
7.00 10.54 164.31 -22.62 306.44 0.98 -0.10 -0.98 0.38 0.77 0.92 0.60
8.00 16.60 -219.64 316.77 -399.04 0.79 0.07 0.70 0.30 0.85 0.66 0.93
17.00 36.15 151.66 452.71 -51.10 -0.22 0.51 -0.96 0.90 0.16 0.51 0.68
32.00 59.20 -6.84 282.39 651.50 0.26 -0.96 -0.15 0.65 0.33 0.76 0.48
13.00 2.57 51.38 -600.85 -522.91 -0.18 0.78 0.60 0.15 0.06 0.27 0.26
14.00 28.12 561.05 -241.56 -44.26 0.31 -0.63 0.40 0.43 0.29 0.59 0.34
18.00 1.20 228.67 184.69 254.98 -0.36 0.14 -0.68 0.28 0.23 0.94 0.65
6.00 4.50 231.61 -447.08 145.56 0.81 0.91 0.13 0.38 0.76 0.97 0.07
7.00 9.72 208.65 -180.75 445.65 -0.42 -0.09 -0.81 0.13 0.91 0.82 0.63
12.00 15.12 729.40 -181.69 -155.31 -0.64 -0.74 -0.32 0.09 0.14 0.54 0.00
19.00 38.74 -324.27 452.42 296.03 -0.62 -0.55 0.73 0.99 0.58 0.91 0.23
18.00 44.50 -423.37 -298.89 -474.04 -0.19 0.91 0.86 0.06 0.17 0.70 0.85
12.00 7.42 -198.50 -514.17 -22.03 -0.00 0.45 -0.33 0.80 0.06 0.18 0.73
13.00 39.15 247.48 -171.07 424.87 0.95 -0.12 -0.49 0.49 0.60 0.62 0.75
20.00 21.09 369.53 -306.20 -83.27 -0.47 -0.08 -0.92 0.13 0.28 0.27 0.62
12.00 30.81 -188.96 147.76 412.57 0.86 0.99 -0.05 0.69 0.12 0.25 0.55
16.00 67.19 -674.10 -183.88 109.89 -0.60 0.76 0.57 0.22 0.70 0.53 0.38
16.00 72.83 -182.99 568.68 -319.37 0.80 -0.18 -1.00 0.72 0.30 0.72 0.28
29.00 216.82 306.64 -77.41 325.61 -0.34 -0.14 -0.80 0.06 0.38 0.37 0.68
8.00 17.93 239.69 -553.00 -284.06 -0.64 0.80 0.25 0.72 0.83 0.28 0.65
13.00 42.42 -56.99 -576.77 -90.95 0.50 -0.00 0.14 0.16 0.07 0.83 0.57
5.00 3.26 450.70 21.87 -79.31 -0.07 -0.70 -0.12 0.79 0.55 0.01 0.52
9.00 13.74 280.34 38.34 -145.39 -0.19 0.25 0.79 0.97 0.72 0.14 0.53
8.00 17.98 279.07 418.96 -518.76 0.35 0.07 -0.77 0.09 0.79 0.99 0.26
15.00 18.14 -617.60 -56.23 28.63 0.88 -0.70 0.92 0.04 0.48 0.89 0.27
7.00 2.85 -53.33 350.59 268.32 -0.74 0.27 -0.52 0.09 0.52 0.13 0.67
5.00 0.14 397.09 -487.65 5.94 -0.08 0.50 0.61 0.46 0.90 0.99 0.55
10.00 10.97 -312.99 337.61 376.02 -0.58 0.54 -0.40 0.78 0.44 0.24 0.06
10.00 18.35 -302.39 104.25 25.88 -0.87 0.50 0.16 0.36 0.59 0.84 0.89
10.00 11.85 288.98 -396.23 175.09 0.72 -0.38 -0.69 0.17 0.86 0.56 0.08
12.00 10.07 161.63 663.46 238.82 -0.48 -0.01 0.85 0.85 0.53 0.12 0.27
5.00 7.06 -353.13 -364.89 -338.81 0.66 -0.50 0.71 0.15 0.80 0.53 0.30
6.00 8.90 354.02 41.32 314.56 -0.10 -0.29 -0.01 0.01 0.25 0.17 0.83
23.00 117.22 229.73 -509.56 -53.03 0.22 -0.01 -0.22 0.98 0.34 0.34 0.72
8.00 14.36 515.44 -106.74 -384.29 0.77 -0.86 -0.15 0.11 0.68 0.59 0.65
25.00 62.41 117.54 -97.91 -641.85 -0.52 -0.30 0.75 0.87 0.89 0.60 0.42
8.00 16.25 -603.02 203.19 96.81 -0.84 0.88 -0.10 0.43 0.73 1.00 0.60
7.00 5.60 356.08 586.41 200.72 -0.60 -0.44 0.15 0.94 0.25 0.57 0.68
22.00 151.40 114.54 -634.62 -51.49 0.34 -0.25 -0.96 0.98 0.97 0.07 0.10
16.00 73.15 625.44 -33.50 -167.79 -0.42 0.20 -0.34 0.02 0.23 0.98 0.13
32.00 34.19 346.41 -229.93 -591.22 -0.26 0.49 0.64 0.11 0.01 0.12 0.58
5.00 0.70 -624.63 -483.13 -91.50 0.09 -0.66 0.96 0.22 0.17 0.97 0.98
6.00 2.19 163.18 -336.77 13.15 0.34 0.39 -0.03 0.76 0.33 0.70 0.06
8.00 4.16 -325.59 524.99 -154.05 0.11 -0.25 0.63 0.56 0.04 0.97 0.56
17.00 38.79 200.93 -2.42 774.14 0.87 -0.07 0.11 0.09 0.77 0.83 0.61
5.00 2.06 -305.42 329.07 -155.29 -0.04 0.97 0.79 0.11 0.92 0.97 0.15
7.00 5.07 -115.14 398.21 -350.08 0.98 -0.22 0.11 0.25 0.06 0.91 0.71
9.00 0.67 -178.88 -169.56 -460.51 0.23 -0.53 1.00 0.67 0.76 0.32 0.36
7.00 1.37 0.82 690.83 -216.29 0.54 -0.31 0.43 0.11 0.21 0.45 0.58
22.00 132.97 -4.71 -417.34 -353.64 -0.66 0.81 -0.73 0.07 0.31 0.93 0.01
20.00 36.36 312.08 -634.89 341.62 0.08 0.33 -0.56 0.98 0.41 0.60 0.25
9.00 5.29 -4.18 -187.16 236.85 -0.25 0.55 -0.95 0.83 0.50 0.79 0.62
5.00 1.04 -119.77 369.20 270.53 -0.49 0.08 -0.23 0.38 0.87 0.46 0.43
6.00 1.63 244.52 408.05 -410.76 -0.24 -0.80 0.71 0.38 0.54 0.20 0.53
5.00 7.58 -201.08 -537.61 64.54 0.20 0.02 -0.95 0.87 0.46 0.31 0.42
7.00 5.84 -188.99 -144.67 -762.88 0.94 0.22 -0.89 0.00 0.99 0.50 0.67
8.00 10.60 -86.31 -374.82 -364.85 -0.94 -0.05 -0.56 0.42 0.67 0.76 0.27
12.00 13.38 138.59 -212.80 -531.92 -0.76 -0.72 0.45 0.99 0.45 0.21 0.61
11.00 9.61 -2.42 -270.49 -685.91 -0.13 -0.32 0.90 0.79 0.78 0.05 0.94
7.00 0.15 581.59 426.05 196.57 -0.10 -0.92 0.52 0.52 0.76 0.65 0.13
9.00 10.71 -214.12 -695.45 155.42 -0.55 0.90 -0.84 0.47 0.17 0.48 0.14
18.00 79.05 -467.54 -3.58 555.16 0.09 -1.00 -0.78 0.05 0.92 0.74 0.67
6.00 0.78 -45.20 135.60 -426.29 -0.78 0.93 0.59 0.24 0.54 0.75 0.07
7.00 12.38 252.66 -508.71 264.08 -0.43 0.40 -0.95 0.11 0.13 0.13 0.40
23.00 43.03 412.18 -129.06 -547.91 -0.54 -0.16 -0.42 0.14 0.66 0.48 0.04
12.00 43.02 -355.15 -118.99 -507.49 0.19 0.39 0.27 0.83 0.57 0.78 0.82
14.00 30.91 -215.90 485.06 206.30 -0.83 0.99 0.24 0.81 0.38 0.09 0.45
8.00 10.73 66.11 -533.67 328.58 -0.67 -0.52 0.60 0.12 0.12 0.98 0.65
8.00 17.62 -82.96 549.81 33.64 -0.90 -0.14 0.25 0.81 0.74 0.62 0.03
6.00 10.80 -511.06 314.06 -210.21 -0.77 0.06 0.84 0.28 0.44 0.66 0.17
17.00 1.35 -134.67 305.28 -106.86 -0.22 -0.16 -0.49 0.78 0.76 0.54 0.24
7.00 2.60 -674.69 233.51 -347.50 -0.94 -0.59 0.90 0.63 0.60 0.55 0.02
5.00 5.56 -91.92 -427.79 -241.47 0.42 -0.95 -0.66 0.01 0.76 0.39 0.06
29.00 81.17 37.44 373.28 -311.57 0.56 -0.76 -0.22 0.55 0.11 0.83 0.60
16.00 19.36 -248.71 473.57 -411.05 -0.91 0.87 -0.53 0.23 0.38 0.37 0.10
9.00 16.78 681.78 60.42 -223.38 0.90 -0.72 -0.65 0.81 0.40 0.22 0.06
29.00 92.56 -76.29 284.16 548.61 0.19 0.44 -0.42 0.24 0.53 0.82 0.40
13.00 9.50 -126.65 30.67 -142.93 0.96 -0.63 0.88 0.52 0.17 0.55 0.39
6.00 4.67 143.29 421.93 453.27 0.23 0.08 -0.58 0.19 0.39 0.27 0.25
33.00 250.80 -74.23 -624.54 -82.28 0.86 0.22 -0.50 0.65 0.70 0.68 0.02
10.00 10.25 277.61 42.43 463.01 -0.56 -0.75 -0.03 0.79 0.56 0.59 0.86
6.00 0.19 77.52 -610.33 -254.24 0.32 0.36 0.45 0.68 0.76 0.60 0.06
9.00 3.52 -240.19 -379.96 -110.37 0.20 -0.31 -0.33 0.45 0.83 0.46 0.38
16.00 49.67 -439.43 -72.50 492.91 -0.35 0.05 -0.43 0.05 0.27 0.30 0.70
8.00 9.28 470.33 391.85 404.08 0.73 0.57 -0.67 0.74 0.13 0.40 0.78
11.00 7.33 -429.28 82.08 236.12 -0.54 -0.22 0.82 0.24 1.00 0.71 0.15
15.00 9.48 -72.66 556.36 -455.77 -0.68 0.35 -0.61 0.95 0.71 0.56 0.26
9.00 9.95 -268.96 191.16 663.65 -0.19 -0.90 -0.50 0.21 0.67 0.46 0.97
6.00 4.52 4.52 -506.49 359.79 0.44 -0.79 0.82 0.32 0.96 0.81 0.15
6.00 9.23 231.19 -289.12 282.79 0.24 -0.53 0.09 0.15 0.77 0.50 0.14
33.00 73.65 532.52 -528.07 223.51 -0.21 -0.43 0.57 0.07 0.56 0.99 0.66
18.00 39.76 -179.04 681.66 -284.50 -0.92 -0.87 0.23 0.75 0.77 0.61 0.91
10.00 10.20 -123.64 96.88 140.71 -0.76 0.50 0.41 0.75 0.43 0.37 0.57
16.00 42.76 484.75 335.97 170.98 0.37 0.78 -0.95 0.51 0.69 0.24 0.40
14.00 8.92 -77.38 -89.57 234.96 0.26 -0.11 0.60 0.15 0.79 0.73 0.45
12.00 8.61 570.16 2.50 -411.09 -0.02 -0.12 -0.13 0.57 0.81 0.60 0.73
6.00 4.65 -134.04 -400.87 -59.33 0.82 0.06 -0.13 0.04 0.21 0.19 0.67
15.00 67.44 40.76 13.87 223.56 0.11 0.75 -0.77 0.20 0.87 0.88 0.57
7.00 0.13 115.19 240.02 -48.86 0.90 0.52 -0.81 0.67 0.85 0.21 0.89
10.00 7.16 77.48 554.88 -381.66 -0.08 0.63 0.36 0.79 0.17 0.69 0.57
29.00 38.46 -395.10 319.65 431.85 0.32 0.83 -0.48 0.97 0.39 0.05 0.60
5.00 6.97 685.67 20.09 359.65 -0.47 0.56 0.67 0.75 0.90 0.86 0.23
8.00 11.35 -282.45 107.55 216.41 0.07 0.29 0.33 0.30 0.28 0.55 0.62
6.00 11.21 -326.25 616.53 -40.15 0.79 -0.96 -0.79 0.11 0.43 0.78 0.89
6.00 4.82 249.19 -265.04 -66.70 0.77 -0.01 0.52 0.01 0.48 0.97 0.50
8.00 4.62 -710.20 238.84 94.00 0.49 0.35 0.62 0.03 0.52 0.14 0.22
6.00 7.44 -94.90 -627.51 -209.19 -0.01 0.19 -0.61 0.37 0.70 0.24 0.93
12.00 39.54 1.51 -676.20 156.69 -0.79 -0.78 -0.54 0.44 0.56 0.83 0.70
5.00 5.72 -421.42 -190.96 -216.89 -0.60 0.68 0.36 0.28 0.84 0.83 0.91
12.00 11.05 -722.28 23.39 109.51 0.82 -0.92 -0.75 0.79 0.00 0.71 0.17
5.00 0.65 -458.05 444.62 236.66 -0.92 -0.95 -0.89 0.43 0.60 0.77 0.37
11.00 28.83 76.84 193.93 124.72 0.31 -0.78 -0.45 0.55 0.07 0.31 0.77
6.00 3.73 -245.66 239.70 -721.12 0.32 0.09 0.94 0.98 0.99 0.51 0.71
13.00 10.22 215.59 -94.23 -4.29 -0.02 -0.80 -0.35 0.35 0.66 0.82 0.42
7.00 4.98 -487.64 -285.78 26.09 0.18 0.90 0.94 0.45 0.60 0.65 0.28
14.00 24.81 -56.27 402.10 422.75 -0.01 -0.62 -0.13 0.36 0.56 0.67 0.17
8.00 4.11 -384.23 -66.47 -326.68 0.43 0.58 0.98 0.50 0.61 0.28 0.63
5.00 0.80 -320.33 -346.61 -628.67 -0.32 0.62 0.54 0.42 0.87 0.11 0.31
8.00 0.43 -400.15 -387.35 327.03 0.97 -0.35 -0.18 0.59 0.65 0.53 0.57
7.00 14.01 -311.50 652.95 -5.90 -0.54 0.89 -0.83 0.59 0.33 0.33 0.37
8.00 7.59 471.85 185.78 275.29 -0.40 -0.13 0.92 0.73 0.91 0.82 0.09
7.00 15.27 163.71 -499.15 -521.29 -0.41 0.53 0.29 0.56 0.47 0.95 0.38
11.00 34.58 459.80 335.59 -474.82 -0.75 0.34 0.57 0.91 0.23 0.09 0.53
5.00 5.64 -31.11 -549.87 481.36 -0.83 -0.48 0.45 0.32 0.85 0.64 0.57
21.00 59.66 -261.87 -133.94 -742.42 -0.33 -0.06 0.06 0.17 0.06 0.32 0.33
7.00 5.71 147.27 -450.49 625.23 0.61 0.70 -0.28 0.90 0.36 0.42 0.33
10.00 19.66 -269.71 361.03 115.87 -0.70 0.29 -0.56 0.51 0.13 0.45 0.53
23.00 68.79 359.94 240.21 268.42 -0.34 -0.75 0.63 0.48 0.85 0.09 0.61
6.00 7.51 302.05 121.04 -341.01 -0.46 -0.96 0.76 0.60 0.78 0.18 0.01
15.00 32.43 -149.91 -103.15 -217.54 0.85 0.15 0.21 0.82 0.58 0.52 0.26
7.00 2.52 -19.89 -503.42 -142.54 0.97 0.68 -0.42 0.07 0.38 0.34 0.05
6.00 4.47 629.41 67.50 104.35 -0.67 -0.51 -0.37 0.30 0.94 0.00 0.03
10.00 7.21 58.43 -356.55 -274.17 -0.36 -0.60 0.71 0.89 0.16 0.25 0.17
8.00 17.08 13.05 -218.69 483.20 -0.15 0.16 -0.74 0.06 0.70 0.51 0.53
14.00 36.63 350.27 -372.43 -14.34 -0.09 -0.70 0.97 0.96 0.16 0.72 0.12
16.00 42.03 -145.90 273.53 -502.36 -0.50 0.17 0.02 0.35 0.68 0.40 0.72
16.00 78.21 -558.67 -272.63 279.75 -0.78 0.86 0.43 0.45 0.48 0.47 0.05
7.00 11.51 202.70 -280.45 -169.28 -0.15 0.74 -0.75 0.09 0.41 0.98 0.06
21.00 30.64 14.03 165.34 -297.05 0.08 0.58 0.02 0.35 0.55 0.34 0.67
9.00 3.75 325.67 -78.22 222.94 -0.78 0.48 -0.38 0.95 0.98 0.84 0.41
9.00 17.88 677.90 168.77 258.02 -0.10 -0.96 -0.10 0.07 0.48 0.76 0.11
16.00 69.23 -583.50 189.88 -223.71 0.27 -0.64 -0.10 0.52 0.18 0.41 0.96
12.00 35.35 180.12 -676.69 -169.81 -0.68 -0.60 0.84 0.59 0.26 0.65 0.24
17.00 63.97 -522.06 -221.28 -294.92 -0.50 0.19 -0.40 0.03 0.95 0.70 0.60
6.00 10.10 508.90 -49.55 341.93 -0.56 0.14 -0.07 0.04 0.24 0.64 0.66
24.00 43.34 85.70 203.75 396.74 -0.17 0.87 0.46 0.77 0.39 0.62 0.34
5.00 5.62 -458.96 -9.17 -311.06 0.99 0.20 0.64 0.87 0.34 0.61 0.89
13.00 1.44 -125.45 -554.59 25.15 -0.10 0.24 -0.95 0.44 0.61 0.23 0.17
8.00 1.04 -123.03 600.49 -323.55 0.39 0.04 -0.86 0.28 0.95 0.14 0.99
16.00 29.41 227.09 170.56 -512.68 -0.91 -0.03 0.41 0.89 0.80 0.21 0.41
22.00 25.25 266.10 -212.30 -676.29 -0.72 0.20 0.50 0.90 0.24 0.11 0.95
17.00 86.23 -194.49 -592.31 -201.68 -0.33 -0.61 -0.08 0.46 0.79 0.23 0.28
7.00 5.74 325.41 -82.60 281.70 -0.14 0.54 -0.44 0.95 0.98 0.67 0.55
14.00 52.73 -466.00 -62.63 -249.49 -0.67 -0.35 0.97 0.35 0.04 0.76 0.73
5.00 0.01 148.76 261.19 -685.57 0.24 -0.43 -0.74 0.17 0.58 0.42 0.87
11.00 10.41 529.72 -427.32 213.86 0.20 0.11 0.07 0.47 0.61 0.93 0.93
8.00 4.48 -192.80 -154.34 205.06 0.17 -0.20 -0.33 0.48 0.07 1.00 1.00
11.00 0.99 -530.96 -131.94 299.26 0.31 0.17 -0.00 0.56 0.32 0.82 0.05
28.00 177.48 -434.54 -481.50 428.21 -0.06 -0.82 0.58 0.71 0.04 0.64 0.34
24.00 105.07 -365.57 448.54 349.06 -0.58 0.62 0.93 0.00 0.04 0.57 0.61
5.00 1.48 -497.85 381.01 -334.77 -0.90 -0.26 0.08 0.41 0.12 0.75 0.72
37.00 142.15 -418.40 44.45 200.77 -0.70 -0.52 0.62 0.09 0.10 0.13 0.68
20.00 99.11 -160.84 510.22 456.03 -0.13 0.72 -0.67 0.27 0.90 0.65 0.87
9.00 0.18 701.80 -210.10 -80.01 0.07 -0.00 -0.21 0.20 0.14 0.71 0.79
38.00 335.63 -667.32 -268.02 -288.05 -0.50 -0.74 0.27 0.38 0.46 0.30 0.73
20.00 7.42 -399.94 -504.04 -25.50 0.45 1.00 -0.81 0.73 0.87 0.35 0.58
11.00 20.64 -270.54 -150.50 701.87 0.28 0.37 0.93 0.40 0.30 0.50 0.54
7.00 14.09 169.03 166.61 62.68 0.13 0.07 0.30 0.11 0.78 0.95 0.63
6.00 10.95 650.57 294.28 -26.53 0.14 -0.55 -0.83 0.00 0.35 0.30 0.76
13.00 15.21 -156.11 53.74 703.40 -0.90 0.98 0.36 0.65 0.12 0.50 0.87
25.00 19.51 574.19 256.22 -2.82 0.93 0.38 0.35 0.61 0.32 0.93 0.86
19.00 5.61 561.80 -394.89 67.22 0.35 -0.89 -0.00 0.35 0.34 0.42 0.80
8.00 12.48 303.56 -117.42 -344.89 -0.15 -0.51 -0.96 0.90 0.85 0.71 0.26
15.00 31.71 767.00 61.14 141.72 0.28 -0.32 -0.26 0.75 0.34 0.16 0.66
10.00 27.76 189.04 -175.75 331.07 0.65 -0.95 0.39 0.44 0.23 0.91 0.19
8.00 13.32 480.40 384.62 -215.90 -0.20 -0.50 0.19 0.88 0.67 0.72 0.66
7.00 3.15 97.47 512.81 381.10 -0.42 0.36 -0.27 0.26 0.40 0.47 0.43
9.00 20.99 146.76 414.75 -285.64 -0.53 -0.29 -0.31 0.59 0.55 0.13 0.92
9.00 0.53 -127.61 25.69 -783.05 -0.46 -0.93 0.65 0.17 0.61 0.76 0.74
9.00 20.79 96.25 -432.03 -628.59 0.20 0.42 -0.83 0.57 0.85 0.89 0.95
5.00 5.48 393.73 179.64 -564.98 -0.33 0.68 -0.16 0.92 0.12 0.74 0.05
25.00 23.48 -81.05 -448.28 429.77 0.04 0.39 -0.48 0.85 0.58 0.51 0.28
11.00 26.39 -274.97 -53.04 589.00 0.11 -0.01 0.57 0.83 0.91 0.77 0.74
9.00 25.30 30.54 -141.91 -549.32 0.53 -0.88 0.83 0.30 0.28 0.96 0.61
5.00 5.76 175.71 627.52 -350.58 0.09 0.94 0.25 0.99 0.04 0.96 1.00
17.00 72.48 610.58 -301.67 -164.74 0.37 0.73 0.99 0.98 0.58 0.75 0.63
8.00 11.92 -609.78 -46.52 -409.39 -0.78 0.15 0.91 0.27 0.41 0.18 0.47
8.00 9.85 -535.86 88.86 -368.21 -0.42 -0.51 0.23 0.54 0.26 0.73 0.15
7.00 1.04 362.06 -453.67 520.61 -0.21 0.83 -0.05 0.51 0.71 0.34 0.88
10.00 29.09 20.66 106.94 119.09 0.58 -0.52 -0.90 0.63 0.49 0.40 0.72
18.00 78.32 -184.54 511.09 -326.45 -0.45 -0.08 -0.85 0.18 0.38 0.50 0.52
5.00 6.40 233.64 345.33 -364.19 0.86 -0.85 0.85 0.04 0.07 0.69 0.03
9.00 4.55 316.06 -375.17 -558.01 -0.77 0.87 -0.07 0.70 0.15 0.22 0.80
21.00 27.66 28.59 358.58 319.50 0.59 0.58 0.77 0.93 0.87 0.57 0.56
16.00 57.48 421.99 -233.44 -25.88 -0.13 0.54 0.96 0.81 0.79 0.93 0.90
9.00 8.01 -294.96 674.71 -11.45 0.40 0.90 0.60 0.55 0.01 0.38 0.28
9.00 9.86 -388.43 150.28 -564.87 0.97 0.13 0.53 0.35 0.62 0.96 0.89
6.00 2.06 -68.91 -127.35 149.39 0.02 -0.62 0.18 0.92 0.19 0.47 0.20
10.00 4.19 -223.91 -122.87 -118.97 0.18 0.31 -0.69 0.71 0.64 0.35 0.45
6.00 8.24 345.03 488.32 106.10 0.10 -0.08 0.10 0.78 0.17 0.28 0.85
36.00 19.94 681.59 176.74 -239.97 0.96 -0.84 0.71 0.52 0.91 0.32 0.09
16.00 3.41 66.53 -375.21 236.35 -0.23 -0.11 -0.65 0.77 0.85 0.61 0.62
35.00 179.70 356.69 -126.50 -250.66 0.10 0.23 -0.40 0.03 0.98 0.38 0.40
5.00 6.92 531.79 -348.66 246.46 0.79 -0.80 -0.47 0.32 0.42 0.48 0.34
12.00 26.24 563.94 121.17 392.48 -0.18 0.73 0.61 0.69 0.75 0.80 0.29
16.00 23.18 -457.07 11.40 117.10 0.02 -0.12 0.12 0.12 0.36 0.38 0.88
10.00 25.80 -54.96 -522.89 65.79 -0.11 0.94 0.49 0.79 0.38 0.83 0.16
6.00 9.81 610.75 260.15 -397.46 -0.54 -0.55 -0.26 0.74 0.31 0.73 0.16
12.00 4.26 254.59 504.15 115.24 0.16 -0.48 -0.07 0.86 0.81 0.15 0.98
17.00 47.77 -24.30 134.21 100.43 0.52 0.02 0.19 0.48 0.48 0.85 0.52
9.00 8.35 -338.06 -620.18 -104.22 -0.12 -0.85 0.56 0.21 0.34 0.65 0.06
15.00 43.47 177.92 292.08 547.91 0.66 0.08 -0.11 0.12 0.54 0.98 0.90
16.00 15.21 315.02 524.55 348.88 -0.91 0.42 -1.00 0.24 0.05 0.92 0.62
7.00 9.44 21.25 -511.44 13.86 0.73 0.64 0.96 0.17 0.84 0.23 0.01
6.00 8.11 423.58 406.37 -537.97 -0.26 -0.32 -0.95 0.94 0.09 0.93 0.24
11.00 10.96 -135.41 608.55 313.58 -0.01 -0.08 0.15 0.95 0.77 0.45 0.55
11.00 9.98 401.67 150.74 634.64 0.42 -0.05 0.15 0.51 0.11 0.40 0.37
12.00 20.67 -299.97 -726.75 143.41 -0.19 0.14 -0.20 0.66 0.09 0.14 0.75
9.00 8.11 605.44 49.80 -401.98 0.68 0.53 -0.64 0.84 0.86 0.63 0.94
23.00 39.40 252.86 -67.07 212.25 -0.35 -0.52 0.86 0.46 0.49 0.22 0.82
13.00 9.60 708.77 354.73 79.10 -0.88 0.21 -0.19 0.26 0.46 0.13 0.95
14.00 21.39 -234.63 441.28 614.86 0.51 0.29 0.63 0.49 0.06 0.75 0.67
12.00 24.97 502.89 206.13 162.21 -0.44 0.46 -0.84 0.42 0.77 0.47 0.42
15.00 23.47 744.63 131.04 231.71 -0.95 -0.49 -0.72 0.95 0.45 0.30 0.42
13.00 26.71 241.28 293.51 630.15 -0.28 0.34 -0.99 0.89 0.17 0.64 0.86
7.00 7.21 105.09 -324.75 -189.13 0.52 0.18 -0.91 0.33 0.29 0.66 0.71
31.00 201.97 218.27 46.14 -436.89 -0.52 -0.63 0.11 0.07 0.70 0.32 0.52
18.00 90.36 -523.09 402.38 119.14 -0.03 -0.18 0.16 0.15 0.52 0.64 0.26
11.00 4.67 460.18 430.52 277.46 -0.73 -0.37 -0.27 0.89 0.92 0.02 0.56
15.00 49.27 -291.67 -243.69 650.12 -0.12 0.83 -0.86 0.93 0.84 0.50 0.24
17.00 17.87 -430.00 -564.62 219.79 0.68 0.19 0.33 0.55 0.46 0.57 0.89
6.00 6.96 669.75 -267.38 148.40 0.04 -0.84 -0.98 0.04 0.72 0.85 0.42
5.00 3.12 101.79 616.12 350.98 0.92 0.74 -0.74 0.45 0.38 0.82 0.38
20.00 59.36 -613.78 280.83 -415.13 -0.26 -0.57 0.40 0.18 0.78 0.91 0.79
14.00 49.84 477.79 140.02 -142.90 0.08 0.14 -0.56 0.89 0.40 0.73 0.34
15.00 59.98 -155.77 -671.84 -203.34 -0.24 0.33 0.73 0.29 0.62 0.17 0.67
7.00 1.85 336.70 528.83 145.98 -0.36 0.72 -0.32 0.10 0.10 0.36 0.77
24.00 178.19 226.57 393.87 -371.04 0.25 -0.43 0.32 0.77 0.99 0.64 0.84
10.00 22.33 -186.54 86.08 712.21 -0.24 -0.75 0.59 0.23 0.86 0.73 0.69
7.00 4.72 453.70 -152.94 -427.80 -0.07 0.05 0.89 0.30 0.84 0.24 0.23
6.00 7.02 -337.42 -247.20 -166.59 -0.11 0.52 0.65 0.07 0.10 0.67 0.16
8.00 13.99 454.37 -170.03 -135.59 0.10 -0.57 -0.30 0.58 0.29 0.29 0.51
10.00 27.79 105.52 -320.00 -220.67 0.92 0.56 -0.52 0.36 0.32 0.58 0.83
6.00 1.00 49.32 526.46 -22.00 -0.78 -0.94 -0.36 0.58 0.85 0.78 0.36
16.00 42.02 611.77 385.88 -73.42 -0.97 0.33 -0.71 0.08 0.96 0.49 0.42
14.00 7.94 -2.43 207.31 161.25 -0.62 -0.60 0.48 0.50 0.79 0.21 0.95
9.00 10.13 498.94 -8.74 410.12 0.56 0.43 0.91 0.50 0.33 0.21 0.48
9.00 17.48 24.51 325.38 258.72 -0.46 0.48 -0.23 0.43 0.79 0.80 0.17
5.00 3.66 -187.14 -285.35 -441.85 0.15 -0.22 -0.78 0.53 0.67 0.66 0.11
8.00 5.50 -108.28 391.71 108.93 -0.74 -0.77 0.47 0.59 0.33 0.89 0.49
17.00 90.01 280.18 -287.78 -660.42 -0.27 0.68 0.32 0.79 0.44 0.96 0.51
8.00 6.16 566.55 81.32 257.24 0.66 -0.06 -0.07 0.77 0.03 0.90 0.53
12.00 24.64 -2.41 39.75 676.87 0.21 0.90 0.43 0.22 0.03 0.75 0.64
31.00 289.48 -601.77 507.90 -43.39 -0.20 -0.79 0.72 0.59 0.86 0.19 0.66
7.00 5.66 -73.30 380.04 152.43 0.82 0.47 0.05 0.09 0.27 0.90 0.87
7.00 1.45 141.81 543.63 -462.87 0.42 -0.52 -0.25 0.44 0.51 0.81 0.29
10.00 26.95 -477.08 -526.83 -146.35 0.86 -0.57 -0.79 0.81 0.80 0.14 0.57
11.00 26.51 15.48 -589.29 177.06 0.23 -0.76 -0.30 0.53 0.51 0.58 0.50
9.00 13.29 -286.47 -266.69 -161.15 0.67 0.73 -0.55 0.87 0.79 0.91 0.04
16.00 15.38 -20.69 -482.34 103.24 -0.45 0.45 -0.47 0.18 0.50 0.25 0.81
5.00 3.17 -391.30 220.44 119.40 -0.77 0.06 -0.80 0.79 0.33 0.43 0.04
5.00 3.75 -223.35 -277.66 456.69 0.01 0.58 -0.38 0.80 0.68 0.40 0.72
24.00 96.00 -152.61 132.58 -517.70 -0.49 0.35 0.89 0.40 0.47 0.14 0.64
5.00 5.49 23.03 -408.89 -440.43 -0.95 -0.32 0.89 0.28 0.44 0.37 0.24
5.00 6.36 -682.29 -31.75 -181.40 -0.87 0.96 -0.79 0.72 0.11 0.95 0.83
15.00 55.35 -446.51 271.63 -552.63 -0.85 0.06 0.53 0.68 0.90 0.11 0.49
5.00 7.17 441.00 351.25 -286.99 -0.89 -0.49 0.43 0.96 0.48 0.71 0.71
10.00 8.97 -93.89 167.80 -600.08 0.97 -0.02 -0.85 0.07 0.37 0.08 0.91
11.00 5.03 362.57 144.72 -180.10 -0.33 0.90 0.69 0.84 0.44 0.11 0.38
29.00 86.71 -16.67 320.03 316.01 -0.91 -0.48 -0.44 0.00 0.26 0.69 0.74
5.00 1.90 275.45 578.25 -423.48 0.39 0.64 -0.55 0.42 0.43 0.80 0.53
37.00 138.35 -195.39 428.79 449.36 -0.39 -0.69 0.65 0.01 0.90 0.70 0.63
5.00 3.16 624.83 322.62 -285.03 0.67 -0.70 0.78 0.39 0.08 0.22 0.47
14.00 39.89 287.03 140.90 -230.83 0.11 0.75 -0.18 0.46 0.39 0.14 0.79
14.00 7.64 -384.90 -332.26 240.43 0.65 0.63 -0.15 0.13 0.04 0.96 0.40
20.00 96.58 -321.51 115.09 -5.48 0.11 0.42 0.86 0.61 0.62 0.42 0.83
17.00 39.90 -304.57 -448.21 318.18 -0.04 0.06 1.00 0.77 0.73 0.24 0.00
9.00 17.15 80.87 -474.00 378.29 0.95 -0.05 0.39 0.47 0.23 0.07 0.58
9.00 22.94 -61.09 -212.75 -193.13 0.42 -0.75 -0.01 0.56 0.11 0.53 0.43
9.00 6.57 -487.30 130.63 313.43 0.75 -0.84 0.29 0.21 0.68 0.63 0.28
7.00 14.45 -118.86 96.77 -185.47 -0.39 -0.32 0.54 0.28 0.15 0.93 0.54
6.00 8.72 48.36 -42.24 -668.94 0.66 0.77 -0.04 0.12 0.47 0.79 0.96
5.00 7.44 414.96 464.95 461.78 0.42 -0.39 -0.98 0.30 0.25 0.16 0.59
6.00 6.89 114.67 309.75 268.86 -0.43 0.27 -0.02 0.62 0.77 0.29 0.75
15.00 65.57 -29.04 -140.88 -180.02 0.33 0.52 0.20 0.81 0.64 0.50 0.20
7.00 5.67 421.25 -341.78 -446.35 0.21 -0.95 0.49 0.52 0.40 0.29 0.47
8.00 16.72 -411.50 -89.28 464.00 0.20 -0.80 0.63 0.83 0.49 0.42 0.56
14.00 18.81 7.03 501.94 580.51 -0.18 0.87 0.60 0.13 0.74 0.96 0.82
20.00 122.29 -217.87 -252.95 -386.84 0.07 -0.87 -0.38 0.04 0.63 0.92 0.07
10.00 21.74 -316.32 461.46 477.41 -0.67 0.31 0.44 0.66 0.73 0.34 0.99
9.00 5.53 172.66 305.79 424.80 -0.12 -0.00 0.56 0.89 0.41 0.32 0.59
6.00 8.47 -267.14 403.32 272.25 -0.16 -0.17 0.76 0.16 0.01 0.91 0.79
12.00 39.82 -553.20 -399.22 302.67 -0.26 0.59 -0.70 0.78 0.51 0.06 0.49
7.00 11.38 294.91 -375.49 615.75 -0.84 0.99 0.70 0.15 0.44 0.41 0.04
5.00 4.45 -67.69 241.97 -243.13 0.61 0.50 0.99 0.85 0.63 0.09 0.57
17.00 49.84 513.92 -14.13 -231.15 0.47 0.47 0.10 0.26 0.50 0.22 0.92
15.00 31.45 -170.52 560.58 -472.15 -0.71 -0.17 -0.71 0.24 0.51 0.38 0.53
9.00 7.66 547.77 197.26 -9.88 0.15 0.43 0.39 0.96 0.84 0.11 0.11
8.00 14.15 138.37 718.96 -317.49 0.03 0.47 -0.02 0.70 0.48 0.90 0.81
17.00 5.33 546.41 -10.24 277.65 0.34 0.44 -0.69 0.42 0.08 0.29 0.77
29.00 145.42 -391.51 399.70 92.38 -0.75 -0.36 -0.04 0.27 0.26 0.77 0.62
20.00 106.48 598.21 -335.39 65.89 0.84 0.51 -0.16 0.96 0.03 0.12 0.78
6.00 0.05 -482.79 478.34 338.17 -0.94 -0.04 0.59 0.76 0.29 0.92 0.54
15.00 68.44 -379.27 -144.37 21.06 -0.05 0.64 0.15 0.80 0.31 0.17 0.73
13.00 40.60 -0.91 -626.27 274.23 0.18 0.41 0.20 0.96 0.14 0.47 0.24
12.00 7.66 173.04 376.48 114.86 -0.37 -0.71 -0.98 0.13 0.04 0.26 0.23
9.00 9.89 -280.83 -290.44 146.44 -0.49 -0.93 -0.21 0.36 0.80 0.48 0.86
7.00 2.27 -459.39 190.62 -186.32 -1.00 0.53 0.17 0.44 0.46 0.62 0.82
5.00 0.42 155.49 -711.42 -113.93 0.25 -0.88 0.93 0.19 0.64 0.47 0.59
10.00 25.53 32.47 525.57 243.93 -0.62 0.52 0.51 0.55 0.01 0.71 0.36
24.00 86.42 -67.21 -378.20 -317.87 -0.31 -0.77 -0.07 0.92 0.47 0.66 0.04
8.00 16.62 291.42 255.16 161.69 0.08 0.98 -0.53 0.47 0.02 0.04 0.48
12.00 43.25 100.16 -378.24 -264.52 0.82 -0.88 -0.63 0.32 0.83 0.15 0.37
14.00 31.02 197.76 683.42 342.14 0.35 0.14 0.62 0.39 0.67 0.66 0.03
8.00 11.40 -459.55 -405.86 -288.12 0.80 0.97 -0.61 0.19 0.13 0.96 0.08
25.00 16.72 -377.64 -309.20 -475.56 -0.06 0.03 0.33 0.62 0.26 0.33 0.55
15.00 1.41 -373.72 -220.00 512.77 0.10 -0.11 0.80 0.35 0.53 0.35 0.87
7.00 3.65 -112.31 597.87 -435.41 -0.05 -0.47 -0.05 0.14 0.19 0.73 0.67
5.00 1.30 280.92 -444.15 516.30 -0.55 0.74 -0.75 0.38 0.20 0.97 0.37
12.00 40.13 309.62 -305.94 -67.79 -0.75 0.69 0.17 0.03 0.90 0.52 0.82
9.00 0.22 439.94 -403.69 495.31 -0.04 0.23 -0.87 0.80 0.70 0.56 0.57
23.00 143.49 653.55 -92.80 -257.85 0.48 0.96 0.51 0.13 0.00 0.27 0.34
26.00 43.33 450.47 -499.52 -99.97 0.20 -0.97 0.32 0.72 0.18 0.19 0.97
15.00 48.11 587.86 -256.98 -169.93 -0.78 0.48 0.69 0.89 0.64 0.95 0.28
15.00 19.09 540.43 -156.69 180.96 0.97 0.78 0.88 0.72 0.59 0.45 0.46
12.00 21.53 -298.02 378.44 -30.66 -0.83 0.49 -0.64 0.35 0.61 0.59 0.48
10.00 4.30 -79.23 -379.20 -603.88 0.82 -0.91 0.93 0.75 0.52 0.84 0.04
9.00 17.18 438.02 -85.70 -511.97 0.61 0.40 0.41 0.79 0.06 0.28 0.71
8.00 18.43 364.81 410.33 314.92 -0.39 -0.36 -0.25 0.48 0.55 0.35 0.78
13.00 11.54 -248.82 583.21 276.73 0.11 0.18 0.27 0.58 0.46 0.13 0.13
18.00 41.89 -261.11 353.52 261.17 0.24 0.86 0.95 0.46 0.07 0.38 0.14
6.00 9.59 -279.13 342.30 -6.01 -0.33 -0.11 0.51 0.98 0.68 0.92 0.01
13.00 39.78 434.99 -50.82 -385.78 -0.35 0.31 -0.70 0.09 0.82 0.49 0.08
17.00 33.89 2.50 53.16 -516.40 0.51 -0.41 0.13 0.58 0.11 0.24 0.32
15.00 60.64 98.46 195.40 -137.74 0.72 -0.73 -0.93 0.60 0.07 0.47 0.29
24.00 20.30 -49.06 209.46 335.39 -0.09 -0.37 -0.75 0.98 0.22 0.55 0.22
7.00 0.00 301.26 203.24 -568.50 -0.22 -0.08 -0.71 0.37 0.06 0.05 0.86
8.00 5.75 704.16 -179.75 172.62 0.42 0.97 -0.86 0.12 0.05 0.49 0.02
8.00 15.52 435.45 275.51 179.62 0.77 0.83 0.38 0.76 0.87 0.70 0.37
13.00 32.14 577.49 -247.40 239.54 -0.80 -0.42 0.68 0.85 0.24 0.69 0.46
6.00 3.66 57.64 -316.26 706.65 -0.72 0.79 -0.92 0.16 0.16 0.89 0.11
19.00 31.16 -46.11 701.10 209.26 -0.87 -0.69 0.92 0.97 0.97 0.97 0.03
20.00 74.98 -423.50 -278.54 90.22 -0.92 -0.84 0.18 0.94 0.59 0.45 0.84
22.00 122.57 -325.11 575.54 -372.20 -0.79 0.35 -0.69 0.80 0.58 0.10 0.67
6.00 6.00 -648.61 436.76 0.05 -0.31 -0.09 0.36 0.76 0.75 0.42 0.94
6.00 4.09 91.42 1.90 -285.65 0.26 0.15 -0.66 0.67 0.56 0.00 0.57
6.00 0.99 -241.41 -575.28 -266.11 0.65 0.70 -0.29 0.98 0.24 0.77 0.28
7.00 6.19 -688.74 -174.46 -16.08 -0.06 -0.28 -0.89 0.15 0.07 0.20 0.35
10.00 1.68 360.56 -593.38 -108.64 0.80 0.88 -0.87 0.11 0.89 0.57 0.11
14.00 26.58 49.15 532.51 -547.98 -1.00 -0.30 -0.42 0.92 0.74 0.87 0.94
12.00 32.46 27.73 224.62 477.52 0.38 0.29 -1.00 0.85 0.14 0.26 0.40
9.00 24.02 -70.89 107.64 -487.45 -0.34 0.16 -0.33 0.77 0.54 0.32 0.08
14.00 10.77 -513.34 -91.83 97.24 -0.63 0.05 0.70 0.80 0.50 0.02 0.21
14.00 22.83 292.26 -414.39 -165.37 0.76 0.15 0.67 0.67 0.61 0.45 0.75
21.00 54.64 550.26 -166.56 -526.88 -0.32 -0.06 0.76 0.03 0.20 0.01 0.19
7.00 7.38 427.25 -25.25 419.53 0.46 -0.61 -0.41 0.70 0.09 0.29 0.36
5.00 1.85 271.51 -147.68 182.54 -0.83 0.10 0.86 0.60 0.81 0.24 0.38
13.00 46.68 -294.75 211.39 175.32 -0.76 -0.88 0.21 0.40 0.46 0.67 0.04
14.00 58.40 -320.20 -21.23 36.90 0.88 0.59 -0.46 0.06 0.49 0.24 0.69
10.00 0.87 -500.13 246.89 332.80 -0.13 0.77 0.37 0.77 0.49 0.84 0.62
10.00 8.38 199.98 61.76 -267.62 0.97 -0.93 0.64 0.43 0.25 0.50 0.95
7.00 5.27 -93.41 479.77 122.26 0.10 -0.55 0.71 0.35 0.94 0.28 0.34
6.00 7.96 648.46 -119.36 -316.24 0.14 0.16 -0.29 0.81 0.53 0.89 0.91
7.00 8.27 63.57 -345.02 267.29 0.00 -0.60 0.12 0.77 0.12 0.70 0.27
15.00 20.35 590.25 -266.77 -43.90 0.81 0.89 -0.38 0.44 0.80 0.83 0.74
23.00 91.48 96.75 -240.46 103.49 -0.05 0.17 -0.97 0.92 0.12 0.39 0.23
9.00 21.48 755.03 211.73 -11.49 0.65 -0.38 -0.90 0.56 0.39 0.19 0.78
6.00 2.42 561.79 -164.78 -485.49 0.76 0.47 -0.73 0.15 0.53 0.21 0.86
34.00 165.46 -201.86 13.27 -714.58 -0.42 0.03 -0.62 0.39 0.42 0.58 0.97
18.00 26.05 18.79 -363.78 -429.83 0.58 -0.60 0.54 0.77 0.57 0.33 0.63
12.00 29.95 166.07 -694.67 283.62 0.67 0.64 -0.30 0.30 0.02 0.01 0.08
6.00 4.44 -297.63 -710.05 116.70 -0.41 0.30 -0.76 0.41 0.72 0.87 0.76
11.00 25.03 517.97 -292.34 436.36 0.67 -0.20 -0.67 0.87 0.53 0.33 0.16
10.00 28.35 -256.21 218.62 -259.86 -0.98 -0.03 0.72 0.65 0.71 0.62 0.58
10.00 22.91 99.61 -519.44 -331.33 0.34 -0.89 -0.14 0.78 0.38 0.78 0.60
13.00 16.63 -333.89 -415.91 -509.75 -0.14 0.38 0.44 0.90 0.12 0.97 0.22
6.00 4.43 -168.25 250.16 323.10 0.29 -0.72 -0.74 0.77 0.00 0.97 0.82
13.00 35.54 -54.94 154.40 -129.45 -0.56 0.09 -0.14 0.17 0.42 0.10 0.43
10.00 14.26 71.95 226.09 731.76 -0.40 -0.81 -0.03 0.96 0.22 0.34 0.57
7.00 9.23 52.48 289.82 -67.89 -0.96 -0.86 0.14 0.98 0.50 0.78 0.95
6.00 8.68 181.55 -721.16 -236.53 -0.01 0.63 -0.52 0.19 0.54 0.08 0.56
6.00 1.69 43.67 -357.82 239.35 0.12 -0.88 -0.96 0.29 0.14 0.82 0.09
5.00 3.03 6.23 301.75 17.25 0.67 -0.42 0.52 0.93 0.10 0.09 0.94
10.00 17.88 717.80 -81.22 -25.41 0.61 -0.87 -0.16 0.60 0.01 0.37 0.49
16.00 38.55 79.35 14.09 -674.16 0.70 0.91 -0.30 0.39 0.55 0.99 0.59
5.00 5.60 -159.97 525.52 -153.55 0.70 -0.57 -0.04 0.86 0.96 0.34 0.43
10.00 0.91 49.74 -134.65 -512.31 1.00 0.37 0.41 0.46 0.11 0.65 1.00
6.00 2.18 262.88 -275.94 -416.62 -0.10 -0.22 0.38 0.01 0.27 0.64 0.40
17.00 51.90 -478.20 138.71 443.16 -0.45 -0.75 -0.66 0.61 0.38 0.90 0.21
15.00 22.90 -178.68 223.31 -282.49 -0.23 -0.09 -0.23 0.94 0.93 0.09 0.41
12.00 14.46 -445.25 33.76 521.55 -0.02 -0.39 0.00 0.22 0.35 0.95 0.06
5.00 2.08 -447.80 468.51 -178.05 0.85 0.10 0.91 0.84 0.52 0.37 0.40
10.00 3.64 278.66 -511.94 532.92 -0.32 -0.62 -0.54 0.08 0.47 0.10 0.39
27.00 82.78 -220.64 128.66 -511.10 0.04 -0.63 -0.11 0.65 0.26 0.68 0.40
7.00 10.20 333.15 -64.65 -594.15 0.33 -0.50 -0.00 0.60 0.02 0.99 0.84
10.00 2.73 -89.07 -305.22 476.70 -0.49 -0.61 -0.77 0.88 0.40 0.90 0.50
8.00 0.45 -70.46 195.44 -627.57 0.11 0.84 0.72 0.41 0.95 0.70 0.95
13.00 28.56 -287.09 -614.82 -385.64 -0.17 -0.00 -0.37 0.20 0.59 0.27 0.67
8.00 13.40 103.85 -179.80 246.36 0.47 0.33 0.75 0.35 0.53 0.26 0.84
12.00 14.47 333.85 449.09 -271.93 0.01 0.08 -0.71 0.83 0.38 0.67 0.82
7.00 13.30 -284.58 -411.48 101.00 0.03 -0.41 0.79 0.78 0.03 0.47 0.06
5.00 5.46 501.96 -311.45 -452.91 -0.87 -0.98 0.25 0.58 0.14 0.29 0.38
6.00 11.27 -184.66 611.30 -61.43 -0.93 0.88 0.91 0.81 0.02 0.75 0.80
16.00 53.35 -61.62 658.39 -219.47 0.54 0.25 -0.30 0.10 0.85 0.18 0.41
12.00 16.68 -559.61 -131.41 403.08 -0.76 -0.49 -0.71 0.85 0.71 0.21 0.55
17.00 83.90 -505.55 244.83 -162.54 -0.64 -0.78 0.42 0.24 0.93 0.82 0.94
6.00 1.43 -130.16 160.63 -684.16 -0.01 -0.48 -0.29 0.88 0.74 0.81 0.18
7.00 11.01 -60.24 180.91 587.15 0.29 0.10 -0.74 0.37 0.63 0.48 0.64
5.00 4.46 383.38 -492.49 -332.82 -0.09 0.75 0.27 0.15 0.98 0.09 0.03
10.00 20.21 240.88 201.62 -502.06 -0.89 -0.48 -0.40 0.42 0.15 0.29 0.01
5.00 5.96 383.11 438.18 -333.76 0.96 -0.38 0.38 0.91 0.08 0.48 0.96
5.00 5.02 192.56 552.42 190.65 0.80 0.63 0.59 0.97 0.60 0.34 0.85
20.00 96.75 -112.32 -548.75 209.98 -0.41 -0.42 -0.19 0.81 0.54 0.55 0.46
5.00 4.04 631.82 -410.18 260.90 0.57 0.26 -0.94 0.02 0.53 0.35 0.02
5.00 1.71 313.60 375.50 585.70 -0.06 -0.59 0.17 0.10 0.18 0.15 0.67
28.00 42.92 211.12 421.47 342.38 -0.84 0.36 -0.55 0.70 0.10 0.26 0.10
11.00 4.01 10.08 253.00 725.82 0.72 -0.11 -0.83 0.04 0.75 0.95 0.05
8.00 18.45 627.06 215.95 -281.19 0.13 -0.27 0.14 0.06 0.52 0.43 0.31
6.00 10.84 407.52 -79.69 -435.56 -0.07 -0.77 -0.41 0.06 0.81 0.18 0.82
6.00 10.22 160.39 457.09 305.47 -0.31 0.62 0.58 0.67 0.20 0.29 0.21
7.00 0.59 230.57 440.37 205.76 -0.02 0.78 0.94 0.03 0.75 0.39 0.71
10.00 18.05 -120.68 265.10 108.72 -0.85 -0.46 0.00 0.94 0.59 0.76 0.81
5.00 2.19 400.93 103.28 476.23 0.70 0.64 0.54 0.68 0.36 0.52 0.83
7.00 13.73 581.53 -293.28 -457.99 0.14 0.66 -0.09 0.62 0.05 0.60 0.13
13.00 34.20 -325.54 -678.30 258.95 0.93 -0.01 0.91 0.25 0.63 0.88 0.16
7.00 7.56 448.13 133.93 -524.09 0.37 0.50 0.75 0.31 0.52 0.56 0.66
6.00 10.57 591.19 95.88 -401.40 -0.24 -0.97 -0.39 0.33 0.29 0.84 0.20
13.00 42.16 -789.36 -22.16 98.09 -0.26 0.64 -0.76 0.17 0.97 0.47 0.88
5.00 4.37 -36.11 -343.37 -582.17 0.01 0.34 -0.65 0.14 0.27 0.26 0.62
6.00 5.30 300.48 255.62 121.37 0.42 0.58 -0.30 0.35 0.73 0.82 0.31
13.00 28.40 50.98 -748.48 -87.59 0.39 0.14 0.76 0.13 0.29 0.30 0.41
17.00 75.55 468.73 -32.37 494.68 -0.06 0.38 0.85 0.56 0.53 0.12 0.33
7.00 8.34 -374.81 367.03 450.52 0.70 -0.54 -0.82 0.12 0.48 0.79 0.21
8.00 18.81 -285.85 -460.44 -208.42 -0.83 -0.29 0.34 0.02 0.44 0.50 0.57
6.00 4.93 -413.07 213.79 -150.59 -0.25 -0.81 -0.37 0.06 0.11 0.65 0.94
11.00 27.77 -103.53 397.33 -554.29 0.58 -0.07 -0.82 0.43 0.11 0.95 0.45
5.00 7.65 188.05 -46.67 170.59 0.53 -0.36 0.44 0.77 0.41 0.14 0.95
7.00 7.49 222.51 -211.04 -578.45 -0.55 -0.17 -0.78 0.20 0.48 0.29 0.23
28.00 35.81 -175.76 -237.93 642.83 -0.74 0.30 0.27 0.67 0.89 0.82 0.37
22.00 126.01 -232.25 356.24 -187.59 -0.27 -0.52 0.06 0.79 0.35 0.62 0.14
9.00 16.44 353.47 -129.73 215.67 -0.72 0.07 -0.42 0.43 0.11 1.00 0.99
8.00 6.83 140.03 -37.40 511.96 -0.66 0.97 0.94 0.93 0.55 0.53 0.70
13.00 51.54 -274.54 573.46 -321.74 0.26 -0.11 0.24 0.39 0.25 0.85 0.27
8.00 9.83 -436.67 92.97 -516.27 -0.69 -0.49 -0.23 0.69 0.92 0.09 0.10
7.00 5.32 -245.78 599.07 -432.15 0.18 -0.33 -0.96 0.56 0.84 0.14 0.03
8.00 3.54 124.71 72.25 -129.78 0.05 -0.44 -0.98 0.70 0.89 0.53 0.35
9.00 14.90 -338.16 575.64 -79.87 0.68 -0.79 0.09 0.37 0.18 0.81 0.68
15.00 31.67 -476.77 290.82 143.92 -0.51 0.44 -0.98 0.43 0.14 0.85 0.18
8.00 5.02 -221.09 -391.48 -561.77 -0.06 -0.04 -0.80 0.18 0.58 0.57 0.34
7.00 6.11 575.86 418.88 -243.99 -0.55 0.30 -0.48 0.02 0.24 0.31 0.52
9.00 12.78 221.66 -72.17 236.46 -0.52 -0.35 -0.52 0.75 0.48 0.45 0.97
7.00 4.01 537.17 -188.64 429.85 0.60 0.03 0.28 0.39 0.97 0.64 0.97
14.00 45.28 -96.03 692.81 349.09 0.37 -0.85 0.50 0.90 0.94 0.89 0.13
5.00 2.90 42.06 -132.92 112.62 -0.94 -0.99 0.60 0.47 0.80 0.08 0.60
11.00 9.86 602.22 278.14 41.78 -0.76 -0.18 -0.52 0.89 0.38 0.40 0.21
16.00 20.22 -309.26 -85.17 529.34 0.43 -0.84 0.10 0.52 0.42 0.49 0.77
11.00 23.92 533.17 -9.39 204.59 0.57 0.13 0.39 0.63 0.15 0.32 0.70
5.00 4.07 103.42 679.50 -349.84 -0.77 0.03 1.00 0.25 0.70 0.04 0.77
5.00 1.35 -100.57 106.77 -407.49 -0.33 -0.92 0.76 0.85 0.41 0.62 0.33
25.00 81.22 -448.91 -173.30 523.88 0.18 0.13 -0.93 0.14 0.64 0.46 0.80
11.00 33.90 -166.46 475.20 -72.46 0.13 -0.46 -0.46 0.13 0.61 0.38 0.54
17.00 16.39 70.06 -444.66 603.63 0.20 0.49 0.18 0.81 0.74 0.44 0.76
12.00 42.60 -445.71 525.82 144.82 0.54 -0.55 0.41 1.00 0.41 0.77 0.04
11.00 35.95 -465.99 -74.01 428.76 -0.16 0.70 -0.88 0.90 0.57 0.19 0.01
8.00 1.71 170.58 -450.18 169.25 1.00 0.49 -0.90 0.50 0.46 0.74 0.60
13.00 24.11 126.93 226.62 106.72 0.94 0.81 0.50 0.67 0.89 0.57 0.74
21.00 42.38 -308.25 -123.93 268.32 -0.14 -0.53 -0.45 0.05 0.75 0.58 0.20
8.00 1.66 687.06 174.88 348.29 -0.05 -0.28 -0.98 0.94 0.85 0.04 0.24
13.00 30.10 -165.45 -627.73 -291.95 0.35 0.54 -0.74 0.46 0.51 0.23 0.26
17.00 6.44 -575.75 -134.95 -29.93 -0.31 0.17 0.48 0.24 0.07 0.84 0.59
14.00 17.94 318.46 -84.66 -590.45 -0.22 0.48 0.84 0.44 0.41 0.19 0.66
6.00 0.36 142.20 -397.02 -525.66 -0.66 -0.99 0.20 0.01 0.09 0.09 0.64
9.00 19.10 248.40 -21.74 -102.45 -0.20 0.25 -0.22 0.22 0.26 0.20 0.61
7.00 11.67 -424.12 -175.24 -33.82 0.23 0.31 0.09 0.54 0.19 0.15 0.87
13.00 38.71 -261.28 323.94 372.66 0.28 0.75 -0.40 0.97 0.40 0.69 0.81
7.00 4.72 -18.29 337.93 -380.08 -0.51 0.28 -0.48 0.23 0.84 0.03 0.72
15.00 8.77 -155.64 291.06 -720.77 0.91 0.69 -0.95 0.99 0.22 0.46 0.09
6.00 9.62 -46.13 107.62 -179.97 0.18 0.65 -0.25 0.43 0.94 0.27 0.47
11.00 29.85 59.11 -227.08 -32.71 -0.36 0.22 -0.55 0.20 0.87 0.57 0.26
30.00 154.99 580.29 179.77 -114.00 0.20 0.64 0.70 0.53 0.28 0.32 0.78
22.00 81.74 -63.64 378.52 -682.09 -0.54 0.06 -0.14 0.26 0.84 0.02 0.82
5.00 4.88 390.21 -153.62 -316.08 -0.85 0.69 0.98 0.33 0.45 0.18 0.66
7.00 9.38 -14.54 -97.64 758.00 0.40 -0.74 0.19 0.06 0.44 0.82 0.60
8.00 9.20 271.60 57.66 -432.09 0.19 -0.50 -0.23 0.90 0.64 0.58 0.49
14.00 18.39 312.22 243.41 372.14 -0.28 0.58 -0.70 0.29 0.81 0.06 0.83
7.00 0.12 -84.36 758.53 0.82 -0.90 0.49 -0.32 0.73 0.17 0.68 0.26
11.00 17.04 -581.10 -105.50 519.16 0.58 -0.75 0.72 0.37 0.09 0.61 0.74
22.00 15.76 -381.19 -444.01 202.76 -0.22 -0.35 -0.60 0.50 0.19 0.03 0.89
9.00 12.57 -604.18 -146.93 409.24 -0.69 -0.13 -0.50 0.06 0.21 0.97 0.76
11.00 11.44 676.47 -238.20 -115.49 0.71 -0.26 0.72 0.80 0.38 0.94 0.96
12.00 27.58 -44.95 43.10 673.59 0.84 -0.83 -0.33 0.10 0.67 0.45 0.79
17.00 35.80 -348.49 -207.68 112.77 0.27 -0.95 -0.43 0.39 0.81 0.93 0.99
8.00 18.15 651.11 371.09 140.53 0.68 -0.38 0.45 0.36 0.03 0.02 0.17
6.00 1.83 -212.98 -74.65 13.16 -0.51 0.02 0.73 0.29 0.02 0.11 0.20
8.00 0.68 -90.42 -119.74 -410.67 0.32 -0.99 -0.02 0.32 0.21 0.89 0.94
9.00 20.47 56.56 -511.06 -117.63 0.13 0.67 0.75 0.75 0.10 0.94 0.53
5.00 5.73 86.54 -175.73 191.13 0.18 -0.73 -0.28 0.01 0.25 0.27 0.94
8.00 19.90 -141.47 -526.47 -452.94 0.35 -0.25 -0.26 0.12 0.52 0.58 0.25
9.00 23.16 -67.18 776.20 -35.68 -0.22 0.74 0.26 0.04 0.61 0.37 0.80
6.00 0.97 -150.38 379.62 -143.44 0.48 0.25 0.34 0.35 0.40 0.58 0.18
10.00 11.50 -173.94 237.14 -501.58 -0.92 -0.56 -0.24 0.05 0.15 0.53 0.75
5.00 3.78 683.54 -79.23 282.62 -0.94 -0.50 0.40 0.59 0.76 0.29 0.06
9.00 21.43 -377.93 -406.04 -571.91 -0.97 0.23 -0.14 0.15 0.35 0.58 0.63
6.00 2.81 324.01 637.63 10.80 -0.52 -0.51 0.02 0.57 0.20 0.81 0.58
30.00 212.98 182.65 -431.39 564.55 -0.98 0.80 0.94 0.02 0.01 0.52 0.18
10.00 19.32 -481.48 -153.36 -384.27 -0.12 -0.55 -0.25 0.63 0.55 0.03 0.08
7.00 3.04 -524.01 373.15 -343.74 0.78 -0.13 0.06 0.14 0.53 0.39 0.85
20.00 56.06 90.47 258.48 -471.65 -0.88 0.50 -0.66 0.40 0.44 0.96 0.57
20.00 62.89 456.96 226.29 134.27 -0.14 -0.82 0.33 0.97 0.93 0.47 0.56
5.00 2.60 -401.24 -230.96 628.96 0.02 -0.09 0.57 0.93 0.31 0.13 0.05
20.00 3.10 290.28 564.91 -253.92 -0.14 0.61 -0.20 0.74 0.28 0.90 0.25
10.00 23.66 -414.37 399.14 243.33 0.77 -0.01 0.05 0.30 0.46 0.73 0.49
7.00 10.37 220.21 32.81 -592.78 -0.54 0.56 -0.73 0.66 0.45 0.45 0.93
11.00 0.79 -102.94 -554.73 -338.31 -0.93 -0.96 -0.21 0.95 0.32 0.57 0.97
7.00 3.61 -54.10 403.01 -300.10 -0.99 -0.74 -0.49 0.44 0.03 0.37 0.09
11.00 6.52 94.53 -199.40 671.21 -0.64 -0.29 0.88 0.97 0.19 0.73 0.70
5.00 7.22 -300.37 367.58 -231.85 -0.01 -0.12 0.42 0.37 0.73 0.94 0.32
18.00 11.21 558.22 539.61 -172.27 -0.98 -0.56 -0.13 0.68 0.01 0.77 0.49
15.00 22.24 -60.21 731.46 126.06 -0.62 0.23 0.09 0.19 0.06 0.25 0.22
35.00 215.35 -458.59 223.40 -368.70 0.52 -0.62 -0.45 0.02 0.33 0.21 0.07
5.00 7.32 155.03 375.59 536.28 -0.68 0.48 -0.52 0.43 0.07 0.07 0.50
6.00 8.23 -101.87 -569.20 239.90 0.31 0.94 0.22 0.27 0.57 0.72 0.14
15.00 13.68 -454.49 79.05 -83.22 -0.56 0.66 -0.18 0.38 0.44 0.82 0.87
5.00 2.33 117.45 531.19 503.46 0.05 -0.04 0.46 0.58 0.08 0.64 0.37
9.00 3.86 60.54 596.49 -361.65 -0.86 -0.97 -0.34 0.58 0.05 0.05 0.24
6.00 4.53 -450.80 97.46 -418.92 0.86 0.34 -0.71 0.94 0.69 0.71 0.61
15.00 30.72 -158.73 -495.51 41.00 -0.87 -0.79 0.69 0.81 0.47 0.33 0.96
10.00 25.42 338.27 245.06 512.01 -0.71 0.38 -0.17 0.80 0.15 0.56 0.88
15.00 11.19 -711.08 345.44 -121.99 -0.40 0.88 0.33 0.65 0.07 0.33 0.23
6.00 7.93 -387.15 20.10 115.58 -0.31 0.92 -0.60 0.85 0.78 0.57 0.34
8.00 7.02 -587.90 -39.79 70.84 0.30 0.67 -0.54 0.30 0.15 0.45 0.29
20.00 98.65 -160.06 -552.81 417.48 0.30 0.69 0.47 0.16 0.55 0.91 0.84
22.00 20.83 37.40 218.73 570.25 -0.77 -0.61 0.99 0.17 0.41 0.02 0.49
5.00 5.29 -234.95 561.12 437.84 -0.82 -0.19 0.42 0.82 0.61 0.08 0.96
12.00 17.67 301.81 716.93 136.78 0.65 0.88 0.12 0.26 0.46 0.65 0.31
7.00 9.78 -186.16 402.58 538.94 -0.74 -0.83 -0.96 0.46 0.30 0.99 0.13
16.00 18.78 152.12 710.39 -230.32 -0.98 -0.66 -0.44 0.94 0.33 0.28 0.18
11.00 32.91 -356.48 29.32 167.11 -0.51 0.37 -0.29 0.48 0.19 0.53 0.53
12.00 13.40 -312.03 -352.03 139.66 -0.31 -0.52 -0.66 0.41 0.23 0.12 0.71
8.00 7.03 -556.63 523.19 -13.61 -0.17 0.07 0.68 0.40 0.14 0.89 0.51
6.00 0.57 140.14 360.65 -164.36 0.74 0.87 -0.77 0.79 0.55 0.08 0.01
12.00 9.59 -40.79 145.10 -730.50 -0.17 0.16 0.86 0.35 0.40 0.78 0.06
5.00 7.28 -558.54 154.36 147.23 -0.33 -0.11 -0.73 0.95 0.70 0.90 0.62
10.00 7.95 26.22 60.78 257.14 0.71 -0.78 -0.97 0.73 0.23 0.41 0.35
11.00 0.14 160.68 366.80 -434.28 0.46 0.90 0.13 0.82 0.80 0.42 0.89
7.00 5.03 -596.20 -60.50 332.66 -0.22 0.49 -0.76 0.00 0.66 0.50 0.12
7.00 10.64 -3.19 -595.63 -292.75 0.47 0.47 0.55 0.53 0.72 0.58 0.05
10.00 3.56 390.74 30.77 -359.99 0.55 0.81 -0.34 0.92 0.31 0.50 0.03
15.00 41.71 -270.18 442.51 -538.15 0.15 0.48 0.88 0.74 0.22 0.16 0.32
7.00 12.12 -421.97 -213.04 561.71 0.34 0.37 0.23 0.14 0.12 0.45 0.91
12.00 20.82 -398.71 -94.42 525.24 0.78 -0.24 -0.53 0.46 0.39 0.01 0.81
14.00 57.44 410.44 420.34 385.15 0.22 0.71 -0.73 0.62 0.77 0.84 0.31
12.00 11.83 -302.94 -91.35 -200.61 0.49 -0.95 -0.25 0.42 0.86 0.46 0.88
9.00 3.07 -83.35 751.37 77.18 0.11 -0.23 -0.47 0.36 0.76 0.45 0.22
23.00 93.74 -71.13 144.36 -762.22 -0.73 0.82 -0.25 0.87 0.54 0.15 0.85
16.00 0.16 -465.20 -456.82 292.14 0.97 -0.28 0.44 0.98 0.78 0.57 0.59
7.00 9.69 98.14 761.34 129.03 0.59 0.81 0.39 0.07 0.04 0.55 0.03
30.00 245.70 -495.69 -458.36 406.06 -0.23 0.78 -0.05 0.39 0.74 0.76 0.74
6.00 1.60 -80.57 -357.90 -49.37 0.12 -0.19 0.51 0.07 0.56 0.92 0.58
13.00 33.42 -211.11 25.77 -233.68 -0.94 0.68 0.75 0.55 0.32 0.22 0.39
19.00 55.63 -572.66 65.88 -389.53 -0.10 -1.00 0.86 0.73 0.29 0.62 0.92
17.00 4.90 -463.83 546.49 25.95 -0.60 -0.06 0.22 0.59 0.15 0.11 0.07
24.00 64.66 18.94 -372.93 278.28 0.86 -0.10 0.58 0.30 0.98 0.59 0.05
9.00 8.13 -297.86 284.64 -161.18 0.74 0.59 -0.14 0.79 0.92 0.34 0.91
7.00 10.85 -189.25 88.45 63.66 0.59 0.44 -0.21 0.26 0.48 0.19 0.84
7.00 14.93 64.69 707.25 -203.25 -0.21 -0.86 0.51 0.83 0.30 0.26 0.98
6.00 7.38 -492.11 114.38 535.94 -0.54 -0.80 0.43 0.52 0.15 0.52 0.73
12.00 22.63 203.07 697.04 -58.59 -0.13 -0.78 0.46 0.79 0.39 0.47 0.68
7.00 15.10 451.27 -234.95 -571.81 -0.96 -0.16 -0.57 0.79 0.07 0.25 0.15
11.00 2.87 -289.62 365.76 436.72 0.07 0.93 -0.49 0.26 0.59 0.50 0.39
6.00 2.35 -115.36 452.67 306.17 0.62 -0.33 -0.85 0.84 0.58 0.03 0.64
5.00 1.93 -168.45 614.73 -93.18 -0.73 0.43 -0.88 0.89 0.62 0.48 0.61
14.00 52.40 -368.51 -377.62 84.93 -0.03 0.46 0.29 0.62 1.00 0.14 0.30
11.00 25.46 -237.24 -256.83 561.29 0.42 0.28 -0.81 0.30 0.07 0.26 0.16
9.00 6.54 -173.50 -625.34 65.88 0.36 0.27 0.81 0.30 0.17 0.03 0.08
13.00 38.37 -272.38 9.88 464.48 0.47 -0.88 -0.86 0.03 0.31 0.90 0.95
7.00 0.92 -524.87 -305.22 104.08 -0.78 0.75 0.68 0.37 0.27 0.33 0.12
17.00 83.24 -324.23 711.36 109.41 0.77 -0.99 -0.20 0.42 0.05 0.55 0.19
8.00 3.52 -309.84 -342.60 330.52 0.52 -0.68 0.14 0.17 0.98 0.74 0.36
6.00 7.46 -71.41 59.55 -208.02 0.48 -0.62 0.58 0.35 0.92 0.17 0.86
18.00 68.55 256.71 260.78 142.12 -0.67 -0.19 0.73 0.06 0.36 0.90 0.83
12.00 12.50 578.37 278.39 97.50 -0.69 -0.52 -0.15 0.57 0.22 1.00 0.63
14.00 50.91 386.30 349.40 387.10 0.54 -0.58 0.42 0.98 0.35 0.28 0.41
28.00 84.45 55.07 -318.25 443.39 -0.44 -0.83 -0.91 0.34 0.74 0.37 0.60
9.00 18.42 -356.67 401.18 417.39 0.55 0.37 -0.82 0.42 0.16 0.64 0.70
21.00 98.29 52.92 -614.43 402.65 -0.02 -0.83 -0.18 0.19 0.05 0.85 0.91
10.00 16.50 73.49 -553.10 321.12 -0.51 0.46 0.81 0.10 0.24 0.30 0.77
21.00 125.90 97.00 113.14 666.08 -0.77 0.41 -0.80 0.10 0.99 0.59 0.33
7.00 13.40 105.43 661.21 58.52 0.48 0.72 0.70 0.44 0.72 0.11 0.77
10.00 19.88 -255.98 603.80 56.81 -0.42 -0.67 -0.14 0.43 0.86 0.67 0.07
26.00 105.20 115.08 427.20 -364.87 -0.61 0.56 0.47 0.29 0.53 0.25 0.66
6.00 4.37 524.20 59.21 4.93 0.82 -0.45 0.54 0.13 0.30 0.00 0.77
10.00 11.42 -161.15 -231.37 716.72 -0.81 1.00 0.28 0.03 0.23 0.74 0.50
7.00 3.30 122.55 -391.84 148.75 0.45 -0.70 0.02 0.37 0.36 0.94 0.26
10.00 31.03 26.95 256.04 562.20 0.30 -0.56 0.53 0.48 0.25 0.39 0.27
6.00 1.94 -421.20 -357.90 403.11 0.67 -0.24 0.91 0.97 0.99 0.62 0.42
15.00 39.43 170.16 179.13 -102.75 -0.42 -0.98 -0.98 0.40 0.11 0.51 0.18
18.00 82.31 -282.19 -24.30 443.02 -0.21 0.13 -0.68 0.95 0.21 0.26 0.73
26.00 149.60 -726.58 195.77 -155.56 -0.84 -0.79 -0.89 0.52 0.09 0.39 0.03
12.00 20.81 -48.64 181.40 183.08 -0.46 -0.82 0.08 0.43 0.06 0.50 0.55
9.00 17.52 438.83 281.03 248.40 -0.35 -0.76 0.31 0.72 0.13 0.67 0.91
12.00 18.04 176.68 -32.55 -596.71 0.62 0.85 -0.95 0.98 0.58 0.18 0.27
10.00 16.64 79.49 179.85 91.25 -0.38 -0.30 -0.82 0.66 0.77 0.14 0.09
18.00 101.81 59.11 611.32 -140.33 -0.50 0.33 -0.92 0.84 0.87 0.80 0.52
12.00 41.09 50.53 338.21 -206.49 0.63 -0.05 0.68 0.84 0.60 0.90 0.63
11.00 0.25 -582.07 80.95 84.90 0.70 0.24 0.68 0.30 0.50 0.58 0.23
15.00 69.43 -775.88 -96.79 99.16 -0.17 -1.00 -0.93 0.14 0.07 0.75 0.50
5.00 5.02 -497.07 -126.92 -252.38 -0.74 -0.59 0.17 0.76 0.06 0.05 0.62
11.00 30.41 -510.77 336.06 -41.08 0.80 -0.73 -0.49 0.86 0.47 0.02 0.21
5.00 0.76 -5.23 -480.94 -535.69 0.05 -0.69 0.92 0.44 0.25 0.35 0.86
30.00 153.07 461.92 510.56 -367.60 -0.03 0.34 -0.08 0.62 0.86 0.61 0.56
11.00 5.45 192.63 142.93 717.08 -0.83 0.61 -0.17 0.02 0.41 0.10 0.72
5.00 5.64 413.96 414.55 -316.95 -0.62 0.68 0.54 0.75 0.48 0.65 0.21
8.00 0.88 310.48 -296.26 593.39 0.72 0.84 0.01 0.84 0.26 0.10 0.55
8.00 13.19 -411.09 -286.74 -620.83 -0.90 -0.21 0.12 0.18 0.34 0.17 0.01
5.00 3.14 -123.88 -419.96 74.61 0.13 0.95 0.08 0.35 0.64 0.10 0.43
16.00 76.94 171.13 649.14 -152.13 -0.02 0.59 0.26 0.01 0.91 0.55 0.38
7.00 6.49 177.74 641.57 -203.33 0.85 -0.56 -0.34 0.98 0.69 0.85 0.71
11.00 22.17 10.32 -7.91 -20.20 0.17 -0.23 -0.52 0.76 0.59 0.95 0.31
8.00 19.08 -677.72 -207.90 64.98 -0.81 -0.39 0.77 0.07 0.50 0.12 0.59
6.00 1.66 583.27 369.45 30.83 0.83 0.88 0.53 0.82 0.17 0.74 0.91
8.00 7.60 -90.70 -702.88 -103.27 -0.02 -0.96 -0.30 0.85 0.68 0.92 0.48
15.00 25.94 121.81 431.87 446.47 -0.37 -0.58 -0.98 0.34 0.07 0.08 0.01
5.00 3.31 95.46 -116.45 469.97 -0.35 -0.61 -0.06 0.85 0.02 0.64 0.53
6.00 1.30 249.73 103.62 658.96 0.05 -1.00 0.08 0.24 0.30 0.98 0.87
14.00 33.46 -340.29 -258.35 166.88 -0.44 0.00 -0.45 0.59 0.90 0.36 0.87
8.00 6.28 131.43 -501.84 236.22 -0.12 -0.20 -0.44 0.93 0.08 0.03 0.80
8.00 2.59 134.88 -387.87 -147.48 -0.74 0.83 0.70 0.98 0.35 0.92 0.98
5.00 5.66 275.88 193.33 218.94 -0.56 -0.18 0.53 0.18 0.24 0.65 0.58
6.00 2.04 -592.93 -239.68 421.66 0.63 0.84 0.30 0.31 0.66 0.82 0.58
15.00 16.29 -91.50 -338.22 -481.83 -0.36 0.87 -0.92 0.45 0.15 0.82 0.55
16.00 33.64 -377.10 -322.96 -128.41 0.86 -0.40 0.74 0.10 0.91 0.13 0.33
16.00 12.66 -55.11 -542.90 521.65 0.90 -0.50 0.41 0.43 0.86 0.40 0.61
14.00 45.50 250.77 -99.60 741.60 -0.82 -0.37 0.60 0.98 0.36 0.13 0.81
8.00 1.39 360.71 158.37 -582.01 -0.16 -0.34 -0.85 0.25 0.03 0.28 0.82
8.00 3.26 -431.02 -317.34 63.77 0.98 -0.68 0.69 0.45 0.08 0.60 0.43
9.00 18.62 607.97 314.02 -381.68 -0.16 -0.48 -0.61 0.10 0.13 0.08 0.01
13.00 49.76 -229.45 -260.32 98.76 -0.36 0.12 -0.94 0.44 0.02 0.94 0.46
12.00 43.44 390.43 367.96 197.84 0.75 0.97 -0.66 0.01 0.20 0.78 0.37
20.00 55.46 -364.02 334.05 -565.14 0.22 0.01 0.34 0.57 0.55 0.53 0.42
13.00 7.71 -168.72 52.41 -518.32 -0.56 -0.58 0.80 0.02 0.69 0.03 0.90
5.00 0.76 153.06 33.96 57.62 0.24 0.38 0.38 0.18 0.61 0.66 0.22
6.00 9.81 15.10 612.08 213.30 -0.77 0.96 -0.55 0.36 0.12 0.43 0.61
5.00 4.66 612.54 184.03 201.09 0.69 -0.81 -0.92 0.96 0.37 0.68 0.60
9.00 17.00 -53.85 -77.39 -320.19 -0.88 -0.34 -0.61 0.05 0.04 0.03 0.07
8.00 17.41 259.77 200.12 46.10 -0.37 0.39 -0.20 0.04 0.68 0.06 0.24
14.00 18.02 17.78 -400.30 -541.46 -0.81 0.69 0.43 0.19 0.51 0.56 0.87
17.00 52.65 -158.36 -439.48 11.31 -0.82 -0.91 0.81 0.23 0.14 0.56 0.93
24.00 111.79 -147.31 453.17 271.48 0.87 -0.11 -0.54 0.22 0.36 0.22 0.30
5.00 6.56 427.00 112.33 -347.26 -0.20 -0.35 0.89 0.21 0.98 0.90 0.04
11.00 16.87 -17.63 -57.31 383.14 0.01 0.42 -0.96 0.07 0.01 0.95 0.01
7.00 13.47 138.33 497.33 -235.73 -0.50 0.26 0.51 0.03 0.21 0.54 0.09
8.00 12.71 329.05 230.77 306.42 0.94 0.21 0.86 0.84 0.44 0.73 0.20
5.00 1.66 67.40 -89.12 160.03 -0.67 -0.10 -0.80 0.67 0.05 0.17 0.19
7.00 0.85 285.78 -106.41 -364.84 0.24 -0.76 0.14 0.83 0.10 0.10 0.70
10.00 24.77 -247.91 570.66 -439.01 0.53 0.67 -0.34 0.33 0.26 0.91 0.60
5.00 7.12 -372.98 249.84 321.56 -0.04 0.14 -0.84 0.78 0.61 0.09 0.91
6.00 9.72 664.23 319.25 275.91 0.83 -0.51 0.48 0.98 0.56 0.38 0.44
15.00 33.01 -372.96 -582.63 299.79 0.17 -0.27 0.09 0.87 0.59 0.12 0.22
17.00 49.65 253.53 -299.15 695.00 -0.94 0.20 -0.82 0.07 0.29 0.85 0.21
19.00 61.75 198.54 -238.30 -112.66 -0.92 -0.56 -0.90 0.50 0.64 0.17 0.37
15.00 14.44 -464.01 263.67 233.40 0.19 0.32 -0.41 0.79 0.28 0.43 0.40
5.00 7.36 11.26 -94.73 234.38 0.61 0.02 0.56 0.08 0.70 0.06 0.73
14.00 7.96 -55.95 108.63 106.81 0.23 0.35 0.52 0.31 0.23 0.02 0.18
5.00 6.62 458.96 -312.12 -433.32 -0.62 0.81 -0.45 0.22 0.58 0.16 0.85
8.00 13.18 -705.88 178.21 56.12 -0.26 0.75 0.12 0.67 0.39 0.88 0.64
8.00 18.82 274.88 -34.47 -121.16 0.74 -0.74 -0.93 0.88 0.60 0.09 0.06
11.00 7.50 -172.72 -622.72 -39.07 0.68 0.08 -0.87 0.73 0.12 0.05 0.06
15.00 48.83 148.58 592.70 183.04 0.67 -0.21 0.08 0.03 0.00 0.17 0.87
9.00 18.34 -92.40 -101.04 182.50 0.07 -0.69 0.61 0.81 0.07 0.34 0.98
29.00 138.32 -481.54 84.16 -159.75 -0.76 0.29 0.90 0.22 0.74 0.36 0.15
5.00 3.41 719.25 -7.22 -220.09 -0.14 -0.45 -0.02 0.09 0.87 0.46 0.75
7.00 4.71 516.11 -406.24 384.94 -0.90 -0.54 0.81 0.29 0.24 0.34 0.98
15.00 67.60 519.11 277.84 292.30 -0.22 -0.91 0.31 0.43 0.41 0.83 0.16
19.00 63.63 -224.05 -296.68 -85.79 -0.74 -0.24 0.16 0.37 0.38 0.20 0.12
14.00 35.53 -542.39 -24.10 221.99 -0.08 0.42 -0.13 0.03 0.34 0.67 0.29
7.00 13.34 -339.39 175.28 -186.23 -0.04 -0.78 -0.97 0.94 0.05 0.74 0.19
5.00 0.20 -284.98 215.09 450.40 0.14 -0.69 -0.90 0.79 0.36 0.97 0.62
5.00 0.21 -587.08 -402.73 -27.85 -0.55 -0.12 -0.10 0.20 0.67 0.81 0.68
13.00 49.37 623.75 -277.22 -287.50 -0.52 0.07 -0.03 0.18 0.75 0.92 0.42
5.00 1.27 -366.89 -658.50 204.70 -0.23 0.92 -0.90 0.01 0.82 0.40 0.33
5.00 5.76 -16.98 179.56 -534.87 -0.69 0.87 -0.83 0.59 0.26 0.36 0.72
11.00 28.42 -579.27 -163.61 -310.09 -0.23 -0.55 -0.46 0.57 0.53 0.88 0.98
18.00 72.64 -213.71 -194.21 209.99 -0.40 0.45 -0.10 0.62 0.42 0.01 0.78
13.00 51.81 -209.30 358.97 594.06 -0.12 0.94 0.82 0.15 0.93 0.60 0.62
7.00 7.33 -284.37 432.65 -156.41 0.08 0.79 -0.90 0.59 0.95 0.56 0.92
12.00 34.01 -1.01 -303.81 -7.31 -0.78 -0.46 -0.84 0.42 0.77 0.56 0.51
7.00 9.93 65.80 166.63 -199.06 -0.87 -0.94 -0.09 0.25 0.21 0.88 0.56
24.00 5.92 -226.68 189.49 0.53 -0.58 -0.70 -0.21 0.05 0.42 0.85 0.69
15.00 40.72 764.40 -23.57 30.47 -0.71 0.26 0.40 0.34 0.08 0.17 0.66
10.00 6.81 206.11 -450.43 -212.87 -0.62 0.06 0.14 0.66 0.11 0.80 0.26
11.00 15.75 70.96 -567.35 -295.45 -0.53 0.82 0.58 1.00 0.70 0.35 0.37
5.00 3.73 340.49 88.12 245.18 0.51 0.71 0.29 0.70 0.05 0.14 0.19
7.00 12.30 189.95 -166.06 618.98 -0.16 0.84 0.90 0.66 0.49 0.84 0.03
10.00 6.11 58.98 -229.13 565.11 -0.62 0.94 -0.26 0.11 0.67 0.28 0.99
6.00 10.38 18.56 710.98 118.94 0.16 0.89 0.18 0.83 0.02 0.72 0.81
14.00 43.36 -281.40 -184.59 329.50 0.78 0.08 0.11 0.86 0.52 0.27 0.86
29.00 125.90 414.51 90.41 197.51 0.90 0.62 0.78 0.36 0.73 0.29 0.62
6.00 10.38 -19.96 33.79 136.75 0.48 -0.18 -0.37 0.35 0.59 0.21 0.40
7.00 5.89 78.55 73.92 -515.93 -0.19 -0.84 -0.65 0.96 0.38 0.27 0.60
10.00 24.93 391.00 127.15 -157.73 -0.35 0.99 -0.93 0.11 0.55 0.39 0.62
5.00 5.12 -297.86 -7.29 656.00 -0.21 0.18 -0.73 0.63 0.04 0.73 0.58
7.00 6.06 -608.04 -202.17 -228.94 0.96 -0.57 0.81 0.19 0.71 0.99 1.00
22.00 145.29 -635.01 470.43 -2.29 0.38 0.02 -0.91 0.84 0.49 0.96 0.78
10.00 1.38 429.00 481.53 -439.45 0.85 0.95 0.27 0.83 0.67 0.05 0.15
8.00 11.94 -375.14 -219.59 358.29 -0.05 0.43 0.99 0.58 0.61 0.16 0.29
6.00 3.66 399.85 249.20 -605.21 0.96 0.86 0.65 0.65 0.66 0.02 0.04
14.00 61.60 -709.82 -19.70 124.44 -0.74 0.81 -0.32 0.46 0.72 0.44 0.62
27.00 144.27 462.78 -32.65 111.32 -0.97 0.99 -0.35 0.92 0.10 0.99 0.87
9.00 3.36 -285.86 165.15 436.08 0.40 -0.15 0.11 0.91 0.71 0.56 0.89
6.00 8.17 -167.12 -196.72 555.44 0.82 0.74 -0.92 0.21 0.82 0.69 0.74
17.00 55.70 358.45 500.52 14.32 -0.49 0.12 -0.17 0.21 0.90 0.78 0.30
9.00 3.75 -441.98 -481.75 364.94 0.22 -0.40 -0.61 0.73 0.46 0.52 0.47
10.00 0.06 166.15 677.31 -57.65 -0.26 0.78 0.65 0.44 0.47 0.31 0.94
24.00 13.27 -176.32 -705.21 -127.19 -0.16 0.77 0.07 0.16 0.48 0.48 0.75
15.00 13.35 -372.38 -227.13 90.87 -0.80 0.37 0.19 0.44 0.47 0.33 0.18
9.00 19.84 -198.57 131.88 73.10 -0.07 -0.08 0.65 0.89 0.49 0.88 0.62
17.00 61.17 -214.06 442.55 -189.47 -0.36 0.06 0.34 0.90 0.31 0.63 0.72
10.00 23.03 -521.41 -475.02 335.00 -0.78 -0.06 -0.64 0.15 0.17 0.43 0.02
6.00 1.16 -212.73 -460.66 -426.39 0.39 -0.21 -0.21 0.91 0.54 0.39 0.65
26.00 104.06 659.39 -136.99 -422.43 -0.40 -0.92 0.25 0.56 0.21 0.02 0.87
31.00 11.79 -120.55 -10.83 -573.21 0.92 -0.17 0.89 0.72 0.27 0.66 0.63
8.00 10.02 -33.47 599.59 -386.06 -0.92 -0.15 -0.77 0.78 0.65 0.68 0.52
6.00 4.18 -360.59 -22.30 -91.10 -0.77 -0.65 0.95 0.37 0.49 0.93 0.65
6.00 4.97 574.00 -295.27 265.14 0.11 -0.86 0.51 0.73 0.78 0.03 0.36
36.00 355.89 547.09 33.77 391.84 0.01 0.55 0.01 0.53 0.10 0.63 0.13
17.00 54.18 -713.03 -6.98 281.62 -0.63 0.02 0.12 0.08 0.37 0.67 0.40
12.00 9.84 -133.99 297.65 178.99 0.97 -0.06 0.40 0.69 0.61 0.51 0.69
11.00 31.13 422.15 252.58 -537.61 -0.47 -0.37 0.46 0.38 0.91 0.59 0.32
5.00 2.05 -402.10 -118.27 469.34 0.53 -0.92 0.33 0.17 0.46 0.08 0.20
22.00 11.94 27.25 -360.30 -334.98 0.09 -0.09 0.44 0.52 0.21 0.43 0.06
6.00 11.22 -451.63 -364.50 -33.81 -0.54 -0.66 0.39 0.75 0.64 0.24 0.90
19.00 86.35 -57.46 126.67 6.15 0.38 0.97 0.25 0.84 0.16 0.25 0.23
21.00 19.00 385.04 144.87 678.01 -0.08 -0.99 -0.63 0.33 0.28 0.74 0.91
7.00 14.42 -570.30 -357.29 421.05 0.34 -0.20 -0.31 0.55 0.41 0.47 0.38
7.00 12.35 195.09 -26.11 -234.88 -0.01 -0.94 0.29 0.99 0.20 0.97 0.38
13.00 21.95 14.22 -640.87 470.94 -0.63 0.49 -0.66 0.77 0.70 0.71 0.03
13.00 31.25 50.67 -459.56 581.00 -0.89 -0.65 -0.19 0.85 0.57 0.51 0.30
16.00 73.42 180.52 412.18 -577.40 0.67 -0.07 0.34 0.03 0.23 0.44 0.53
7.00 14.99 42.62 134.47 695.52 0.48 0.44 0.32 0.66 0.84 0.69 0.16
11.00 31.88 277.73 -8.96 -411.74 0.79 -0.32 -0.16 0.20 0.34 0.14 0.78
9.00 1.39 214.86 -369.47 579.24 -0.86 0.76 0.26 0.09 0.43 0.64 0.11
7.00 13.12 412.01 -69.49 -152.07 0.15 0.22 0.18 0.37 0.19 0.05 0.95
25.00 129.24 -301.41 649.16 356.69 0.46 0.08 -0.63 0.92 0.24 0.53 0.32
15.00 58.30 -78.74 -589.27 63.86 -0.47 -0.09 -0.70 0.64 0.46 0.53 0.12
7.00 0.28 -37.51 -443.86 -113.96 -0.40 -0.67 -0.19 0.76 0.20 0.09 0.97
6.00 0.25 -285.13 -400.06 279.51 0.50 -0.47 -0.31 0.77 0.89 0.19 0.35
14.00 24.10 674.76 344.16 247.68 0.13 -0.85 0.23 0.78 0.65 0.81 0.02
12.00 9.82 -252.90 388.83 -39.28 -0.45 -0.53 -0.15 0.36 0.96 0.38 0.73
6.00 7.50 573.45 -94.58 114.76 -0.69 -0.91 -0.80 0.70 0.09 0.74 0.93
23.00 41.22 -49.04 -285.69 446.16 -0.09 0.00 -0.23 0.93 0.18 0.90 0.92
18.00 10.41 122.34 -454.17 304.56 -0.16 -0.85 -0.49 0.72 0.47 0.83 0.69
11.00 16.10 -132.83 215.96 519.30 0.08 0.78 0.65 0.42 0.66 0.98 0.66
28.00 79.31 -358.03 337.57 -310.40 -0.84 0.41 -0.90 0.45 0.79 0.80 0.28
8.00 17.25 195.62 -206.24 143.52 0.20 0.06 0.49 0.69 0.10 0.22 0.66
6.00 7.23 485.89 -124.09 171.23 -0.65 -1.00 -0.11 0.78 0.78 0.13 0.27
20.00 92.08 229.25 93.61 219.20 0.82 0.43 0.02 0.76 0.13 0.62 0.80
15.00 7.42 -76.76 750.71 -170.35 0.28 -0.60 -0.96 0.85 0.49 0.97 0.64
6.00 0.91 -31.96 -575.20 520.64 -0.25 0.36 -0.14 0.77 0.28 0.30 0.78
9.00 5.76 156.02 421.23 -536.15 0.35 -0.16 -0.83 0.48 0.68 0.09 0.31
26.00 155.31 50.70 474.87 -578.45 -0.02 0.32 -0.22 0.70 0.36 0.49 0.50
36.00 251.98 -111.60 -411.83 -629.89 -0.17 -0.61 -0.75 0.29 0.20 0.26 0.56
6.00 1.34 355.65 -589.69 116.90 -0.20 0.56 -0.99 0.89 0.51 0.09 0.95
23.00 133.10 -605.61 260.80 -138.26 -0.73 -0.42 -0.26 0.20 0.84 0.46 0.51
12.00 14.81 -471.20 -259.08 -261.17 -0.45 -0.31 0.30 0.38 0.21 0.38 0.39
9.00 18.89 -393.09 -569.58 -385.38 0.49 -0.49 -0.24 0.82 0.75 0.79 0.44
13.00 49.78 -513.54 45.83 76.98 0.77 0.58 0.76 0.55 0.90 0.45 0.06
10.00 11.04 -49.74 540.97 377.75 -0.32 0.93 -0.10 0.43 0.86 0.43 0.83